# OpenSignals Text File Format
# {"00:07:80:FC:57:23": {"sensor": ["EMG"], "device name": "00:07:80:FC:57:23", "column": ["nSeq", "DI", "bicept"], "sync interval": 2, "time": "12:57:47.130", "comments": "", "device connection": "BTH00:07:80:FC:57:23", "channels": [4], "keywords": "", "convertedValues": 0, "digital IO": [0, 1], "mode": 0, "date": "2018-7-9", "firmware version": 773, "device": "biosignalsplux", "position": 0, "sampling rate": 1000, "label": ["bicept"], "resolution": [16], "forcePlatform values": [0.0, 0.0, 0.0, 0.0, 0.0, 0.0, 0.0, 0.0], "special": [{}]}}
# EndOfHeader
0	0	32805	
1	0	32746	
2	0	32690	
3	0	32671	
4	0	32738	
5	0	32824	
6	0	32711	
7	0	32636	
8	0	32784	
9	0	32847	
10	0	32872	
11	0	32844	
12	0	32812	
13	0	32746	
14	0	32717	
15	0	32802	
16	0	32768	
17	0	32680	
18	0	32722	
19	0	32626	
20	0	32632	
21	0	32573	
22	0	32486	
23	0	32516	
24	0	32517	
25	0	32607	
26	0	32887	
27	0	32981	
28	0	33183	
29	0	33065	
30	0	33016	
31	0	32919	
32	0	32990	
33	0	32834	
34	0	32775	
35	0	32807	
36	0	32808	
37	0	32743	
38	0	32676	
39	0	32711	
40	0	32687	
41	0	32669	
42	0	32644	
43	0	32578	
44	0	32640	
45	0	32706	
46	0	32812	
47	0	32861	
48	0	32849	
49	0	32911	
50	0	32896	
51	0	32821	
52	0	32772	
53	0	32741	
54	0	32719	
55	0	32746	
56	0	32719	
57	0	32742	
58	0	32701	
59	0	32929	
60	0	32972	
61	0	32951	
62	0	32882	
63	0	32798	
64	0	32711	
65	0	32716	
66	0	32775	
67	0	32772	
68	0	32710	
69	0	32751	
70	0	32717	
71	0	32730	
72	0	32844	
73	0	32745	
74	0	32647	
75	0	32641	
76	0	32624	
77	0	32722	
78	0	32997	
79	0	32967	
80	0	32935	
81	0	32844	
82	0	32698	
83	0	32690	
84	0	32719	
85	0	32719	
86	0	32730	
87	0	32662	
88	0	32721	
89	0	32722	
90	0	32754	
91	0	32729	
92	0	32716	
93	0	32826	
94	0	32763	
95	0	32766	
96	0	32735	
97	0	32756	
98	0	32794	
99	0	32673	
100	0	32742	
101	0	32853	
102	0	32790	
103	0	32849	
104	0	32775	
105	0	32756	
106	0	32791	
107	0	32812	
108	0	32820	
109	0	32794	
110	0	32726	
111	0	32692	
112	0	32737	
113	0	32700	
114	0	32676	
115	0	32642	
116	0	32679	
117	0	32875	
118	0	32893	
119	0	32983	
120	0	32946	
121	0	32932	
122	0	32892	
123	0	32805	
124	0	32839	
125	0	32730	
126	0	32742	
127	0	32836	
128	0	32878	
129	0	32911	
130	0	32837	
131	0	32668	
132	0	32589	
133	0	32606	
134	0	32534	
135	0	32460	
136	0	32560	
137	0	32741	
138	0	32775	
139	0	32820	
140	0	32795	
141	0	32768	
142	0	32791	
143	0	32820	
144	0	32845	
145	0	32770	
146	0	32865	
147	0	32871	
148	0	32839	
149	0	32851	
150	0	32770	
151	0	32748	
152	0	32736	
153	0	32775	
154	0	32733	
155	0	32722	
156	0	32769	
157	0	32834	
158	0	32839	
159	0	32847	
160	0	32839	
161	0	32825	
162	0	32756	
163	0	32680	
164	0	32754	
165	0	32822	
166	0	32730	
167	0	32731	
168	0	32768	
169	0	32762	
170	0	32834	
171	0	32760	
172	0	32791	
173	0	32699	
174	0	32711	
175	0	32871	
176	0	32894	
177	0	32929	
178	0	32825	
179	0	32696	
180	0	32647	
181	0	32710	
182	0	32696	
183	0	32680	
184	0	32750	
185	0	32732	
186	0	32682	
187	0	32679	
188	0	32647	
189	0	32745	
190	0	32843	
191	0	33021	
192	0	32964	
193	0	32903	
194	0	32850	
195	0	32746	
196	0	32733	
197	0	32728	
198	0	32751	
199	0	32783	
200	0	32803	
201	0	32740	
202	0	32724	
203	0	32690	
204	0	32733	
205	0	32748	
206	0	32828	
207	0	32834	
208	0	32781	
209	0	32708	
210	0	32808	
211	0	32854	
212	0	32747	
213	0	32703	
214	0	32775	
215	0	32774	
216	0	32809	
217	0	32747	
218	0	32786	
219	0	32755	
220	0	32880	
221	0	32940	
222	0	32861	
223	0	32864	
224	0	32819	
225	0	32802	
226	0	32728	
227	0	32775	
228	0	32711	
229	0	32662	
230	0	32614	
231	0	32575	
232	0	32549	
233	0	32632	
234	0	32647	
235	0	32756	
236	0	32699	
237	0	32701	
238	0	32844	
239	0	32949	
240	0	32940	
241	0	32890	
242	0	32799	
243	0	32767	
244	0	32811	
245	0	32784	
246	0	32742	
247	0	32800	
248	0	32732	
249	0	32694	
250	0	32757	
251	0	32753	
252	0	32863	
253	0	32809	
254	0	32832	
255	0	32837	
256	0	32670	
257	0	32658	
258	0	32775	
259	0	32828	
260	0	32807	
261	0	32671	
262	0	32748	
263	0	32775	
264	0	32905	
265	0	32839	
266	0	32775	
267	0	32790	
268	0	32775	
269	0	32884	
270	0	32933	
271	0	32822	
272	0	32850	
273	0	32751	
274	0	32710	
275	0	32717	
276	0	32754	
277	0	32710	
278	0	32663	
279	0	32671	
280	0	32636	
281	0	32675	
282	0	32684	
283	0	32685	
284	0	32748	
285	0	32829	
286	0	32892	
287	0	32838	
288	0	32763	
289	0	32745	
290	0	32763	
291	0	32758	
292	0	32767	
293	0	32786	
294	0	32837	
295	0	32903	
296	0	32828	
297	0	32739	
298	0	32703	
299	0	32704	
300	0	32804	
301	0	32826	
302	0	32838	
303	0	32837	
304	0	32835	
305	0	32800	
306	0	32755	
307	0	32773	
308	0	32660	
309	0	32765	
310	0	32806	
311	0	32908	
312	0	32832	
313	0	32784	
314	0	32758	
315	0	32642	
316	0	32637	
317	0	32664	
318	0	32740	
319	0	32871	
320	0	32891	
321	0	32888	
322	0	32816	
323	0	32807	
324	0	32775	
325	0	32794	
326	0	32743	
327	0	32653	
328	0	32676	
329	0	32639	
330	0	32669	
331	0	32656	
332	0	32670	
333	0	32666	
334	0	32760	
335	0	32880	
336	0	33037	
337	0	33078	
338	0	32996	
339	0	32837	
340	0	32615	
341	0	32513	
342	0	32599	
343	0	32673	
344	0	32721	
345	0	32748	
346	0	32862	
347	0	32924	
348	0	32853	
349	0	32950	
350	0	32888	
351	0	32836	
352	0	32882	
353	0	32805	
354	0	32708	
355	0	32667	
356	0	32707	
357	0	32690	
358	0	32647	
359	0	32729	
360	0	32711	
361	0	32710	
362	0	32763	
363	0	32711	
364	0	32701	
365	0	32717	
366	0	32791	
367	0	32765	
368	0	32859	
369	0	32887	
370	0	32903	
371	0	32814	
372	0	32729	
373	0	32764	
374	0	32741	
375	0	32751	
376	0	32831	
377	0	32763	
378	0	32747	
379	0	32775	
380	0	32821	
381	0	32797	
382	0	32826	
383	0	32743	
384	0	32775	
385	0	32801	
386	0	32762	
387	0	32731	
388	0	32707	
389	0	32597	
390	0	32738	
391	0	32868	
392	0	32876	
393	0	32928	
394	0	32869	
395	0	32765	
396	0	32703	
397	0	32710	
398	0	32791	
399	0	32799	
400	0	32860	
401	0	32903	
402	0	32856	
403	0	32852	
404	0	32786	
405	0	32750	
406	0	32764	
407	0	32697	
408	0	32670	
409	0	32688	
410	0	32728	
411	0	32786	
412	0	32852	
413	0	32775	
414	0	32738	
415	0	32694	
416	0	32815	
417	0	32838	
418	0	32795	
419	0	32751	
420	0	32658	
421	0	32598	
422	0	32639	
423	0	32796	
424	0	32724	
425	0	32871	
426	0	32804	
427	0	32836	
428	0	32897	
429	0	32809	
430	0	32801	
431	0	32846	
432	0	32867	
433	0	32763	
434	0	32723	
435	0	32731	
436	0	32738	
437	0	32822	
438	0	32916	
439	0	32835	
440	0	32711	
441	0	32631	
442	0	32620	
443	0	32637	
444	0	32676	
445	0	32647	
446	0	32647	
447	0	32637	
448	0	32727	
449	0	32892	
450	0	32976	
451	0	32918	
452	0	32960	
453	0	32861	
454	0	32784	
455	0	32933	
456	0	32911	
457	0	32810	
458	0	32756	
459	0	32725	
460	0	32767	
461	0	32737	
462	0	32731	
463	0	32757	
464	0	32738	
465	0	32718	
466	0	32706	
467	0	32801	
468	0	32788	
469	0	32832	
470	0	32831	
471	0	32792	
472	0	32918	
473	0	32871	
474	0	32816	
475	0	32836	
476	0	32775	
477	0	32690	
478	0	32634	
479	0	32754	
480	0	32839	
481	0	32823	
482	0	32713	
483	0	32620	
484	0	32644	
485	0	32628	
486	0	32607	
487	0	32727	
488	0	32706	
489	0	32711	
490	0	32766	
491	0	32754	
492	0	32767	
493	0	32828	
494	0	32788	
495	0	32775	
496	0	32823	
497	0	32775	
498	0	32688	
499	0	32679	
500	0	32742	
501	0	32925	
502	0	32967	
503	0	33095	
504	0	32949	
505	0	32827	
506	0	32807	
507	0	32769	
508	0	32838	
509	0	32775	
510	0	32705	
511	0	32775	
512	0	32756	
513	0	32734	
514	0	32971	
515	0	33065	
516	0	33007	
517	0	32916	
518	0	32770	
519	0	32580	
520	0	32451	
521	0	32402	
522	0	32488	
523	0	32524	
524	0	32572	
525	0	32601	
526	0	32720	
527	0	32728	
528	0	32808	
529	0	32827	
530	0	32839	
531	0	32883	
532	0	32896	
533	0	32887	
534	0	32874	
535	0	32849	
536	0	32758	
537	0	32741	
538	0	32838	
539	0	32743	
540	0	32770	
541	0	32828	
542	0	32802	
543	0	32772	
544	0	32804	
545	0	32732	
546	0	32775	
547	0	32721	
548	0	32966	
549	0	32884	
550	0	32745	
551	0	32572	
552	0	32469	
553	0	32482	
554	0	32562	
555	0	32621	
556	0	32715	
557	0	32760	
558	0	32803	
559	0	32860	
560	0	32932	
561	0	32914	
562	0	32870	
563	0	32831	
564	0	32804	
565	0	32837	
566	0	32839	
567	0	32866	
568	0	32743	
569	0	32809	
570	0	32902	
571	0	32946	
572	0	32839	
573	0	32791	
574	0	32799	
575	0	32694	
576	0	32615	
577	0	32650	
578	0	32738	
579	0	32720	
580	0	32806	
581	0	32793	
582	0	32848	
583	0	32796	
584	0	32822	
585	0	32819	
586	0	32738	
587	0	32718	
588	0	32789	
589	0	32792	
590	0	32775	
591	0	32903	
592	0	32903	
593	0	32892	
594	0	32836	
595	0	32809	
596	0	32773	
597	0	32805	
598	0	32809	
599	0	32731	
600	0	32629	
601	0	32640	
602	0	32559	
603	0	32579	
604	0	32541	
605	0	32626	
606	0	32727	
607	0	32839	
608	0	32845	
609	0	32860	
610	0	32821	
611	0	32868	
612	0	32903	
613	0	32951	
614	0	32924	
615	0	32883	
616	0	32856	
617	0	32870	
618	0	32824	
619	0	32713	
620	0	32711	
621	0	32767	
622	0	32809	
623	0	32830	
624	0	32785	
625	0	32799	
626	0	32706	
627	0	32677	
628	0	32722	
629	0	32711	
630	0	32768	
631	0	32802	
632	0	32708	
633	0	32847	
634	0	32871	
635	0	32850	
636	0	32818	
637	0	32918	
638	0	32913	
639	0	32887	
640	0	32887	
641	0	32813	
642	0	32887	
643	0	32599	
644	0	32312	
645	0	32284	
646	0	32374	
647	0	32399	
648	0	32643	
649	0	32805	
650	0	32729	
651	0	32850	
652	0	32967	
653	0	33087	
654	0	33063	
655	0	33012	
656	0	32958	
657	0	32958	
658	0	32735	
659	0	32610	
660	0	32515	
661	0	32555	
662	0	32489	
663	0	32490	
664	0	32516	
665	0	32754	
666	0	32916	
667	0	32788	
668	0	32690	
669	0	32755	
670	0	32702	
671	0	32663	
672	0	32759	
673	0	32839	
674	0	32823	
675	0	32858	
676	0	32812	
677	0	33023	
678	0	33031	
679	0	32960	
680	0	32793	
681	0	32608	
682	0	32617	
683	0	32564	
684	0	32487	
685	0	32423	
686	0	32429	
687	0	32511	
688	0	32579	
689	0	32628	
690	0	32699	
691	0	32900	
692	0	33018	
693	0	33001	
694	0	33084	
695	0	33004	
696	0	33056	
697	0	32997	
698	0	33036	
699	0	32990	
700	0	32943	
701	0	32947	
702	0	32824	
703	0	32903	
704	0	32967	
705	0	33013	
706	0	33264	
707	0	33423	
708	0	33287	
709	0	33036	
710	0	32848	
711	0	32828	
712	0	32610	
713	0	32249	
714	0	32357	
715	0	32708	
716	0	33220	
717	0	33640	
718	0	33488	
719	0	32963	
720	0	32418	
721	0	32007	
722	0	31648	
723	0	31669	
724	0	31949	
725	0	32103	
726	0	32228	
727	0	32634	
728	0	32786	
729	0	33148	
730	0	33318	
731	0	33309	
732	0	33574	
733	0	34112	
734	0	33821	
735	0	33362	
736	0	33126	
737	0	32853	
738	0	32373	
739	0	31973	
740	0	31674	
741	0	31861	
742	0	31799	
743	0	31815	
744	0	31955	
745	0	31956	
746	0	32054	
747	0	32257	
748	0	32551	
749	0	32820	
750	0	33287	
751	0	33498	
752	0	33678	
753	0	33664	
754	0	33999	
755	0	33969	
756	0	33612	
757	0	32935	
758	0	32474	
759	0	32036	
760	0	32253	
761	0	32412	
762	0	32676	
763	0	32674	
764	0	32495	
765	0	32333	
766	0	32293	
767	0	32531	
768	0	32765	
769	0	32850	
770	0	32862	
771	0	32870	
772	0	33044	
773	0	33074	
774	0	33093	
775	0	33068	
776	0	33207	
777	0	33176	
778	0	33020	
779	0	33031	
780	0	32993	
781	0	32749	
782	0	32695	
783	0	32690	
784	0	32828	
785	0	32967	
786	0	33064	
787	0	32782	
788	0	32772	
789	0	32896	
790	0	33007	
791	0	33139	
792	0	33303	
793	0	34060	
794	0	34133	
795	0	33733	
796	0	33924	
797	0	33964	
798	0	33671	
799	0	32767	
800	0	31602	
801	0	30797	
802	0	30294	
803	0	29992	
804	0	30469	
805	0	31373	
806	0	33235	
807	0	35771	
808	0	36254	
809	0	35283	
810	0	33498	
811	0	31778	
812	0	30300	
813	0	29500	
814	0	29504	
815	0	29736	
816	0	30290	
817	0	31171	
818	0	32208	
819	0	33067	
820	0	33678	
821	0	34084	
822	0	34983	
823	0	35053	
824	0	34416	
825	0	34470	
826	0	34036	
827	0	33704	
828	0	33319	
829	0	32884	
830	0	32708	
831	0	32571	
832	0	32440	
833	0	33303	
834	0	34054	
835	0	34112	
836	0	33510	
837	0	32194	
838	0	31524	
839	0	31428	
840	0	31108	
841	0	30806	
842	0	31098	
843	0	31584	
844	0	32233	
845	0	32911	
846	0	33340	
847	0	33590	
848	0	34352	
849	0	34396	
850	0	33957	
851	0	33412	
852	0	34288	
853	0	36584	
854	0	36513	
855	0	35980	
856	0	34851	
857	0	32985	
858	0	31082	
859	0	29223	
860	0	27576	
861	0	27034	
862	0	27479	
863	0	28137	
864	0	29231	
865	0	31340	
866	0	33245	
867	0	33574	
868	0	33608	
869	0	33809	
870	0	33679	
871	0	33604	
872	0	33868	
873	0	33839	
874	0	34513	
875	0	34977	
876	0	34495	
877	0	34114	
878	0	34204	
879	0	33466	
880	0	33415	
881	0	33427	
882	0	33463	
883	0	32770	
884	0	31667	
885	0	30727	
886	0	31152	
887	0	32118	
888	0	33209	
889	0	34018	
890	0	34414	
891	0	35417	
892	0	35657	
893	0	36105	
894	0	34645	
895	0	32344	
896	0	30753	
897	0	29899	
898	0	30629	
899	0	33012	
900	0	36183	
901	0	36886	
902	0	35152	
903	0	32481	
904	0	29286	
905	0	26983	
906	0	25368	
907	0	25273	
908	0	25760	
909	0	26695	
910	0	29724	
911	0	32250	
912	0	35592	
913	0	37240	
914	0	37446	
915	0	37039	
916	0	35918	
917	0	35124	
918	0	34387	
919	0	35517	
920	0	37850	
921	0	37352	
922	0	35266	
923	0	32572	
924	0	31048	
925	0	30116	
926	0	29292	
927	0	28724	
928	0	28515	
929	0	27753	
930	0	28582	
931	0	30144	
932	0	31772	
933	0	34566	
934	0	37136	
935	0	38680	
936	0	38898	
937	0	37858	
938	0	35634	
939	0	33220	
940	0	30497	
941	0	28919	
942	0	29287	
943	0	31332	
944	0	33828	
945	0	35202	
946	0	37770	
947	0	39399	
948	0	39246	
949	0	36884	
950	0	33060	
951	0	29585	
952	0	27933	
953	0	26396	
954	0	25473	
955	0	25469	
956	0	26214	
957	0	28370	
958	0	29753	
959	0	32536	
960	0	35260	
961	0	39175	
962	0	39778	
963	0	38041	
964	0	35948	
965	0	33383	
966	0	30630	
967	0	30733	
968	0	32080	
969	0	34073	
970	0	34645	
971	0	35091	
972	0	34284	
973	0	33080	
974	0	33252	
975	0	32888	
976	0	31286	
977	0	29752	
978	0	28234	
979	0	27148	
980	0	26540	
981	0	27682	
982	0	31073	
983	0	34323	
984	0	34958	
985	0	35506	
986	0	38784	
987	0	41640	
988	0	42980	
989	0	39724	
990	0	36100	
991	0	34550	
992	0	32971	
993	0	32517	
994	0	30636	
995	0	28551	
996	0	26204	
997	0	25324	
998	0	26246	
999	0	27534	
1000	0	28677	
1001	0	28669	
1002	0	30138	
1003	0	31591	
1004	0	32476	
1005	0	33580	
1006	0	34958	
1007	0	38456	
1008	0	41328	
1009	0	40157	
1010	0	36473	
1011	0	32768	
1012	0	29528	
1013	0	27299	
1014	0	26545	
1015	0	26864	
1016	0	28128	
1017	0	29796	
1018	0	31584	
1019	0	33256	
1020	0	35768	
1021	0	38709	
1022	0	40080	
1023	0	40772	
1024	0	41984	
1025	0	46263	
1026	0	44624	
1027	0	40473	
1028	0	33460	
1029	0	27394	
1030	0	22527	
1031	0	20503	
1032	0	21981	
1033	0	28916	
1034	0	31516	
1035	0	33334	
1036	0	33383	
1037	0	32121	
1038	0	29841	
1039	0	29572	
1040	0	28470	
1041	0	26448	
1042	0	24854	
1043	0	24301	
1044	0	25607	
1045	0	28426	
1046	0	32807	
1047	0	37500	
1048	0	39726	
1049	0	41757	
1050	0	43880	
1051	0	46352	
1052	0	46608	
1053	0	43579	
1054	0	36597	
1055	0	29735	
1056	0	24140	
1057	0	21745	
1058	0	22676	
1059	0	25310	
1060	0	27421	
1061	0	30672	
1062	0	33324	
1063	0	34706	
1064	0	34960	
1065	0	34428	
1066	0	32903	
1067	0	30228	
1068	0	28998	
1069	0	28603	
1070	0	30367	
1071	0	31472	
1072	0	32170	
1073	0	33997	
1074	0	34584	
1075	0	38848	
1076	0	47368	
1077	0	49911	
1078	0	52200	
1079	0	52206	
1080	0	46797	
1081	0	36656	
1082	0	26157	
1083	0	18562	
1084	0	13952	
1085	0	11236	
1086	0	11349	
1087	0	14400	
1088	0	18815	
1089	0	22047	
1090	0	25336	
1091	0	29826	
1092	0	35853	
1093	0	44545	
1094	0	52029	
1095	0	55012	
1096	0	54956	
1097	0	47385	
1098	0	37312	
1099	0	28812	
1100	0	20944	
1101	0	17812	
1102	0	19619	
1103	0	21742	
1104	0	23260	
1105	0	26928	
1106	0	32345	
1107	0	37615	
1108	0	39222	
1109	0	38116	
1110	0	35680	
1111	0	33299	
1112	0	31607	
1113	0	30814	
1114	0	31100	
1115	0	32086	
1116	0	34308	
1117	0	35143	
1118	0	37810	
1119	0	47960	
1120	0	50966	
1121	0	46294	
1122	0	38744	
1123	0	32326	
1124	0	29972	
1125	0	24466	
1126	0	20577	
1127	0	20373	
1128	0	21288	
1129	0	23775	
1130	0	25308	
1131	0	28908	
1132	0	32063	
1133	0	34572	
1134	0	35917	
1135	0	39050	
1136	0	40284	
1137	0	45676	
1138	0	50264	
1139	0	52183	
1140	0	47494	
1141	0	40876	
1142	0	31690	
1143	0	23347	
1144	0	17318	
1145	0	15732	
1146	0	15628	
1147	0	14530	
1148	0	15082	
1149	0	17024	
1150	0	22354	
1151	0	28064	
1152	0	32930	
1153	0	38440	
1154	0	41378	
1155	0	41904	
1156	0	42781	
1157	0	41015	
1158	0	38421	
1159	0	35007	
1160	0	32984	
1161	0	33884	
1162	0	36976	
1163	0	39322	
1164	0	37852	
1165	0	35810	
1166	0	34643	
1167	0	38720	
1168	0	41426	
1169	0	38970	
1170	0	35772	
1171	0	33672	
1172	0	31788	
1173	0	27664	
1174	0	22818	
1175	0	18522	
1176	0	17289	
1177	0	18775	
1178	0	23938	
1179	0	28458	
1180	0	31762	
1181	0	33670	
1182	0	36336	
1183	0	37782	
1184	0	37976	
1185	0	37403	
1186	0	36571	
1187	0	39308	
1188	0	42629	
1189	0	44472	
1190	0	44728	
1191	0	40535	
1192	0	35413	
1193	0	36579	
1194	0	35753	
1195	0	36925	
1196	0	43712	
1197	0	50944	
1198	0	47232	
1199	0	33812	
1200	0	20390	
1201	0	12128	
1202	0	7196	
1203	0	5130	
1204	0	5361	
1205	0	7320	
1206	0	10576	
1207	0	13477	
1208	0	23344	
1209	0	32248	
1210	0	38610	
1211	0	43725	
1212	0	48336	
1213	0	52073	
1214	0	54691	
1215	0	51711	
1216	0	43988	
1217	0	37308	
1218	0	34236	
1219	0	32236	
1220	0	29252	
1221	0	27028	
1222	0	26074	
1223	0	28412	
1224	0	31960	
1225	0	33596	
1226	0	33084	
1227	0	32512	
1228	0	34048	
1229	0	35600	
1230	0	34847	
1231	0	34624	
1232	0	35128	
1233	0	34504	
1234	0	32680	
1235	0	32576	
1236	0	31200	
1237	0	29710	
1238	0	40516	
1239	0	53976	
1240	0	54900	
1241	0	47308	
1242	0	35100	
1243	0	24473	
1244	0	15802	
1245	0	11042	
1246	0	10404	
1247	0	11767	
1248	0	14692	
1249	0	20550	
1250	0	28424	
1251	0	35092	
1252	0	39416	
1253	0	41603	
1254	0	42618	
1255	0	43170	
1256	0	43160	
1257	0	41296	
1258	0	39967	
1259	0	41884	
1260	0	44782	
1261	0	41366	
1262	0	36521	
1263	0	30762	
1264	0	25147	
1265	0	24460	
1266	0	32487	
1267	0	37698	
1268	0	35536	
1269	0	28804	
1270	0	24504	
1271	0	22146	
1272	0	20323	
1273	0	20570	
1274	0	22233	
1275	0	23691	
1276	0	25650	
1277	0	30230	
1278	0	38395	
1279	0	42674	
1280	0	44248	
1281	0	43302	
1282	0	42336	
1283	0	40608	
1284	0	37723	
1285	0	37713	
1286	0	35360	
1287	0	33396	
1288	0	30057	
1289	0	27580	
1290	0	26057	
1291	0	26125	
1292	0	30617	
1293	0	33014	
1294	0	33922	
1295	0	33216	
1296	0	38336	
1297	0	41964	
1298	0	41543	
1299	0	37320	
1300	0	40405	
1301	0	42590	
1302	0	38899	
1303	0	32430	
1304	0	25638	
1305	0	24816	
1306	0	22748	
1307	0	20615	
1308	0	17733	
1309	0	14370	
1310	0	16040	
1311	0	21428	
1312	0	28516	
1313	0	32144	
1314	0	35898	
1315	0	40778	
1316	0	42453	
1317	0	40873	
1318	0	39307	
1319	0	38852	
1320	0	38900	
1321	0	43734	
1322	0	51014	
1323	0	46365	
1324	0	40213	
1325	0	35514	
1326	0	32548	
1327	0	24200	
1328	0	16576	
1329	0	11837	
1330	0	10436	
1331	0	13773	
1332	0	21189	
1333	0	30644	
1334	0	37679	
1335	0	40998	
1336	0	41328	
1337	0	42996	
1338	0	44434	
1339	0	41975	
1340	0	38792	
1341	0	37516	
1342	0	34710	
1343	0	30878	
1344	0	30757	
1345	0	33130	
1346	0	33516	
1347	0	33959	
1348	0	33091	
1349	0	32161	
1350	0	29801	
1351	0	27878	
1352	0	28316	
1353	0	31766	
1354	0	34510	
1355	0	37442	
1356	0	36196	
1357	0	33626	
1358	0	35780	
1359	0	44061	
1360	0	47290	
1361	0	43657	
1362	0	41030	
1363	0	38412	
1364	0	32205	
1365	0	24632	
1366	0	19608	
1367	0	22432	
1368	0	21715	
1369	0	18471	
1370	0	15512	
1371	0	13762	
1372	0	17313	
1373	0	25551	
1374	0	33211	
1375	0	43269	
1376	0	44877	
1377	0	45549	
1378	0	43970	
1379	0	39212	
1380	0	33316	
1381	0	30844	
1382	0	30770	
1383	0	30001	
1384	0	28589	
1385	0	27568	
1386	0	28616	
1387	0	29292	
1388	0	31365	
1389	0	35032	
1390	0	38192	
1391	0	38774	
1392	0	38776	
1393	0	39184	
1394	0	37690	
1395	0	42503	
1396	0	41287	
1397	0	37142	
1398	0	38105	
1399	0	36838	
1400	0	31488	
1401	0	26638	
1402	0	24169	
1403	0	24376	
1404	0	28533	
1405	0	37988	
1406	0	44180	
1407	0	40924	
1408	0	33112	
1409	0	26585	
1410	0	23372	
1411	0	24650	
1412	0	22254	
1413	0	20598	
1414	0	22599	
1415	0	26736	
1416	0	30944	
1417	0	37862	
1418	0	39858	
1419	0	41860	
1420	0	39972	
1421	0	41008	
1422	0	41668	
1423	0	36624	
1424	0	32534	
1425	0	29824	
1426	0	33133	
1427	0	40480	
1428	0	40350	
1429	0	35568	
1430	0	27156	
1431	0	20802	
1432	0	20301	
1433	0	26349	
1434	0	26717	
1435	0	25766	
1436	0	25308	
1437	0	27430	
1438	0	30502	
1439	0	33559	
1440	0	34876	
1441	0	35775	
1442	0	40452	
1443	0	41150	
1444	0	38912	
1445	0	36060	
1446	0	34090	
1447	0	31882	
1448	0	32424	
1449	0	33264	
1450	0	33856	
1451	0	32734	
1452	0	34708	
1453	0	34524	
1454	0	35504	
1455	0	36389	
1456	0	34508	
1457	0	32666	
1458	0	37705	
1459	0	43663	
1460	0	46848	
1461	0	38960	
1462	0	28968	
1463	0	23350	
1464	0	22599	
1465	0	25008	
1466	0	27260	
1467	0	25729	
1468	0	25222	
1469	0	26028	
1470	0	27397	
1471	0	29525	
1472	0	30795	
1473	0	31348	
1474	0	32237	
1475	0	36028	
1476	0	38215	
1477	0	37488	
1478	0	35861	
1479	0	35399	
1480	0	33417	
1481	0	32810	
1482	0	32926	
1483	0	32013	
1484	0	34324	
1485	0	44509	
1486	0	45284	
1487	0	38169	
1488	0	30713	
1489	0	27275	
1490	0	29844	
1491	0	29264	
1492	0	26109	
1493	0	22564	
1494	0	23578	
1495	0	30500	
1496	0	33212	
1497	0	34396	
1498	0	38200	
1499	0	38629	
1500	0	34183	
1501	0	30568	
1502	0	30159	
1503	0	29248	
1504	0	26658	
1505	0	26607	
1506	0	27324	
1507	0	28863	
1508	0	32944	
1509	0	38460	
1510	0	43282	
1511	0	43823	
1512	0	42360	
1513	0	37796	
1514	0	32726	
1515	0	28980	
1516	0	27841	
1517	0	30036	
1518	0	38003	
1519	0	43116	
1520	0	45074	
1521	0	45922	
1522	0	43048	
1523	0	39882	
1524	0	31854	
1525	0	21893	
1526	0	14320	
1527	0	9176	
1528	0	9835	
1529	0	13108	
1530	0	17677	
1531	0	24837	
1532	0	33710	
1533	0	39744	
1534	0	42013	
1535	0	44360	
1536	0	44589	
1537	0	46660	
1538	0	48477	
1539	0	43058	
1540	0	36137	
1541	0	32705	
1542	0	35594	
1543	0	38919	
1544	0	38902	
1545	0	34375	
1546	0	26323	
1547	0	21692	
1548	0	18418	
1549	0	17744	
1550	0	19216	
1551	0	20560	
1552	0	24740	
1553	0	29957	
1554	0	33353	
1555	0	35690	
1556	0	37483	
1557	0	38214	
1558	0	38060	
1559	0	38218	
1560	0	39388	
1561	0	40478	
1562	0	41671	
1563	0	45916	
1564	0	44034	
1565	0	40292	
1566	0	37984	
1567	0	33986	
1568	0	31481	
1569	0	28521	
1570	0	27375	
1571	0	25552	
1572	0	24514	
1573	0	35852	
1574	0	35948	
1575	0	32069	
1576	0	28692	
1577	0	24800	
1578	0	22018	
1579	0	22301	
1580	0	22396	
1581	0	26351	
1582	0	31913	
1583	0	43744	
1584	0	53032	
1585	0	52956	
1586	0	45296	
1587	0	33709	
1588	0	25224	
1589	0	18695	
1590	0	12975	
1591	0	9902	
1592	0	14374	
1593	0	22076	
1594	0	29350	
1595	0	36842	
1596	0	40628	
1597	0	41556	
1598	0	46027	
1599	0	44283	
1600	0	41058	
1601	0	36916	
1602	0	38557	
1603	0	44041	
1604	0	44398	
1605	0	38151	
1606	0	27610	
1607	0	21458	
1608	0	19121	
1609	0	19240	
1610	0	24280	
1611	0	32164	
1612	0	34759	
1613	0	37288	
1614	0	38113	
1615	0	41794	
1616	0	45122	
1617	0	43952	
1618	0	44224	
1619	0	44340	
1620	0	38354	
1621	0	28957	
1622	0	18556	
1623	0	12396	
1624	0	11686	
1625	0	17166	
1626	0	20391	
1627	0	23497	
1628	0	31427	
1629	0	38271	
1630	0	41842	
1631	0	43801	
1632	0	41426	
1633	0	37104	
1634	0	34073	
1635	0	35596	
1636	0	37276	
1637	0	34471	
1638	0	29644	
1639	0	29808	
1640	0	37963	
1641	0	39724	
1642	0	35700	
1643	0	29757	
1644	0	28316	
1645	0	34002	
1646	0	38919	
1647	0	38416	
1648	0	33909	
1649	0	31502	
1650	0	30029	
1651	0	31692	
1652	0	31121	
1653	0	27699	
1654	0	25230	
1655	0	24279	
1656	0	27120	
1657	0	32496	
1658	0	38220	
1659	0	43720	
1660	0	45200	
1661	0	42145	
1662	0	36196	
1663	0	35666	
1664	0	31490	
1665	0	24079	
1666	0	16936	
1667	0	16702	
1668	0	25469	
1669	0	29630	
1670	0	32109	
1671	0	30425	
1672	0	30652	
1673	0	31246	
1674	0	31102	
1675	0	35030	
1676	0	37940	
1677	0	40745	
1678	0	42038	
1679	0	39528	
1680	0	32994	
1681	0	28792	
1682	0	28568	
1683	0	27432	
1684	0	27046	
1685	0	27764	
1686	0	29729	
1687	0	34088	
1688	0	42186	
1689	0	46012	
1690	0	44814	
1691	0	41362	
1692	0	39495	
1693	0	49860	
1694	0	52444	
1695	0	43928	
1696	0	28892	
1697	0	16169	
1698	0	7926	
1699	0	7065	
1700	0	10728	
1701	0	16846	
1702	0	21428	
1703	0	27069	
1704	0	34538	
1705	0	39158	
1706	0	41714	
1707	0	40928	
1708	0	40450	
1709	0	42300	
1710	0	41410	
1711	0	38800	
1712	0	40571	
1713	0	43635	
1714	0	41178	
1715	0	35916	
1716	0	30504	
1717	0	26314	
1718	0	26791	
1719	0	27224	
1720	0	31800	
1721	0	32546	
1722	0	30528	
1723	0	31773	
1724	0	40292	
1725	0	41636	
1726	0	37222	
1727	0	28310	
1728	0	21100	
1729	0	18992	
1730	0	21153	
1731	0	31135	
1732	0	39683	
1733	0	39841	
1734	0	37950	
1735	0	37505	
1736	0	39273	
1737	0	44914	
1738	0	38748	
1739	0	27280	
1740	0	16508	
1741	0	10731	
1742	0	11041	
1743	0	17246	
1744	0	24102	
1745	0	33509	
1746	0	38824	
1747	0	40101	
1748	0	41136	
1749	0	37868	
1750	0	35980	
1751	0	35541	
1752	0	38022	
1753	0	40448	
1754	0	39636	
1755	0	37550	
1756	0	34984	
1757	0	33012	
1758	0	31054	
1759	0	36690	
1760	0	41497	
1761	0	38273	
1762	0	33277	
1763	0	28602	
1764	0	25538	
1765	0	25740	
1766	0	29235	
1767	0	33488	
1768	0	31596	
1769	0	30137	
1770	0	28562	
1771	0	27460	
1772	0	27271	
1773	0	28141	
1774	0	30748	
1775	0	33397	
1776	0	38217	
1777	0	40263	
1778	0	38966	
1779	0	38286	
1780	0	38553	
1781	0	44188	
1782	0	49068	
1783	0	47030	
1784	0	43874	
1785	0	40996	
1786	0	38246	
1787	0	28344	
1788	0	17901	
1789	0	9913	
1790	0	6548	
1791	0	7873	
1792	0	13277	
1793	0	18438	
1794	0	28009	
1795	0	41816	
1796	0	42397	
1797	0	37900	
1798	0	33348	
1799	0	35205	
1800	0	35303	
1801	0	34004	
1802	0	31564	
1803	0	29738	
1804	0	33108	
1805	0	39312	
1806	0	43974	
1807	0	42348	
1808	0	43206	
1809	0	46512	
1810	0	45264	
1811	0	37458	
1812	0	29616	
1813	0	25101	
1814	0	28389	
1815	0	31316	
1816	0	34045	
1817	0	29760	
1818	0	26055	
1819	0	25484	
1820	0	31577	
1821	0	39850	
1822	0	38982	
1823	0	32120	
1824	0	24424	
1825	0	24071	
1826	0	21570	
1827	0	20728	
1828	0	25214	
1829	0	34367	
1830	0	39054	
1831	0	37952	
1832	0	37024	
1833	0	33388	
1834	0	31346	
1835	0	31501	
1836	0	32866	
1837	0	33988	
1838	0	32609	
1839	0	32775	
1840	0	33400	
1841	0	33296	
1842	0	33500	
1843	0	33236	
1844	0	32306	
1845	0	31320	
1846	0	34345	
1847	0	42358	
1848	0	48631	
1849	0	48476	
1850	0	41012	
1851	0	34471	
1852	0	31213	
1853	0	30544	
1854	0	35433	
1855	0	42212	
1856	0	37816	
1857	0	29896	
1858	0	20776	
1859	0	16217	
1860	0	12317	
1861	0	12328	
1862	0	18879	
1863	0	22567	
1864	0	25248	
1865	0	30928	
1866	0	43096	
1867	0	47264	
1868	0	51104	
1869	0	51410	
1870	0	43865	
1871	0	35280	
1872	0	27974	
1873	0	22112	
1874	0	18870	
1875	0	19641	
1876	0	23175	
1877	0	30258	
1878	0	39804	
1879	0	48048	
1880	0	45820	
1881	0	42774	
1882	0	48608	
1883	0	46383	
1884	0	38068	
1885	0	29512	
1886	0	23367	
1887	0	18423	
1888	0	18941	
1889	0	23267	
1890	0	26167	
1891	0	29558	
1892	0	32108	
1893	0	28696	
1894	0	26720	
1895	0	27754	
1896	0	30156	
1897	0	35055	
1898	0	44972	
1899	0	51920	
1900	0	50068	
1901	0	42546	
1902	0	39512	
1903	0	38349	
1904	0	34668	
1905	0	27300	
1906	0	22928	
1907	0	20636	
1908	0	16626	
1909	0	16096	
1910	0	17696	
1911	0	22028	
1912	0	26331	
1913	0	33998	
1914	0	36550	
1915	0	38300	
1916	0	39728	
1917	0	38983	
1918	0	37648	
1919	0	36802	
1920	0	34543	
1921	0	35236	
1922	0	36174	
1923	0	35952	
1924	0	36730	
1925	0	40816	
1926	0	49264	
1927	0	52006	
1928	0	49981	
1929	0	42121	
1930	0	32433	
1931	0	24197	
1932	0	16953	
1933	0	14493	
1934	0	13270	
1935	0	12289	
1936	0	14912	
1937	0	21523	
1938	0	31296	
1939	0	41412	
1940	0	46842	
1941	0	51233	
1942	0	48744	
1943	0	42286	
1944	0	37696	
1945	0	32290	
1946	0	27100	
1947	0	22264	
1948	0	21048	
1949	0	22324	
1950	0	22986	
1951	0	24365	
1952	0	31464	
1953	0	40772	
1954	0	49981	
1955	0	56192	
1956	0	52120	
1957	0	42476	
1958	0	31423	
1959	0	28089	
1960	0	28364	
1961	0	25513	
1962	0	19841	
1963	0	20193	
1964	0	22566	
1965	0	23337	
1966	0	23202	
1967	0	24505	
1968	0	34208	
1969	0	43527	
1970	0	38540	
1971	0	31938	
1972	0	27725	
1973	0	26012	
1974	0	27836	
1975	0	30119	
1976	0	31772	
1977	0	37084	
1978	0	44160	
1979	0	43806	
1980	0	40240	
1981	0	36272	
1982	0	39154	
1983	0	44678	
1984	0	43120	
1985	0	40937	
1986	0	34206	
1987	0	30054	
1988	0	28450	
1989	0	27267	
1990	0	21966	
1991	0	18108	
1992	0	19968	
1993	0	24156	
1994	0	27880	
1995	0	40413	
1996	0	51373	
1997	0	51902	
1998	0	46956	
1999	0	44480	
2000	0	37840	
2001	0	33373	
2002	0	25683	
2003	0	17656	
2004	0	13641	
2005	0	17112	
2006	0	23386	
2007	0	23592	
2008	0	23457	
2009	0	25183	
2010	0	24694	
2011	0	27450	
2012	0	33938	
2013	0	38676	
2014	0	40287	
2015	0	39358	
2016	0	42976	
2017	0	47009	
2018	0	43334	
2019	0	39572	
2020	0	40310	
2021	0	44167	
2022	0	44978	
2023	0	44866	
2024	0	47192	
2025	0	38122	
2026	0	24689	
2027	0	12778	
2028	0	12437	
2029	0	17320	
2030	0	19402	
2031	0	18142	
2032	0	19032	
2033	0	21897	
2034	0	27060	
2035	0	31951	
2036	0	34990	
2037	0	35452	
2038	0	36470	
2039	0	37739	
2040	0	38770	
2041	0	41257	
2042	0	46804	
2043	0	50204	
2044	0	47104	
2045	0	42703	
2046	0	35177	
2047	0	28900	
2048	0	24896	
2049	0	25302	
2050	0	25658	
2051	0	26292	
2052	0	27638	
2053	0	29274	
2054	0	32744	
2055	0	43970	
2056	0	47972	
2057	0	45145	
2058	0	39240	
2059	0	27975	
2060	0	19236	
2061	0	13966	
2062	0	12657	
2063	0	14812	
2064	0	18340	
2065	0	26456	
2066	0	37540	
2067	0	45624	
2068	0	47100	
2069	0	45832	
2070	0	46460	
2071	0	44549	
2072	0	42140	
2073	0	42252	
2074	0	44108	
2075	0	39488	
2076	0	31836	
2077	0	23862	
2078	0	21810	
2079	0	26262	
2080	0	29777	
2081	0	33220	
2082	0	29966	
2083	0	23844	
2084	0	22608	
2085	0	23462	
2086	0	23952	
2087	0	24739	
2088	0	24109	
2089	0	28976	
2090	0	33222	
2091	0	34546	
2092	0	34912	
2093	0	34988	
2094	0	37217	
2095	0	45360	
2096	0	50505	
2097	0	53856	
2098	0	55708	
2099	0	46351	
2100	0	31953	
2101	0	17558	
2102	0	11547	
2103	0	9709	
2104	0	9254	
2105	0	14954	
2106	0	23334	
2107	0	30142	
2108	0	36718	
2109	0	44905	
2110	0	47768	
2111	0	46584	
2112	0	48966	
2113	0	44927	
2114	0	36589	
2115	0	28761	
2116	0	22470	
2117	0	19722	
2118	0	24504	
2119	0	30996	
2120	0	34576	
2121	0	39312	
2122	0	44212	
2123	0	43388	
2124	0	37884	
2125	0	32327	
2126	0	31498	
2127	0	28849	
2128	0	24272	
2129	0	20807	
2130	0	21392	
2131	0	26960	
2132	0	40352	
2133	0	51654	
2134	0	53636	
2135	0	48262	
2136	0	37633	
2137	0	30939	
2138	0	21560	
2139	0	15320	
2140	0	11411	
2141	0	12045	
2142	0	16391	
2143	0	26130	
2144	0	35738	
2145	0	43557	
2146	0	48796	
2147	0	49607	
2148	0	47596	
2149	0	42678	
2150	0	34860	
2151	0	25741	
2152	0	20056	
2153	0	23226	
2154	0	30487	
2155	0	40110	
2156	0	48616	
2157	0	50375	
2158	0	46424	
2159	0	33008	
2160	0	19184	
2161	0	11020	
2162	0	6745	
2163	0	8046	
2164	0	14252	
2165	0	20804	
2166	0	32516	
2167	0	49626	
2168	0	54023	
2169	0	51732	
2170	0	43557	
2171	0	35090	
2172	0	33568	
2173	0	32604	
2174	0	31686	
2175	0	31279	
2176	0	33120	
2177	0	33960	
2178	0	35960	
2179	0	35713	
2180	0	39924	
2181	0	40998	
2182	0	41798	
2183	0	42382	
2184	0	47756	
2185	0	41641	
2186	0	31712	
2187	0	19333	
2188	0	10065	
2189	0	5924	
2190	0	6951	
2191	0	12462	
2192	0	18178	
2193	0	24457	
2194	0	33004	
2195	0	39936	
2196	0	48865	
2197	0	52372	
2198	0	52420	
2199	0	51389	
2200	0	51295	
2201	0	46244	
2202	0	36072	
2203	0	24326	
2204	0	16984	
2205	0	13174	
2206	0	14092	
2207	0	20464	
2208	0	31602	
2209	0	44852	
2210	0	47623	
2211	0	43390	
2212	0	43154	
2213	0	44972	
2214	0	41708	
2215	0	30368	
2216	0	17754	
2217	0	9095	
2218	0	8940	
2219	0	14598	
2220	0	20982	
2221	0	26284	
2222	0	34752	
2223	0	42269	
2224	0	45260	
2225	0	45496	
2226	0	50406	
2227	0	54162	
2228	0	47142	
2229	0	39585	
2230	0	31204	
2231	0	26308	
2232	0	29920	
2233	0	31736	
2234	0	27752	
2235	0	26369	
2236	0	29164	
2237	0	31155	
2238	0	28966	
2239	0	30227	
2240	0	31706	
2241	0	29018	
2242	0	30034	
2243	0	31430	
2244	0	34336	
2245	0	35552	
2246	0	32790	
2247	0	28708	
2248	0	26626	
2249	0	26981	
2250	0	34126	
2251	0	39906	
2252	0	40981	
2253	0	37681	
2254	0	35002	
2255	0	37045	
2256	0	38774	
2257	0	35680	
2258	0	32495	
2259	0	26128	
2260	0	23439	
2261	0	23522	
2262	0	23629	
2263	0	23580	
2264	0	25196	
2265	0	28995	
2266	0	33894	
2267	0	37900	
2268	0	47412	
2269	0	52308	
2270	0	51104	
2271	0	44373	
2272	0	35110	
2273	0	27330	
2274	0	21952	
2275	0	19478	
2276	0	18791	
2277	0	21212	
2278	0	29865	
2279	0	33892	
2280	0	33872	
2281	0	35468	
2282	0	36349	
2283	0	41888	
2284	0	46754	
2285	0	49220	
2286	0	46316	
2287	0	39166	
2288	0	31325	
2289	0	25488	
2290	0	19506	
2291	0	15853	
2292	0	15982	
2293	0	23568	
2294	0	31328	
2295	0	42077	
2296	0	45664	
2297	0	39901	
2298	0	31260	
2299	0	26642	
2300	0	26957	
2301	0	25588	
2302	0	25520	
2303	0	26130	
2304	0	27270	
2305	0	30064	
2306	0	31306	
2307	0	31384	
2308	0	33648	
2309	0	39890	
2310	0	40498	
2311	0	42055	
2312	0	42179	
2313	0	40280	
2314	0	37292	
2315	0	35126	
2316	0	33632	
2317	0	32174	
2318	0	32989	
2319	0	39574	
2320	0	42020	
2321	0	36808	
2322	0	38400	
2323	0	37331	
2324	0	33092	
2325	0	25877	
2326	0	23896	
2327	0	26532	
2328	0	27670	
2329	0	25996	
2330	0	23688	
2331	0	22609	
2332	0	24569	
2333	0	26094	
2334	0	27424	
2335	0	29410	
2336	0	31016	
2337	0	33734	
2338	0	35576	
2339	0	37872	
2340	0	40727	
2341	0	37199	
2342	0	33154	
2343	0	32761	
2344	0	36958	
2345	0	43616	
2346	0	44409	
2347	0	40164	
2348	0	39608	
2349	0	44476	
2350	0	39012	
2351	0	28953	
2352	0	17915	
2353	0	12045	
2354	0	12074	
2355	0	14725	
2356	0	19730	
2357	0	24892	
2358	0	29236	
2359	0	34326	
2360	0	38082	
2361	0	41171	
2362	0	42532	
2363	0	42278	
2364	0	41255	
2365	0	39634	
2366	0	38455	
2367	0	37362	
2368	0	38317	
2369	0	43544	
2370	0	47029	
2371	0	42674	
2372	0	35222	
2373	0	27314	
2374	0	22580	
2375	0	21718	
2376	0	27547	
2377	0	30272	
2378	0	33455	
2379	0	34516	
2380	0	35664	
2381	0	35012	
2382	0	37106	
2383	0	38617	
2384	0	32182	
2385	0	28102	
2386	0	27678	
2387	0	24264	
2388	0	21318	
2389	0	19418	
2390	0	21002	
2391	0	28455	
2392	0	36756	
2393	0	39047	
2394	0	35463	
2395	0	34090	
2396	0	34275	
2397	0	32903	
2398	0	32288	
2399	0	34368	
2400	0	37290	
2401	0	39110	
2402	0	37602	
2403	0	40974	
2404	0	41906	
2405	0	38130	
2406	0	34268	
2407	0	31442	
2408	0	28480	
2409	0	23470	
2410	0	20672	
2411	0	18637	
2412	0	17142	
2413	0	23640	
2414	0	32717	
2415	0	37140	
2416	0	38821	
2417	0	41024	
2418	0	38235	
2419	0	34844	
2420	0	31143	
2421	0	33357	
2422	0	36862	
2423	0	41372	
2424	0	43176	
2425	0	38777	
2426	0	32390	
2427	0	28474	
2428	0	24976	
2429	0	22352	
2430	0	21453	
2431	0	23554	
2432	0	29776	
2433	0	35380	
2434	0	37660	
2435	0	37502	
2436	0	36679	
2437	0	38057	
2438	0	41183	
2439	0	42988	
2440	0	41232	
2441	0	38453	
2442	0	35196	
2443	0	32002	
2444	0	31068	
2445	0	30192	
2446	0	31296	
2447	0	35825	
2448	0	40494	
2449	0	41633	
2450	0	34100	
2451	0	25056	
2452	0	20241	
2453	0	18672	
2454	0	20320	
2455	0	25186	
2456	0	28666	
2457	0	31004	
2458	0	31684	
2459	0	38576	
2460	0	40924	
2461	0	37440	
2462	0	32196	
2463	0	29753	
2464	0	34208	
2465	0	42534	
2466	0	44060	
2467	0	38530	
2468	0	31154	
2469	0	31282	
2470	0	33885	
2471	0	33330	
2472	0	29488	
2473	0	26039	
2474	0	21555	
2475	0	19975	
2476	0	22798	
2477	0	27890	
2478	0	28798	
2479	0	29509	
2480	0	35804	
2481	0	38188	
2482	0	37400	
2483	0	40192	
2484	0	41504	
2485	0	44208	
2486	0	45188	
2487	0	40414	
2488	0	34704	
2489	0	26758	
2490	0	23456	
2491	0	23862	
2492	0	22658	
2493	0	21984	
2494	0	23128	
2495	0	24786	
2496	0	28199	
2497	0	30368	
2498	0	32794	
2499	0	36984	
2500	0	38840	
2501	0	41709	
2502	0	46492	
2503	0	47222	
2504	0	41466	
2505	0	35664	
2506	0	35920	
2507	0	38565	
2508	0	37520	
2509	0	34782	
2510	0	29319	
2511	0	24403	
2512	0	25947	
2513	0	25689	
2514	0	26441	
2515	0	25356	
2516	0	27325	
2517	0	31497	
2518	0	31858	
2519	0	31974	
2520	0	31541	
2521	0	34311	
2522	0	36192	
2523	0	40068	
2524	0	40845	
2525	0	38854	
2526	0	38037	
2527	0	35509	
2528	0	34887	
2529	0	48436	
2530	0	54736	
2531	0	52889	
2532	0	34335	
2533	0	18644	
2534	0	7472	
2535	0	5053	
2536	0	5287	
2537	0	8176	
2538	0	13902	
2539	0	28559	
2540	0	40093	
2541	0	41828	
2542	0	40356	
2543	0	42529	
2544	0	49720	
2545	0	53639	
2546	0	47462	
2547	0	39188	
2548	0	32370	
2549	0	26824	
2550	0	19350	
2551	0	17332	
2552	0	26956	
2553	0	36684	
2554	0	36080	
2555	0	32901	
2556	0	30371	
2557	0	35484	
2558	0	38833	
2559	0	34210	
2560	0	28317	
2561	0	23440	
2562	0	24256	
2563	0	28698	
2564	0	30122	
2565	0	30167	
2566	0	29177	
2567	0	28046	
2568	0	29159	
2569	0	32662	
2570	0	36124	
2571	0	38724	
2572	0	43015	
2573	0	54016	
2574	0	53924	
2575	0	46596	
2576	0	35220	
2577	0	25237	
2578	0	19804	
2579	0	19265	
2580	0	21074	
2581	0	27272	
2582	0	31948	
2583	0	35110	
2584	0	38342	
2585	0	45530	
2586	0	49273	
2587	0	46671	
2588	0	37742	
2589	0	28806	
2590	0	22705	
2591	0	18926	
2592	0	19266	
2593	0	21141	
2594	0	28636	
2595	0	34647	
2596	0	36116	
2597	0	34707	
2598	0	38036	
2599	0	47888	
2600	0	49826	
2601	0	44773	
2602	0	36366	
2603	0	27304	
2604	0	18692	
2605	0	15076	
2606	0	14783	
2607	0	15849	
2608	0	15817	
2609	0	21558	
2610	0	30107	
2611	0	48532	
2612	0	60120	
2613	0	55028	
2614	0	44521	
2615	0	36364	
2616	0	32105	
2617	0	26934	
2618	0	21644	
2619	0	19206	
2620	0	23076	
2621	0	29500	
2622	0	35901	
2623	0	35084	
2624	0	32206	
2625	0	35420	
2626	0	46712	
2627	0	45727	
2628	0	39194	
2629	0	33001	
2630	0	27296	
2631	0	26920	
2632	0	32104	
2633	0	29497	
2634	0	25572	
2635	0	23819	
2636	0	23264	
2637	0	23289	
2638	0	25164	
2639	0	29894	
2640	0	31368	
2641	0	33452	
2642	0	36335	
2643	0	37574	
2644	0	37720	
2645	0	38092	
2646	0	39899	
2647	0	43532	
2648	0	44620	
2649	0	43586	
2650	0	42607	
2651	0	37404	
2652	0	31656	
2653	0	26240	
2654	0	23064	
2655	0	21746	
2656	0	21924	
2657	0	23751	
2658	0	31842	
2659	0	37576	
2660	0	39512	
2661	0	45327	
2662	0	47177	
2663	0	44738	
2664	0	36948	
2665	0	28482	
2666	0	22226	
2667	0	20710	
2668	0	21523	
2669	0	23088	
2670	0	24332	
2671	0	29340	
2672	0	39741	
2673	0	50076	
2674	0	48208	
2675	0	40216	
2676	0	33177	
2677	0	28224	
2678	0	32035	
2679	0	34216	
2680	0	35232	
2681	0	38558	
2682	0	33533	
2683	0	26400	
2684	0	19624	
2685	0	14717	
2686	0	14770	
2687	0	15865	
2688	0	19824	
2689	0	24412	
2690	0	28518	
2691	0	32024	
2692	0	36124	
2693	0	40132	
2694	0	42583	
2695	0	44504	
2696	0	45655	
2697	0	43496	
2698	0	42564	
2699	0	40814	
2700	0	36253	
2701	0	32812	
2702	0	39848	
2703	0	53576	
2704	0	55009	
2705	0	52610	
2706	0	42383	
2707	0	18445	
2708	0	9546	
2709	0	13998	
2710	0	20885	
2711	0	20832	
2712	0	20132	
2713	0	22920	
2714	0	23632	
2715	0	23340	
2716	0	23646	
2717	0	23991	
2718	0	24609	
2719	0	28324	
2720	0	35094	
2721	0	36797	
2722	0	37413	
2723	0	37764	
2724	0	40500	
2725	0	42784	
2726	0	42900	
2727	0	41936	
2728	0	41661	
2729	0	47364	
2730	0	50322	
2731	0	45157	
2732	0	36093	
2733	0	28900	
2734	0	24039	
2735	0	22875	
2736	0	21837	
2737	0	24930	
2738	0	25544	
2739	0	26616	
2740	0	28828	
2741	0	31962	
2742	0	40124	
2743	0	47129	
2744	0	46158	
2745	0	40336	
2746	0	32875	
2747	0	25036	
2748	0	22834	
2749	0	26624	
2750	0	35104	
2751	0	33872	
2752	0	37164	
2753	0	41188	
2754	0	36448	
2755	0	27462	
2756	0	18824	
2757	0	15191	
2758	0	16666	
2759	0	21890	
2760	0	28220	
2761	0	31236	
2762	0	32342	
2763	0	35744	
2764	0	36997	
2765	0	37266	
2766	0	35399	
2767	0	33510	
2768	0	33439	
2769	0	34177	
2770	0	34160	
2771	0	37360	
2772	0	48805	
2773	0	53136	
2774	0	52039	
2775	0	45079	
2776	0	32592	
2777	0	22280	
2778	0	18032	
2779	0	19236	
2780	0	21020	
2781	0	25149	
2782	0	34126	
2783	0	39766	
2784	0	39270	
2785	0	35357	
2786	0	30053	
2787	0	26933	
2788	0	33202	
2789	0	33537	
2790	0	29296	
2791	0	30953	
2792	0	33192	
2793	0	33444	
2794	0	33213	
2795	0	33704	
2796	0	32569	
2797	0	29046	
2798	0	27634	
2799	0	29076	
2800	0	28576	
2801	0	28519	
2802	0	28868	
2803	0	28854	
2804	0	34125	
2805	0	39292	
2806	0	43240	
2807	0	44208	
2808	0	48154	
2809	0	48226	
2810	0	41232	
2811	0	32841	
2812	0	27194	
2813	0	24284	
2814	0	23028	
2815	0	22677	
2816	0	21236	
2817	0	26188	
2818	0	36508	
2819	0	40678	
2820	0	45468	
2821	0	41486	
2822	0	35288	
2823	0	28192	
2824	0	24729	
2825	0	26075	
2826	0	25383	
2827	0	25705	
2828	0	26918	
2829	0	28468	
2830	0	33492	
2831	0	35181	
2832	0	38212	
2833	0	40040	
2834	0	38640	
2835	0	34524	
2836	0	34498	
2837	0	39559	
2838	0	38324	
2839	0	36041	
2840	0	31328	
2841	0	30231	
2842	0	28909	
2843	0	25853	
2844	0	24651	
2845	0	26096	
2846	0	34504	
2847	0	42439	
2848	0	40550	
2849	0	36399	
2850	0	32060	
2851	0	26852	
2852	0	24388	
2853	0	23894	
2854	0	25856	
2855	0	26006	
2856	0	29325	
2857	0	31352	
2858	0	35062	
2859	0	38561	
2860	0	38458	
2861	0	45656	
2862	0	50304	
2863	0	46210	
2864	0	38180	
2865	0	31736	
2866	0	27094	
2867	0	27669	
2868	0	25250	
2869	0	23389	
2870	0	24098	
2871	0	27826	
2872	0	29705	
2873	0	30564	
2874	0	28686	
2875	0	29185	
2876	0	30086	
2877	0	33340	
2878	0	35778	
2879	0	36171	
2880	0	35997	
2881	0	34759	
2882	0	33287	
2883	0	35015	
2884	0	40049	
2885	0	44656	
2886	0	40985	
2887	0	35462	
2888	0	30640	
2889	0	25390	
2890	0	24288	
2891	0	26203	
2892	0	28390	
2893	0	29090	
2894	0	29660	
2895	0	32850	
2896	0	35728	
2897	0	42537	
2898	0	44651	
2899	0	40007	
2900	0	34596	
2901	0	30212	
2902	0	25664	
2903	0	22611	
2904	0	22688	
2905	0	26272	
2906	0	28794	
2907	0	32774	
2908	0	35362	
2909	0	40863	
2910	0	42426	
2911	0	39025	
2912	0	37793	
2913	0	39414	
2914	0	37326	
2915	0	38060	
2916	0	48612	
2917	0	52324	
2918	0	42604	
2919	0	30752	
2920	0	17330	
2921	0	10560	
2922	0	9854	
2923	0	12112	
2924	0	15488	
2925	0	20018	
2926	0	26052	
2927	0	32043	
2928	0	38208	
2929	0	39916	
2930	0	38188	
2931	0	35346	
2932	0	37496	
2933	0	39751	
2934	0	38620	
2935	0	37653	
2936	0	35946	
2937	0	36756	
2938	0	35080	
2939	0	31545	
2940	0	28665	
2941	0	27757	
2942	0	30100	
2943	0	33851	
2944	0	38125	
2945	0	40152	
2946	0	43100	
2947	0	46130	
2948	0	50998	
2949	0	45319	
2950	0	41753	
2951	0	36314	
2952	0	26249	
2953	0	11870	
2954	0	559	
2955	0	2714	
2956	0	6739	
2957	0	10242	
2958	0	24084	
2959	0	37320	
2960	0	42754	
2961	0	46672	
2962	0	45792	
2963	0	42820	
2964	0	38041	
2965	0	36425	
2966	0	37821	
2967	0	39425	
2968	0	36316	
2969	0	33460	
2970	0	33268	
2971	0	32898	
2972	0	30266	
2973	0	29338	
2974	0	29860	
2975	0	31892	
2976	0	33653	
2977	0	37621	
2978	0	46513	
2979	0	50253	
2980	0	46864	
2981	0	37760	
2982	0	28812	
2983	0	21954	
2984	0	19200	
2985	0	20674	
2986	0	25092	
2987	0	30621	
2988	0	35044	
2989	0	38523	
2990	0	39064	
2991	0	37236	
2992	0	33328	
2993	0	28794	
2994	0	25644	
2995	0	23507	
2996	0	23984	
2997	0	26997	
2998	0	33868	
2999	0	40892	
3000	0	46366	
3001	0	43500	
3002	0	37436	
3003	0	39821	
3004	0	46828	
3005	0	45292	
3006	0	33316	
3007	0	21540	
3008	0	15022	
3009	0	15308	
3010	0	21629	
3011	0	23929	
3012	0	22848	
3013	0	25152	
3014	0	27896	
3015	0	28420	
3016	0	28186	
3017	0	31563	
3018	0	34298	
3019	0	34249	
3020	0	34706	
3021	0	36184	
3022	0	38198	
3023	0	38176	
3024	0	38248	
3025	0	41084	
3026	0	44551	
3027	0	47558	
3028	0	47316	
3029	0	42624	
3030	0	32263	
3031	0	24948	
3032	0	25448	
3033	0	30559	
3034	0	29204	
3035	0	27113	
3036	0	28448	
3037	0	30742	
3038	0	30654	
3039	0	26388	
3040	0	23276	
3041	0	22471	
3042	0	23456	
3043	0	27192	
3044	0	30230	
3045	0	33046	
3046	0	37846	
3047	0	41080	
3048	0	40501	
3049	0	40198	
3050	0	39482	
3051	0	42622	
3052	0	44141	
3053	0	42309	
3054	0	38274	
3055	0	35024	
3056	0	31638	
3057	0	28050	
3058	0	24679	
3059	0	23749	
3060	0	26895	
3061	0	33008	
3062	0	36056	
3063	0	39813	
3064	0	38407	
3065	0	33658	
3066	0	28295	
3067	0	23861	
3068	0	21525	
3069	0	23743	
3070	0	27278	
3071	0	29085	
3072	0	35034	
3073	0	40999	
3074	0	41041	
3075	0	36842	
3076	0	35044	
3077	0	31779	
3078	0	28830	
3079	0	27948	
3080	0	26652	
3081	0	26380	
3082	0	28542	
3083	0	32566	
3084	0	34742	
3085	0	35290	
3086	0	35232	
3087	0	34620	
3088	0	35717	
3089	0	37351	
3090	0	43716	
3091	0	47919	
3092	0	54899	
3093	0	54778	
3094	0	50560	
3095	0	37575	
3096	0	23602	
3097	0	12888	
3098	0	7792	
3099	0	9277	
3100	0	10689	
3101	0	13607	
3102	0	21786	
3103	0	26276	
3104	0	31556	
3105	0	33671	
3106	0	37252	
3107	0	38158	
3108	0	35798	
3109	0	34776	
3110	0	33120	
3111	0	33684	
3112	0	36450	
3113	0	37026	
3114	0	36094	
3115	0	35847	
3116	0	35982	
3117	0	35873	
3118	0	37550	
3119	0	41234	
3120	0	41836	
3121	0	39462	
3122	0	34356	
3123	0	30619	
3124	0	30118	
3125	0	31586	
3126	0	31220	
3127	0	35692	
3128	0	40714	
3129	0	50567	
3130	0	47216	
3131	0	38072	
3132	0	27806	
3133	0	23985	
3134	0	20996	
3135	0	20008	
3136	0	24266	
3137	0	23424	
3138	0	22324	
3139	0	24149	
3140	0	26954	
3141	0	28020	
3142	0	28918	
3143	0	29796	
3144	0	31431	
3145	0	37751	
3146	0	43920	
3147	0	45910	
3148	0	46388	
3149	0	41903	
3150	0	37044	
3151	0	31292	
3152	0	28853	
3153	0	28504	
3154	0	32900	
3155	0	33420	
3156	0	29818	
3157	0	29778	
3158	0	27361	
3159	0	26516	
3160	0	28456	
3161	0	30872	
3162	0	32460	
3163	0	29303	
3164	0	29864	
3165	0	28186	
3166	0	26374	
3167	0	26221	
3168	0	28420	
3169	0	30469	
3170	0	34946	
3171	0	41688	
3172	0	47904	
3173	0	48510	
3174	0	43184	
3175	0	36193	
3176	0	30700	
3177	0	30121	
3178	0	30226	
3179	0	29063	
3180	0	28130	
3181	0	29629	
3182	0	31751	
3183	0	33581	
3184	0	33418	
3185	0	34089	
3186	0	37494	
3187	0	39998	
3188	0	40332	
3189	0	41616	
3190	0	40986	
3191	0	35368	
3192	0	29724	
3193	0	26714	
3194	0	29153	
3195	0	27456	
3196	0	28894	
3197	0	28179	
3198	0	27880	
3199	0	27468	
3200	0	26932	
3201	0	25748	
3202	0	26100	
3203	0	26780	
3204	0	29874	
3205	0	32673	
3206	0	37056	
3207	0	42229	
3208	0	44022	
3209	0	42404	
3210	0	40413	
3211	0	36761	
3212	0	32930	
3213	0	33300	
3214	0	34760	
3215	0	32314	
3216	0	31072	
3217	0	29108	
3218	0	26908	
3219	0	26920	
3220	0	25833	
3221	0	24048	
3222	0	23768	
3223	0	24797	
3224	0	27968	
3225	0	29680	
3226	0	31463	
3227	0	35847	
3228	0	40861	
3229	0	43480	
3230	0	42136	
3231	0	39662	
3232	0	37692	
3233	0	34898	
3234	0	34130	
3235	0	34928	
3236	0	41106	
3237	0	43221	
3238	0	42522	
3239	0	39647	
3240	0	32801	
3241	0	25984	
3242	0	27321	
3243	0	29767	
3244	0	25658	
3245	0	24047	
3246	0	22273	
3247	0	23748	
3248	0	22738	
3249	0	23980	
3250	0	26041	
3251	0	28392	
3252	0	31771	
3253	0	35606	
3254	0	41060	
3255	0	42902	
3256	0	44956	
3257	0	48064	
3258	0	44874	
3259	0	38511	
3260	0	31215	
3261	0	24942	
3262	0	22708	
3263	0	24122	
3264	0	25896	
3265	0	25148	
3266	0	25005	
3267	0	26724	
3268	0	28618	
3269	0	30145	
3270	0	33248	
3271	0	38548	
3272	0	43008	
3273	0	43377	
3274	0	41366	
3275	0	38862	
3276	0	35663	
3277	0	38178	
3278	0	40890	
3279	0	39611	
3280	0	37286	
3281	0	35966	
3282	0	32866	
3283	0	27608	
3284	0	23064	
3285	0	24256	
3286	0	22836	
3287	0	24205	
3288	0	30394	
3289	0	30001	
3290	0	28839	
3291	0	29423	
3292	0	28041	
3293	0	27434	
3294	0	29092	
3295	0	31334	
3296	0	31981	
3297	0	30881	
3298	0	35576	
3299	0	41504	
3300	0	41849	
3301	0	40160	
3302	0	36672	
3303	0	34194	
3304	0	35207	
3305	0	35218	
3306	0	33717	
3307	0	33136	
3308	0	35154	
3309	0	35693	
3310	0	38960	
3311	0	38940	
3312	0	43246	
3313	0	44670	
3314	0	37536	
3315	0	28948	
3316	0	20408	
3317	0	13921	
3318	0	13200	
3319	0	15528	
3320	0	18654	
3321	0	24135	
3322	0	30726	
3323	0	38208	
3324	0	40231	
3325	0	40779	
3326	0	41560	
3327	0	43181	
3328	0	47304	
3329	0	45840	
3330	0	37959	
3331	0	28704	
3332	0	22361	
3333	0	18885	
3334	0	18617	
3335	0	21260	
3336	0	23756	
3337	0	29089	
3338	0	32730	
3339	0	36266	
3340	0	38623	
3341	0	39963	
3342	0	39448	
3343	0	38444	
3344	0	37276	
3345	0	36743	
3346	0	36776	
3347	0	40740	
3348	0	43136	
3349	0	41984	
3350	0	39801	
3351	0	34832	
3352	0	30762	
3353	0	26792	
3354	0	24352	
3355	0	26720	
3356	0	29160	
3357	0	31623	
3358	0	28115	
3359	0	26349	
3360	0	27342	
3361	0	30983	
3362	0	33358	
3363	0	36356	
3364	0	34428	
3365	0	31948	
3366	0	27907	
3367	0	27025	
3368	0	29094	
3369	0	30140	
3370	0	30018	
3371	0	30014	
3372	0	29700	
3373	0	30945	
3374	0	33004	
3375	0	37266	
3376	0	39718	
3377	0	41844	
3378	0	40455	
3379	0	37063	
3380	0	33287	
3381	0	31468	
3382	0	32110	
3383	0	32415	
3384	0	32929	
3385	0	33732	
3386	0	32639	
3387	0	31528	
3388	0	29560	
3389	0	28941	
3390	0	29909	
3391	0	30294	
3392	0	31965	
3393	0	33837	
3394	0	35149	
3395	0	35270	
3396	0	34898	
3397	0	34950	
3398	0	37284	
3399	0	38164	
3400	0	38199	
3401	0	38352	
3402	0	36652	
3403	0	32879	
3404	0	29539	
3405	0	26855	
3406	0	25536	
3407	0	26194	
3408	0	27498	
3409	0	28951	
3410	0	29986	
3411	0	32628	
3412	0	37619	
3413	0	39230	
3414	0	36693	
3415	0	33340	
3416	0	30159	
3417	0	33676	
3418	0	34392	
3419	0	32984	
3420	0	33638	
3421	0	31629	
3422	0	30438	
3423	0	29538	
3424	0	30898	
3425	0	31669	
3426	0	32828	
3427	0	33812	
3428	0	34218	
3429	0	35398	
3430	0	34521	
3431	0	32134	
3432	0	28372	
3433	0	28173	
3434	0	28768	
3435	0	28473	
3436	0	29054	
3437	0	30581	
3438	0	33176	
3439	0	38318	
3440	0	38344	
3441	0	36153	
3442	0	33159	
3443	0	31183	
3444	0	31972	
3445	0	33979	
3446	0	34580	
3447	0	33752	
3448	0	33221	
3449	0	32029	
3450	0	30626	
3451	0	30342	
3452	0	30324	
3453	0	31935	
3454	0	34671	
3455	0	36183	
3456	0	35760	
3457	0	36311	
3458	0	35782	
3459	0	33460	
3460	0	30630	
3461	0	29103	
3462	0	28973	
3463	0	29950	
3464	0	31213	
3465	0	33012	
3466	0	35633	
3467	0	37598	
3468	0	37711	
3469	0	36790	
3470	0	37156	
3471	0	38560	
3472	0	38979	
3473	0	36740	
3474	0	33634	
3475	0	28166	
3476	0	24292	
3477	0	26600	
3478	0	36052	
3479	0	36934	
3480	0	35526	
3481	0	30381	
3482	0	26226	
3483	0	22467	
3484	0	21193	
3485	0	21117	
3486	0	21046	
3487	0	24724	
3488	0	31252	
3489	0	35364	
3490	0	38844	
3491	0	41143	
3492	0	42554	
3493	0	44597	
3494	0	46548	
3495	0	45446	
3496	0	39012	
3497	0	31061	
3498	0	24976	
3499	0	22509	
3500	0	23038	
3501	0	25740	
3502	0	26937	
3503	0	28861	
3504	0	32630	
3505	0	34610	
3506	0	35636	
3507	0	37124	
3508	0	37926	
3509	0	36590	
3510	0	35015	
3511	0	33728	
3512	0	33016	
3513	0	33544	
3514	0	34021	
3515	0	33150	
3516	0	34175	
3517	0	36377	
3518	0	36634	
3519	0	34293	
3520	0	32259	
3521	0	30806	
3522	0	29958	
3523	0	29730	
3524	0	28963	
3525	0	27648	
3526	0	27314	
3527	0	30471	
3528	0	33893	
3529	0	34041	
3530	0	33792	
3531	0	34638	
3532	0	33574	
3533	0	34450	
3534	0	36288	
3535	0	35881	
3536	0	33430	
3537	0	31079	
3538	0	29437	
3539	0	28384	
3540	0	28516	
3541	0	29556	
3542	0	31319	
3543	0	32175	
3544	0	32911	
3545	0	34014	
3546	0	34606	
3547	0	34980	
3548	0	34031	
3549	0	36775	
3550	0	41682	
3551	0	42247	
3552	0	38556	
3553	0	32819	
3554	0	27452	
3555	0	24455	
3556	0	23511	
3557	0	24716	
3558	0	26754	
3559	0	31097	
3560	0	35842	
3561	0	37219	
3562	0	36773	
3563	0	36375	
3564	0	35975	
3565	0	35177	
3566	0	33453	
3567	0	34628	
3568	0	35049	
3569	0	32308	
3570	0	29586	
3571	0	29554	
3572	0	30834	
3573	0	31650	
3574	0	34728	
3575	0	34297	
3576	0	32078	
3577	0	30772	
3578	0	31145	
3579	0	31834	
3580	0	32287	
3581	0	32760	
3582	0	33416	
3583	0	33708	
3584	0	33170	
3585	0	32686	
3586	0	32973	
3587	0	33866	
3588	0	35103	
3589	0	35177	
3590	0	34594	
3591	0	33863	
3592	0	33173	
3593	0	32924	
3594	0	32974	
3595	0	33308	
3596	0	33305	
3597	0	33636	
3598	0	34400	
3599	0	34387	
3600	0	33485	
3601	0	34045	
3602	0	34205	
3603	0	32159	
3604	0	29822	
3605	0	28640	
3606	0	28400	
3607	0	29572	
3608	0	32551	
3609	0	34284	
3610	0	32762	
3611	0	31549	
3612	0	31416	
3613	0	31892	
3614	0	32852	
3615	0	32828	
3616	0	32533	
3617	0	33248	
3618	0	33156	
3619	0	34302	
3620	0	36110	
3621	0	34444	
3622	0	34110	
3623	0	35488	
3624	0	35294	
3625	0	32936	
3626	0	30783	
3627	0	27376	
3628	0	24549	
3629	0	24082	
3630	0	24802	
3631	0	27000	
3632	0	30303	
3633	0	34812	
3634	0	38703	
3635	0	40541	
3636	0	38310	
3637	0	37220	
3638	0	36453	
3639	0	35545	
3640	0	34150	
3641	0	32263	
3642	0	30198	
3643	0	28956	
3644	0	28416	
3645	0	29216	
3646	0	30296	
3647	0	31319	
3648	0	33292	
3649	0	35128	
3650	0	35932	
3651	0	35516	
3652	0	35787	
3653	0	36167	
3654	0	35688	
3655	0	35793	
3656	0	34920	
3657	0	33566	
3658	0	32541	
3659	0	30878	
3660	0	29442	
3661	0	29205	
3662	0	29583	
3663	0	29776	
3664	0	31484	
3665	0	32448	
3666	0	34200	
3667	0	34322	
3668	0	33356	
3669	0	31921	
3670	0	31213	
3671	0	30941	
3672	0	31085	
3673	0	31442	
3674	0	32337	
3675	0	32980	
3676	0	32870	
3677	0	33666	
3678	0	34177	
3679	0	34417	
3680	0	34645	
3681	0	34758	
3682	0	34476	
3683	0	34084	
3684	0	36359	
3685	0	38053	
3686	0	37341	
3687	0	35579	
3688	0	32925	
3689	0	32001	
3690	0	32660	
3691	0	31526	
3692	0	29768	
3693	0	28512	
3694	0	26800	
3695	0	26759	
3696	0	27967	
3697	0	29332	
3698	0	29757	
3699	0	30188	
3700	0	32394	
3701	0	34576	
3702	0	36040	
3703	0	36201	
3704	0	36421	
3705	0	35738	
3706	0	35030	
3707	0	34476	
3708	0	34047	
3709	0	33061	
3710	0	32681	
3711	0	32187	
3712	0	31725	
3713	0	31823	
3714	0	31681	
3715	0	32508	
3716	0	33284	
3717	0	33512	
3718	0	34232	
3719	0	36693	
3720	0	38954	
3721	0	38806	
3722	0	36413	
3723	0	33159	
3724	0	29766	
3725	0	27322	
3726	0	25270	
3727	0	24524	
3728	0	26302	
3729	0	28965	
3730	0	31012	
3731	0	32711	
3732	0	33108	
3733	0	33346	
3734	0	34062	
3735	0	34626	
3736	0	34516	
3737	0	34302	
3738	0	33996	
3739	0	34384	
3740	0	34296	
3741	0	34117	
3742	0	35096	
3743	0	35756	
3744	0	35232	
3745	0	35171	
3746	0	36127	
3747	0	35218	
3748	0	33734	
3749	0	31918	
3750	0	29570	
3751	0	28008	
3752	0	27564	
3753	0	28301	
3754	0	30104	
3755	0	31105	
3756	0	32591	
3757	0	33276	
3758	0	33852	
3759	0	33940	
3760	0	33410	
3761	0	33047	
3762	0	32240	
3763	0	32415	
3764	0	33976	
3765	0	34231	
3766	0	33871	
3767	0	34139	
3768	0	34142	
3769	0	33796	
3770	0	32786	
3771	0	31687	
3772	0	31513	
3773	0	31591	
3774	0	31200	
3775	0	30977	
3776	0	31648	
3777	0	32739	
3778	0	33188	
3779	0	33729	
3780	0	33525	
3781	0	33104	
3782	0	32653	
3783	0	32220	
3784	0	31797	
3785	0	31660	
3786	0	31975	
3787	0	32763	
3788	0	33382	
3789	0	33340	
3790	0	33466	
3791	0	33522	
3792	0	33374	
3793	0	33095	
3794	0	33436	
3795	0	33568	
3796	0	33352	
3797	0	32998	
3798	0	33133	
3799	0	33356	
3800	0	34594	
3801	0	35569	
3802	0	35443	
3803	0	36982	
3804	0	37714	
3805	0	37947	
3806	0	37116	
3807	0	35331	
3808	0	32468	
3809	0	29837	
3810	0	28515	
3811	0	28648	
3812	0	28721	
3813	0	28854	
3814	0	29670	
3815	0	31070	
3816	0	32031	
3817	0	32308	
3818	0	32047	
3819	0	31674	
3820	0	31778	
3821	0	31759	
3822	0	32108	
3823	0	32519	
3824	0	32670	
3825	0	33428	
3826	0	34052	
3827	0	34206	
3828	0	34087	
3829	0	34383	
3830	0	34960	
3831	0	34031	
3832	0	33116	
3833	0	31952	
3834	0	30382	
3835	0	29771	
3836	0	30302	
3837	0	30788	
3838	0	31068	
3839	0	31486	
3840	0	32235	
3841	0	33333	
3842	0	33408	
3843	0	33263	
3844	0	33558	
3845	0	34340	
3846	0	34262	
3847	0	33722	
3848	0	33127	
3849	0	32549	
3850	0	31988	
3851	0	31610	
3852	0	31709	
3853	0	31895	
3854	0	32598	
3855	0	33552	
3856	0	34183	
3857	0	33336	
3858	0	32696	
3859	0	32527	
3860	0	32365	
3861	0	32575	
3862	0	32711	
3863	0	32932	
3864	0	32775	
3865	0	33154	
3866	0	33441	
3867	0	32903	
3868	0	32626	
3869	0	33052	
3870	0	33927	
3871	0	34353	
3872	0	33543	
3873	0	32182	
3874	0	31828	
3875	0	31726	
3876	0	31829	
3877	0	31558	
3878	0	31193	
3879	0	31213	
3880	0	31634	
3881	0	32551	
3882	0	33466	
3883	0	33967	
3884	0	34472	
3885	0	35345	
3886	0	35903	
3887	0	38183	
3888	0	37383	
3889	0	34668	
3890	0	31987	
3891	0	29498	
3892	0	27232	
3893	0	26823	
3894	0	28587	
3895	0	30881	
3896	0	33979	
3897	0	35888	
3898	0	36870	
3899	0	33961	
3900	0	31094	
3901	0	29015	
3902	0	27874	
3903	0	27829	
3904	0	28649	
3905	0	29775	
3906	0	31504	
3907	0	33280	
3908	0	34351	
3909	0	35396	
3910	0	35147	
3911	0	35097	
3912	0	34706	
3913	0	34247	
3914	0	34157	
3915	0	34107	
3916	0	33980	
3917	0	33894	
3918	0	33785	
3919	0	33636	
3920	0	33426	
3921	0	33274	
3922	0	33064	
3923	0	32885	
3924	0	32848	
3925	0	32787	
3926	0	32893	
3927	0	33366	
3928	0	34645	
3929	0	34902	
3930	0	33953	
3931	0	32479	
3932	0	31191	
3933	0	30642	
3934	0	30848	
3935	0	31510	
3936	0	31542	
3937	0	31731	
3938	0	31620	
3939	0	31815	
3940	0	32078	
3941	0	32353	
3942	0	32473	
3943	0	32928	
3944	0	33407	
3945	0	33506	
3946	0	33548	
3947	0	33606	
3948	0	33736	
3949	0	33684	
3950	0	33296	
3951	0	33437	
3952	0	33522	
3953	0	33214	
3954	0	32913	
3955	0	32634	
3956	0	32423	
3957	0	32160	
3958	0	32039	
3959	0	32246	
3960	0	32829	
3961	0	33157	
3962	0	34405	
3963	0	35860	
3964	0	35646	
3965	0	36167	
3966	0	34694	
3967	0	32699	
3968	0	31832	
3969	0	31148	
3970	0	30791	
3971	0	30564	
3972	0	28839	
3973	0	27807	
3974	0	28972	
3975	0	29857	
3976	0	30568	
3977	0	31428	
3978	0	32806	
3979	0	33725	
3980	0	34597	
3981	0	34847	
3982	0	34176	
3983	0	33834	
3984	0	33879	
3985	0	33610	
3986	0	33223	
3987	0	32990	
3988	0	32583	
3989	0	32707	
3990	0	32967	
3991	0	32617	
3992	0	32339	
3993	0	32042	
3994	0	32735	
3995	0	33225	
3996	0	33308	
3997	0	32818	
3998	0	32913	
3999	0	33218	
4000	0	33548	
4001	0	33636	
4002	0	33499	
4003	0	33204	
4004	0	33081	
4005	0	33124	
4006	0	32921	
4007	0	32693	
4008	0	32541	
4009	0	32556	
4010	0	32662	
4011	0	32634	
4012	0	32655	
4013	0	32612	
4014	0	32543	
4015	0	32387	
4016	0	32269	
4017	0	32310	
4018	0	32534	
4019	0	32812	
4020	0	32789	
4021	0	32647	
4022	0	32751	
4023	0	32886	
4024	0	33256	
4025	0	33275	
4026	0	33197	
4027	0	33256	
4028	0	32772	
4029	0	32454	
4030	0	32232	
4031	0	32292	
4032	0	32621	
4033	0	32756	
4034	0	32469	
4035	0	32295	
4036	0	32656	
4037	0	33136	
4038	0	33118	
4039	0	32932	
4040	0	32900	
4041	0	33462	
4042	0	34212	
4043	0	35097	
4044	0	36276	
4045	0	35455	
4046	0	34310	
4047	0	32396	
4048	0	30879	
4049	0	29484	
4050	0	28713	
4051	0	28706	
4052	0	29097	
4053	0	30274	
4054	0	31556	
4055	0	32466	
4056	0	33728	
4057	0	34727	
4058	0	35276	
4059	0	35085	
4060	0	35359	
4061	0	34525	
4062	0	33375	
4063	0	32281	
4064	0	31431	
4065	0	31419	
4066	0	31604	
4067	0	31820	
4068	0	31664	
4069	0	31804	
4070	0	32327	
4071	0	32786	
4072	0	33085	
4073	0	33396	
4074	0	33645	
4075	0	33653	
4076	0	33591	
4077	0	33469	
4078	0	33309	
4079	0	33159	
4080	0	33199	
4081	0	33099	
4082	0	33002	
4083	0	32919	
4084	0	33051	
4085	0	33218	
4086	0	33079	
4087	0	33060	
4088	0	33116	
4089	0	33263	
4090	0	33978	
4091	0	33693	
4092	0	33124	
4093	0	32441	
4094	0	31680	
4095	0	30930	
4096	0	30727	
4097	0	30859	
4098	0	31090	
4099	0	31426	
4100	0	31846	
4101	0	32382	
4102	0	32967	
4103	0	33595	
4104	0	33810	
4105	0	33835	
4106	0	33632	
4107	0	33377	
4108	0	33199	
4109	0	33148	
4110	0	33049	
4111	0	32871	
4112	0	32775	
4113	0	32817	
4114	0	32820	
4115	0	32843	
4116	0	32799	
4117	0	32734	
4118	0	32751	
4119	0	32742	
4120	0	32775	
4121	0	32711	
4122	0	32681	
4123	0	32846	
4124	0	33031	
4125	0	32989	
4126	0	32853	
4127	0	32735	
4128	0	32551	
4129	0	32487	
4130	0	32519	
4131	0	32634	
4132	0	32747	
4133	0	32885	
4134	0	32927	
4135	0	33085	
4136	0	33396	
4137	0	33940	
4138	0	34119	
4139	0	33625	
4140	0	32941	
4141	0	32236	
4142	0	31491	
4143	0	30930	
4144	0	30914	
4145	0	31111	
4146	0	31892	
4147	0	32656	
4148	0	32790	
4149	0	32829	
4150	0	33030	
4151	0	33185	
4152	0	33280	
4153	0	33256	
4154	0	33234	
4155	0	33049	
4156	0	33039	
4157	0	33263	
4158	0	33654	
4159	0	33429	
4160	0	32882	
4161	0	32324	
4162	0	32212	
4163	0	32347	
4164	0	32536	
4165	0	32665	
4166	0	32738	
4167	0	32820	
4168	0	32970	
4169	0	33081	
4170	0	32912	
4171	0	32918	
4172	0	32871	
4173	0	32927	
4174	0	33024	
4175	0	32956	
4176	0	32799	
4177	0	32707	
4178	0	32772	
4179	0	32756	
4180	0	32765	
4181	0	32804	
4182	0	32826	
4183	0	32942	
4184	0	32911	
4185	0	32936	
4186	0	32860	
4187	0	32829	
4188	0	32827	
4189	0	32817	
4190	0	32891	
4191	0	32914	
4192	0	33159	
4193	0	33255	
4194	0	32934	
4195	0	32642	
4196	0	32342	
4197	0	32263	
4198	0	32499	
4199	0	33003	
4200	0	33132	
4201	0	33058	
4202	0	33135	
4203	0	33243	
4204	0	32852	
4205	0	32745	
4206	0	33213	
4207	0	33103	
4208	0	32545	
4209	0	31790	
4210	0	31236	
4211	0	31331	
4212	0	31129	
4213	0	31043	
4214	0	31649	
4215	0	32291	
4216	0	32917	
4217	0	33999	
4218	0	34375	
4219	0	34144	
4220	0	33639	
4221	0	33182	
4222	0	32769	
4223	0	32448	
4224	0	32351	
4225	0	32438	
4226	0	32431	
4227	0	32566	
4228	0	32839	
4229	0	32974	
4230	0	33074	
4231	0	33372	
4232	0	33460	
4233	0	33195	
4234	0	32952	
4235	0	32793	
4236	0	32743	
4237	0	32783	
4238	0	32913	
4239	0	32837	
4240	0	32734	
4241	0	32614	
4242	0	32470	
4243	0	32470	
4244	0	32535	
4245	0	32578	
4246	0	32599	
4247	0	32660	
4248	0	33180	
4249	0	33674	
4250	0	33504	
4251	0	32885	
4252	0	32244	
4253	0	31940	
4254	0	31844	
4255	0	31986	
4256	0	32135	
4257	0	32380	
4258	0	32653	
4259	0	33084	
4260	0	33263	
4261	0	33149	
4262	0	33216	
4263	0	33151	
4264	0	33077	
4265	0	33119	
4266	0	33020	
4267	0	32890	
4268	0	32735	
4269	0	32719	
4270	0	32723	
4271	0	32930	
4272	0	32801	
4273	0	32639	
4274	0	32719	
4275	0	32821	
4276	0	32903	
4277	0	32848	
4278	0	32818	
4279	0	32937	
4280	0	32790	
4281	0	32719	
4282	0	32765	
4283	0	32892	
4284	0	32988	
4285	0	32949	
4286	0	32839	
4287	0	32770	
4288	0	32839	
4289	0	32787	
4290	0	32696	
4291	0	32667	
4292	0	32742	
4293	0	32741	
4294	0	32747	
4295	0	32761	
4296	0	32772	
4297	0	32935	
4298	0	33287	
4299	0	33112	
4300	0	32966	
4301	0	32768	
4302	0	32988	
4303	0	33242	
4304	0	33150	
4305	0	32860	
4306	0	32813	
4307	0	32500	
4308	0	32195	
4309	0	31964	
4310	0	31926	
4311	0	32208	
4312	0	32263	
4313	0	32388	
4314	0	32692	
4315	0	32792	
4316	0	32873	
4317	0	32986	
4318	0	33124	
4319	0	33225	
4320	0	33734	
4321	0	33705	
4322	0	33215	
4323	0	32866	
4324	0	32534	
4325	0	32228	
4326	0	32124	
4327	0	32208	
4328	0	32288	
4329	0	32465	
4330	0	32679	
4331	0	32729	
4332	0	33238	
4333	0	33515	
4334	0	33462	
4335	0	33194	
4336	0	32768	
4337	0	32548	
4338	0	32513	
4339	0	32542	
4340	0	32306	
4341	0	32387	
4342	0	32528	
4343	0	32560	
4344	0	32410	
4345	0	32590	
4346	0	32623	
4347	0	32684	
4348	0	32619	
4349	0	32592	
4350	0	32575	
4351	0	32665	
4352	0	32746	
4353	0	32894	
4354	0	33086	
4355	0	33223	
4356	0	33207	
4357	0	33202	
4358	0	33060	
4359	0	32976	
4360	0	32775	
4361	0	32717	
4362	0	32749	
4363	0	32717	
4364	0	32740	
4365	0	32730	
4366	0	32702	
4367	0	32682	
4368	0	32530	
4369	0	32389	
4370	0	32391	
4371	0	32539	
4372	0	32653	
4373	0	32804	
4374	0	32951	
4375	0	32854	
4376	0	32765	
4377	0	32945	
4378	0	33008	
4379	0	32908	
4380	0	32755	
4381	0	32484	
4382	0	32259	
4383	0	32261	
4384	0	33027	
4385	0	33536	
4386	0	33322	
4387	0	32962	
4388	0	32444	
4389	0	32400	
4390	0	32477	
4391	0	32895	
4392	0	32872	
4393	0	32642	
4394	0	32450	
4395	0	32459	
4396	0	32654	
4397	0	32562	
4398	0	32570	
4399	0	32671	
4400	0	33302	
4401	0	33668	
4402	0	33477	
4403	0	33095	
4404	0	32742	
4405	0	32497	
4406	0	32443	
4407	0	32485	
4408	0	32569	
4409	0	32515	
4410	0	32517	
4411	0	32639	
4412	0	33100	
4413	0	33358	
4414	0	33248	
4415	0	33127	
4416	0	33046	
4417	0	32908	
4418	0	32740	
4419	0	32725	
4420	0	32720	
4421	0	32864	
4422	0	32941	
4423	0	32967	
4424	0	32938	
4425	0	32877	
4426	0	32741	
4427	0	32641	
4428	0	32612	
4429	0	32617	
4430	0	32656	
4431	0	32740	
4432	0	32769	
4433	0	32818	
4434	0	32903	
4435	0	32982	
4436	0	32948	
4437	0	32887	
4438	0	32834	
4439	0	32828	
4440	0	32863	
4441	0	32749	
4442	0	32759	
4443	0	32611	
4444	0	32692	
4445	0	32817	
4446	0	32935	
4447	0	32969	
4448	0	32708	
4449	0	32671	
4450	0	32615	
4451	0	32775	
4452	0	32788	
4453	0	32795	
4454	0	32717	
4455	0	32967	
4456	0	33009	
4457	0	33061	
4458	0	33136	
4459	0	33197	
4460	0	32967	
4461	0	32791	
4462	0	32410	
4463	0	32020	
4464	0	31823	
4465	0	31887	
4466	0	32021	
4467	0	32418	
4468	0	32671	
4469	0	32930	
4470	0	33046	
4471	0	33093	
4472	0	33109	
4473	0	33143	
4474	0	33181	
4475	0	33087	
4476	0	33016	
4477	0	32916	
4478	0	32809	
4479	0	32838	
4480	0	32914	
4481	0	33598	
4482	0	34123	
4483	0	34084	
4484	0	33832	
4485	0	33274	
4486	0	32796	
4487	0	32077	
4488	0	31218	
4489	0	30630	
4490	0	30613	
4491	0	31143	
4492	0	31358	
4493	0	31964	
4494	0	32840	
4495	0	33229	
4496	0	33325	
4497	0	33454	
4498	0	33381	
4499	0	33094	
4500	0	32876	
4501	0	32891	
4502	0	32828	
4503	0	32874	
4504	0	32957	
4505	0	32903	
4506	0	32848	
4507	0	32796	
4508	0	32967	
4509	0	33010	
4510	0	33007	
4511	0	32949	
4512	0	32909	
4513	0	32879	
4514	0	32835	
4515	0	32855	
4516	0	32884	
4517	0	32746	
4518	0	32752	
4519	0	33115	
4520	0	33145	
4521	0	32872	
4522	0	32622	
4523	0	32333	
4524	0	32130	
4525	0	32391	
4526	0	32450	
4527	0	32130	
4528	0	32085	
4529	0	31884	
4530	0	31838	
4531	0	32233	
4532	0	32535	
4533	0	32807	
4534	0	32789	
4535	0	32711	
4536	0	32767	
4537	0	32943	
4538	0	33032	
4539	0	33100	
4540	0	33176	
4541	0	33110	
4542	0	33106	
4543	0	33081	
4544	0	33071	
4545	0	32959	
4546	0	32944	
4547	0	33028	
4548	0	33060	
4549	0	32950	
4550	0	32863	
4551	0	32763	
4552	0	32684	
4553	0	32663	
4554	0	32775	
4555	0	32838	
4556	0	32877	
4557	0	32893	
4558	0	32772	
4559	0	32866	
4560	0	32879	
4561	0	32874	
4562	0	32979	
4563	0	32999	
4564	0	33018	
4565	0	32881	
4566	0	32889	
4567	0	32837	
4568	0	32763	
4569	0	32756	
4570	0	32748	
4571	0	32775	
4572	0	33331	
4573	0	33821	
4574	0	33700	
4575	0	33287	
4576	0	32852	
4577	0	32487	
4578	0	32400	
4579	0	32252	
4580	0	32319	
4581	0	32250	
4582	0	32519	
4583	0	32764	
4584	0	32448	
4585	0	32367	
4586	0	32406	
4587	0	32370	
4588	0	32453	
4589	0	32455	
4590	0	32541	
4591	0	32582	
4592	0	32726	
4593	0	32843	
4594	0	32999	
4595	0	33048	
4596	0	33042	
4597	0	33087	
4598	0	33021	
4599	0	32997	
4600	0	32917	
4601	0	32801	
4602	0	32699	
4603	0	32700	
4604	0	32833	
4605	0	32834	
4606	0	32839	
4607	0	32897	
4608	0	32867	
4609	0	32757	
4610	0	32698	
4611	0	32744	
4612	0	32841	
4613	0	32770	
4614	0	32711	
4615	0	32788	
4616	0	32824	
4617	0	32902	
4618	0	32871	
4619	0	32759	
4620	0	32775	
4621	0	32631	
4622	0	32637	
4623	0	32752	
4624	0	32711	
4625	0	32617	
4626	0	32391	
4627	0	32362	
4628	0	32375	
4629	0	32477	
4630	0	32615	
4631	0	32641	
4632	0	32734	
4633	0	32878	
4634	0	32829	
4635	0	32774	
4636	0	32833	
4637	0	32839	
4638	0	32813	
4639	0	32855	
4640	0	32755	
4641	0	32764	
4642	0	32873	
4643	0	32919	
4644	0	32863	
4645	0	32839	
4646	0	32803	
4647	0	32972	
4648	0	33037	
4649	0	33192	
4650	0	33132	
4651	0	33070	
4652	0	32890	
4653	0	32562	
4654	0	32664	
4655	0	32498	
4656	0	32343	
4657	0	32380	
4658	0	32686	
4659	0	32711	
4660	0	32647	
4661	0	32620	
4662	0	32587	
4663	0	32548	
4664	0	32536	
4665	0	32571	
4666	0	32668	
4667	0	32954	
4668	0	32858	
4669	0	32848	
4670	0	32875	
4671	0	32892	
4672	0	33129	
4673	0	33031	
4674	0	33095	
4675	0	33039	
4676	0	32885	
4677	0	32695	
4678	0	32711	
4679	0	32786	
4680	0	33415	
4681	0	33522	
4682	0	33271	
4683	0	32991	
4684	0	32775	
4685	0	32430	
4686	0	32092	
4687	0	32007	
4688	0	32313	
4689	0	32826	
4690	0	33163	
4691	0	33101	
4692	0	32937	
4693	0	32720	
4694	0	32442	
4695	0	32313	
4696	0	32225	
4697	0	32455	
4698	0	32796	
4699	0	32850	
4700	0	32832	
4701	0	33095	
4702	0	33200	
4703	0	33033	
4704	0	32827	
4705	0	32695	
4706	0	32659	
4707	0	32632	
4708	0	32802	
4709	0	32902	
4710	0	32742	
4711	0	32857	
4712	0	32827	
4713	0	32999	
4714	0	32903	
4715	0	32658	
4716	0	32572	
4717	0	32519	
4718	0	32397	
4719	0	32470	
4720	0	32536	
4721	0	32668	
4722	0	33046	
4723	0	33172	
4724	0	33234	
4725	0	33220	
4726	0	33369	
4727	0	33375	
4728	0	33132	
4729	0	32759	
4730	0	32374	
4731	0	32124	
4732	0	32215	
4733	0	32639	
4734	0	32637	
4735	0	32511	
4736	0	32455	
4737	0	32295	
4738	0	32370	
4739	0	32443	
4740	0	32580	
4741	0	32732	
4742	0	32813	
4743	0	32758	
4744	0	32749	
4745	0	32871	
4746	0	32928	
4747	0	32865	
4748	0	32956	
4749	0	33037	
4750	0	33048	
4751	0	32990	
4752	0	32954	
4753	0	32950	
4754	0	32939	
4755	0	32891	
4756	0	32848	
4757	0	32798	
4758	0	32717	
4759	0	32678	
4760	0	32664	
4761	0	32792	
4762	0	32855	
4763	0	32762	
4764	0	32673	
4765	0	32766	
4766	0	33065	
4767	0	33254	
4768	0	33317	
4769	0	33313	
4770	0	33318	
4771	0	33543	
4772	0	33249	
4773	0	32567	
4774	0	32111	
4775	0	32189	
4776	0	32370	
4777	0	32694	
4778	0	32596	
4779	0	32692	
4780	0	32310	
4781	0	32107	
4782	0	32012	
4783	0	32111	
4784	0	32375	
4785	0	32198	
4786	0	32207	
4787	0	32206	
4788	0	32339	
4789	0	32583	
4790	0	32775	
4791	0	33079	
4792	0	33233	
4793	0	33284	
4794	0	33287	
4795	0	33142	
4796	0	33183	
4797	0	33144	
4798	0	33191	
4799	0	33133	
4800	0	33045	
4801	0	33004	
4802	0	32964	
4803	0	32892	
4804	0	32836	
4805	0	32690	
4806	0	32962	
4807	0	33455	
4808	0	33634	
4809	0	33426	
4810	0	33045	
4811	0	32679	
4812	0	32390	
4813	0	32218	
4814	0	32096	
4815	0	32092	
4816	0	32147	
4817	0	32199	
4818	0	32237	
4819	0	32602	
4820	0	33124	
4821	0	33379	
4822	0	33296	
4823	0	33370	
4824	0	33393	
4825	0	33133	
4826	0	32870	
4827	0	32594	
4828	0	32397	
4829	0	32358	
4830	0	32531	
4831	0	32598	
4832	0	32710	
4833	0	32681	
4834	0	32551	
4835	0	32709	
4836	0	32744	
4837	0	32774	
4838	0	32823	
4839	0	32669	
4840	0	32692	
4841	0	32761	
4842	0	32807	
4843	0	32740	
4844	0	32678	
4845	0	32717	
4846	0	32614	
4847	0	32585	
4848	0	32825	
4849	0	33655	
4850	0	34658	
4851	0	34228	
4852	0	33190	
4853	0	32575	
4854	0	31991	
4855	0	31749	
4856	0	31719	
4857	0	31680	
4858	0	31574	
4859	0	31691	
4860	0	31623	
4861	0	32132	
4862	0	32951	
4863	0	33376	
4864	0	33452	
4865	0	33356	
4866	0	33054	
4867	0	32919	
4868	0	32820	
4869	0	32861	
4870	0	32856	
4871	0	32839	
4872	0	32839	
4873	0	32860	
4874	0	32934	
4875	0	33031	
4876	0	32940	
4877	0	32721	
4878	0	32647	
4879	0	32613	
4880	0	32617	
4881	0	32674	
4882	0	32644	
4883	0	32913	
4884	0	32912	
4885	0	32888	
4886	0	33274	
4887	0	33714	
4888	0	33604	
4889	0	33188	
4890	0	32704	
4891	0	32308	
4892	0	32263	
4893	0	32420	
4894	0	32506	
4895	0	32530	
4896	0	32608	
4897	0	32640	
4898	0	32497	
4899	0	32559	
4900	0	32725	
4901	0	32922	
4902	0	32919	
4903	0	32819	
4904	0	32740	
4905	0	32726	
4906	0	32759	
4907	0	32726	
4908	0	32794	
4909	0	32875	
4910	0	32945	
4911	0	32999	
4912	0	33095	
4913	0	33092	
4914	0	33046	
4915	0	33020	
4916	0	33010	
4917	0	32967	
4918	0	32956	
4919	0	32975	
4920	0	33031	
4921	0	32975	
4922	0	33016	
4923	0	33001	
4924	0	32866	
4925	0	32780	
4926	0	32654	
4927	0	32583	
4928	0	32604	
4929	0	32717	
4930	0	32681	
4931	0	32649	
4932	0	32775	
4933	0	32737	
4934	0	32856	
4935	0	32891	
4936	0	32880	
4937	0	32793	
4938	0	32767	
4939	0	32749	
4940	0	32633	
4941	0	32362	
4942	0	32896	
4943	0	33484	
4944	0	33145	
4945	0	32513	
4946	0	32199	
4947	0	31943	
4948	0	32036	
4949	0	32314	
