# OpenSignals Text File Format
# {"00:07:80:FC:57:23": {"sensor": ["EMG"], "device name": "00:07:80:FC:57:23", "column": ["nSeq", "DI", "trapezio"], "sync interval": 2, "time": "12:55:43.536", "comments": "", "device connection": "BTH00:07:80:FC:57:23", "channels": [1], "keywords": "", "convertedValues": 0, "digital IO": [0, 1], "mode": 0, "date": "2018-7-9", "firmware version": 773, "device": "biosignalsplux", "position": 0, "sampling rate": 1000, "label": ["trapezio"], "resolution": [16], "forcePlatform values": [0.0, 0.0, 0.0, 0.0, 0.0, 0.0, 0.0, 0.0], "special": [{}]}}
# EndOfHeader
0	0	19933	
1	0	18965	
2	0	19559	
3	0	23721	
4	0	29088	
5	0	36847	
6	0	43082	
7	0	47641	
8	0	52334	
9	0	53319	
10	0	51015	
11	0	40652	
12	0	28708	
13	0	21840	
14	0	18744	
15	0	16868	
16	0	19807	
17	0	24354	
18	0	30780	
19	0	35470	
20	0	42181	
21	0	50301	
22	0	51148	
23	0	44377	
24	0	33356	
25	0	24376	
26	0	24944	
27	0	29512	
28	0	34360	
29	0	38241	
30	0	43344	
31	0	44112	
32	0	37746	
33	0	31201	
34	0	28726	
35	0	30392	
36	0	32775	
37	0	33424	
38	0	27879	
39	0	20532	
40	0	18038	
41	0	20952	
42	0	28608	
43	0	33123	
44	0	37720	
45	0	41744	
46	0	46394	
47	0	48024	
48	0	44409	
49	0	37776	
50	0	31521	
51	0	27701	
52	0	25884	
53	0	23529	
54	0	19401	
55	0	18134	
56	0	20067	
57	0	20792	
58	0	15850	
59	0	13332	
60	0	17468	
61	0	25618	
62	0	35348	
63	0	43644	
64	0	48404	
65	0	55357	
66	0	58363	
67	0	56804	
68	0	53884	
69	0	54111	
70	0	53255	
71	0	48323	
72	0	41640	
73	0	33354	
74	0	28112	
75	0	24998	
76	0	17938	
77	0	12914	
78	0	9213	
79	0	9965	
80	0	16764	
81	0	21488	
82	0	27808	
83	0	32989	
84	0	32198	
85	0	30973	
86	0	32471	
87	0	35316	
88	0	39736	
89	0	43892	
90	0	47140	
91	0	51680	
92	0	49743	
93	0	40670	
94	0	32964	
95	0	25789	
96	0	20070	
97	0	17109	
98	0	19681	
99	0	24220	
100	0	29494	
101	0	30125	
102	0	29109	
103	0	32478	
104	0	34547	
105	0	36076	
106	0	38064	
107	0	40814	
108	0	41647	
109	0	41830	
110	0	38631	
111	0	35869	
112	0	32111	
113	0	27263	
114	0	22400	
115	0	22981	
116	0	26535	
117	0	30712	
118	0	32652	
119	0	28020	
120	0	28378	
121	0	31330	
122	0	35137	
123	0	41486	
124	0	47664	
125	0	52624	
126	0	53376	
127	0	46685	
128	0	38144	
129	0	31022	
130	0	26388	
131	0	22196	
132	0	19496	
133	0	18835	
134	0	13940	
135	0	6957	
136	0	8875	
137	0	11926	
138	0	14637	
139	0	30598	
140	0	49372	
141	0	65464	
142	0	65532	
143	0	62976	
144	0	58913	
145	0	36805	
146	0	23314	
147	0	16391	
148	0	18946	
149	0	28061	
150	0	37122	
151	0	41867	
152	0	44231	
153	0	48327	
154	0	46688	
155	0	38676	
156	0	32321	
157	0	29535	
158	0	28802	
159	0	26031	
160	0	24558	
161	0	23516	
162	0	22518	
163	0	22866	
164	0	23957	
165	0	26252	
166	0	29639	
167	0	31687	
168	0	29865	
169	0	29469	
170	0	30215	
171	0	30380	
172	0	31910	
173	0	33735	
174	0	34224	
175	0	33660	
176	0	34276	
177	0	33709	
178	0	34274	
179	0	35942	
180	0	36668	
181	0	35010	
182	0	34192	
183	0	34976	
184	0	35742	
185	0	34802	
186	0	32996	
187	0	28304	
188	0	23352	
189	0	14444	
190	0	9513	
191	0	11870	
192	0	14550	
193	0	30132	
194	0	40384	
195	0	51168	
196	0	60133	
197	0	60691	
198	0	56823	
199	0	51435	
200	0	47337	
201	0	42686	
202	0	37018	
203	0	30919	
204	0	24549	
205	0	25565	
206	0	29601	
207	0	32112	
208	0	33356	
209	0	32320	
210	0	26502	
211	0	23486	
212	0	19711	
213	0	16581	
214	0	21242	
215	0	27977	
216	0	35719	
217	0	44364	
218	0	47168	
219	0	43847	
220	0	34768	
221	0	23266	
222	0	16419	
223	0	15172	
224	0	21421	
225	0	33570	
226	0	47138	
227	0	58170	
228	0	60039	
229	0	56992	
230	0	53860	
231	0	37742	
232	0	27282	
233	0	21703	
234	0	19399	
235	0	21405	
236	0	23664	
237	0	24997	
238	0	27334	
239	0	30837	
240	0	31164	
241	0	28174	
242	0	26375	
243	0	26755	
244	0	27578	
245	0	28524	
246	0	29702	
247	0	28706	
248	0	23393	
249	0	18982	
250	0	15577	
251	0	17711	
252	0	20832	
253	0	21971	
254	0	28120	
255	0	41948	
256	0	55804	
257	0	64332	
258	0	65535	
259	0	61933	
260	0	58072	
261	0	54738	
262	0	31751	
263	0	17956	
264	0	13448	
265	0	16459	
266	0	24359	
267	0	31389	
268	0	36929	
269	0	39047	
270	0	31948	
271	0	20752	
272	0	17022	
273	0	18659	
274	0	20529	
275	0	24231	
276	0	32198	
277	0	41645	
278	0	48269	
279	0	47815	
280	0	42281	
281	0	34852	
282	0	33345	
283	0	38310	
284	0	45863	
285	0	50104	
286	0	51242	
287	0	44527	
288	0	34341	
289	0	25436	
290	0	16612	
291	0	11684	
292	0	16129	
293	0	22624	
294	0	25652	
295	0	25577	
296	0	29404	
297	0	34597	
298	0	39021	
299	0	37606	
300	0	37601	
301	0	40784	
302	0	43332	
303	0	39570	
304	0	36231	
305	0	32908	
306	0	30209	
307	0	27294	
308	0	24263	
309	0	18576	
310	0	16598	
311	0	19911	
312	0	25694	
313	0	33266	
314	0	39720	
315	0	44840	
316	0	40592	
317	0	30130	
318	0	24059	
319	0	24730	
320	0	29398	
321	0	33920	
322	0	38140	
323	0	41976	
324	0	47111	
325	0	44838	
326	0	39453	
327	0	33400	
328	0	31604	
329	0	30022	
330	0	24928	
331	0	24913	
332	0	26936	
333	0	32690	
334	0	39917	
335	0	45187	
336	0	42896	
337	0	33151	
338	0	27530	
339	0	30626	
340	0	34758	
341	0	35894	
342	0	33625	
343	0	33823	
344	0	36359	
345	0	37552	
346	0	37936	
347	0	37837	
348	0	38303	
349	0	36231	
350	0	34358	
351	0	31081	
352	0	25202	
353	0	17444	
354	0	16426	
355	0	18916	
356	0	20783	
357	0	25258	
358	0	30189	
359	0	36644	
360	0	40711	
361	0	40372	
362	0	40358	
363	0	41938	
364	0	41549	
365	0	38485	
366	0	34542	
367	0	32026	
368	0	31751	
369	0	30440	
370	0	28357	
371	0	27227	
372	0	27957	
373	0	28695	
374	0	28558	
375	0	23087	
376	0	15164	
377	0	17261	
378	0	22529	
379	0	28970	
380	0	38796	
381	0	46125	
382	0	46194	
383	0	41494	
384	0	32743	
385	0	26390	
386	0	23478	
387	0	26820	
388	0	34754	
389	0	41904	
390	0	47744	
391	0	51450	
392	0	47840	
393	0	44743	
394	0	38541	
395	0	31456	
396	0	30086	
397	0	31629	
398	0	34695	
399	0	34568	
400	0	31116	
401	0	29386	
402	0	27892	
403	0	28586	
404	0	31602	
405	0	34980	
406	0	33588	
407	0	29752	
408	0	31838	
409	0	35949	
410	0	37018	
411	0	32584	
412	0	23600	
413	0	15681	
414	0	14620	
415	0	18708	
416	0	27751	
417	0	36999	
418	0	42448	
419	0	46949	
420	0	50372	
421	0	48964	
422	0	45636	
423	0	42151	
424	0	40256	
425	0	39330	
426	0	37292	
427	0	32928	
428	0	28571	
429	0	26053	
430	0	24402	
431	0	23386	
432	0	21599	
433	0	18665	
434	0	17025	
435	0	18042	
436	0	21019	
437	0	23809	
438	0	29250	
439	0	36611	
440	0	39988	
441	0	39741	
442	0	37283	
443	0	36870	
444	0	36901	
445	0	36047	
446	0	29204	
447	0	25220	
448	0	28031	
449	0	31473	
450	0	30932	
451	0	30952	
452	0	35740	
453	0	42460	
454	0	45769	
455	0	45668	
456	0	44308	
457	0	37794	
458	0	31497	
459	0	28260	
460	0	29918	
461	0	28658	
462	0	25444	
463	0	27900	
464	0	36108	
465	0	41138	
466	0	42551	
467	0	38859	
468	0	32812	
469	0	29060	
470	0	23794	
471	0	18991	
472	0	20452	
473	0	28301	
474	0	40707	
475	0	48884	
476	0	50144	
477	0	47848	
478	0	39976	
479	0	33477	
480	0	30364	
481	0	29149	
482	0	28648	
483	0	28877	
484	0	33423	
485	0	36666	
486	0	33116	
487	0	27833	
488	0	23924	
489	0	23247	
490	0	24310	
491	0	22041	
492	0	21940	
493	0	26045	
494	0	25957	
495	0	26781	
496	0	27957	
497	0	30889	
498	0	35605	
499	0	39196	
500	0	41004	
501	0	45152	
502	0	49058	
503	0	50864	
504	0	44773	
505	0	37972	
506	0	33528	
507	0	30200	
508	0	30128	
509	0	31472	
510	0	32809	
511	0	34259	
512	0	34144	
513	0	33760	
514	0	32263	
515	0	28577	
516	0	23996	
517	0	21184	
518	0	16911	
519	0	14559	
520	0	17261	
521	0	25065	
522	0	34932	
523	0	40526	
524	0	43980	
525	0	46801	
526	0	49685	
527	0	47253	
528	0	44038	
529	0	41574	
530	0	36944	
531	0	33786	
532	0	31284	
533	0	29757	
534	0	29232	
535	0	30022	
536	0	29703	
537	0	28236	
538	0	27972	
539	0	28472	
540	0	28358	
541	0	27834	
542	0	27510	
543	0	26988	
544	0	25537	
545	0	20718	
546	0	11175	
547	0	11669	
548	0	14244	
549	0	29148	
550	0	43084	
551	0	53319	
552	0	60136	
553	0	59648	
554	0	51052	
555	0	43116	
556	0	38230	
557	0	33690	
558	0	26770	
559	0	23158	
560	0	24408	
561	0	29798	
562	0	35756	
563	0	38548	
564	0	37458	
565	0	34004	
566	0	34242	
567	0	31238	
568	0	21180	
569	0	18829	
570	0	25104	
571	0	37218	
572	0	49156	
573	0	53231	
574	0	47623	
575	0	41500	
576	0	35538	
577	0	29756	
578	0	22932	
579	0	14856	
580	0	13569	
581	0	21397	
582	0	35037	
583	0	42568	
584	0	45238	
585	0	47040	
586	0	48646	
587	0	40233	
588	0	32248	
589	0	28160	
590	0	27099	
591	0	26537	
592	0	24832	
593	0	26438	
594	0	30394	
595	0	35116	
596	0	35577	
597	0	34823	
598	0	34857	
599	0	34052	
600	0	30599	
601	0	27848	
602	0	26904	
603	0	23869	
604	0	20890	
605	0	22604	
606	0	26423	
607	0	30296	
608	0	32924	
609	0	34834	
610	0	33057	
611	0	30456	
612	0	31149	
613	0	31556	
614	0	34964	
615	0	32960	
616	0	26292	
617	0	26500	
618	0	30724	
619	0	34232	
620	0	35208	
621	0	38516	
622	0	43066	
623	0	46953	
624	0	48268	
625	0	47690	
626	0	46691	
627	0	43364	
628	0	38300	
629	0	33772	
630	0	25513	
631	0	19314	
632	0	20463	
633	0	25000	
634	0	27847	
635	0	25103	
636	0	27186	
637	0	32564	
638	0	34614	
639	0	32712	
640	0	32683	
641	0	36797	
642	0	37574	
643	0	36454	
644	0	37306	
645	0	38126	
646	0	37696	
647	0	36505	
648	0	37032	
649	0	37378	
650	0	36004	
651	0	32717	
652	0	29048	
653	0	25354	
654	0	25996	
655	0	29191	
656	0	31622	
657	0	34044	
658	0	35324	
659	0	35318	
660	0	34308	
661	0	30837	
662	0	28500	
663	0	27366	
664	0	26790	
665	0	26371	
666	0	26195	
667	0	26471	
668	0	27796	
669	0	30890	
670	0	34434	
671	0	37604	
672	0	37502	
673	0	39380	
674	0	39689	
675	0	37435	
676	0	33146	
677	0	31001	
678	0	32399	
679	0	33157	
680	0	33671	
681	0	33556	
682	0	34360	
683	0	33972	
684	0	32391	
685	0	31006	
686	0	29839	
687	0	29530	
688	0	29460	
689	0	30057	
690	0	30672	
691	0	33030	
692	0	36116	
693	0	37672	
694	0	37901	
695	0	35036	
696	0	27168	
697	0	23629	
698	0	25602	
699	0	29638	
700	0	33253	
701	0	36989	
702	0	41687	
703	0	38986	
704	0	31854	
705	0	31726	
706	0	34454	
707	0	36486	
708	0	38308	
709	0	40726	
710	0	43724	
711	0	43082	
712	0	39332	
713	0	32795	
714	0	28646	
715	0	27266	
716	0	26247	
717	0	25161	
718	0	22935	
719	0	20655	
720	0	18363	
721	0	19456	
722	0	25274	
723	0	32799	
724	0	39110	
725	0	40300	
726	0	42310	
727	0	42965	
728	0	40234	
729	0	38748	
730	0	34608	
731	0	32207	
732	0	33997	
733	0	34834	
734	0	36136	
735	0	36782	
736	0	36188	
737	0	35308	
738	0	32882	
739	0	31584	
740	0	31354	
741	0	29725	
742	0	27954	
743	0	27002	
744	0	27673	
745	0	29504	
746	0	31768	
747	0	32156	
748	0	32519	
749	0	32167	
750	0	31078	
751	0	30538	
752	0	29950	
753	0	26698	
754	0	23190	
755	0	18090	
756	0	16345	
757	0	23456	
758	0	30400	
759	0	37328	
760	0	40493	
761	0	42579	
762	0	48372	
763	0	49060	
764	0	45784	
765	0	40995	
766	0	34770	
767	0	33621	
768	0	36271	
769	0	39344	
770	0	42100	
771	0	43431	
772	0	40320	
773	0	35107	
774	0	33351	
775	0	31749	
776	0	29079	
777	0	27045	
778	0	25942	
779	0	26536	
780	0	26726	
781	0	27166	
782	0	25517	
783	0	25076	
784	0	26992	
785	0	29157	
786	0	31716	
787	0	33636	
788	0	33797	
789	0	32832	
790	0	29664	
791	0	25799	
792	0	24825	
793	0	28794	
794	0	35401	
795	0	40128	
796	0	41746	
797	0	42177	
798	0	42212	
799	0	44127	
800	0	42302	
801	0	37124	
802	0	32464	
803	0	29831	
804	0	27021	
805	0	24840	
806	0	24128	
807	0	26908	
808	0	28916	
809	0	27141	
810	0	26893	
811	0	27312	
812	0	28869	
813	0	30727	
814	0	34932	
815	0	40760	
816	0	44686	
817	0	44529	
818	0	42310	
819	0	40377	
820	0	36985	
821	0	31684	
822	0	28515	
823	0	29076	
824	0	29830	
825	0	31000	
826	0	33456	
827	0	34172	
828	0	33326	
829	0	31682	
830	0	29827	
831	0	30135	
832	0	30773	
833	0	30429	
834	0	31258	
835	0	31836	
836	0	31464	
837	0	30210	
838	0	28711	
839	0	27352	
840	0	28889	
841	0	31936	
842	0	32865	
843	0	33330	
844	0	35198	
845	0	37543	
846	0	38007	
847	0	37734	
848	0	37496	
849	0	36588	
850	0	35023	
851	0	33881	
852	0	33718	
853	0	33063	
854	0	31789	
855	0	31564	
856	0	31879	
857	0	31527	
858	0	30918	
859	0	31009	
860	0	31311	
861	0	31495	
862	0	31804	
863	0	31889	
864	0	32077	
865	0	32084	
866	0	32005	
867	0	32094	
868	0	32667	
869	0	33447	
870	0	33456	
871	0	33649	
872	0	33621	
873	0	32786	
874	0	32628	
875	0	32747	
876	0	33309	
877	0	33638	
878	0	33244	
879	0	33524	
880	0	34152	
881	0	33456	
882	0	32594	
883	0	31993	
884	0	32007	
885	0	32087	
886	0	31740	
887	0	31751	
888	0	32135	
889	0	33031	
890	0	33984	
891	0	33789	
892	0	33887	
893	0	33998	
894	0	32926	
895	0	32402	
896	0	32596	
897	0	33325	
898	0	32903	
899	0	32359	
900	0	32363	
901	0	31675	
902	0	31650	
903	0	31942	
904	0	32248	
905	0	32930	
906	0	33887	
907	0	34212	
908	0	33469	
909	0	32760	
910	0	32069	
911	0	32194	
912	0	33085	
913	0	33560	
914	0	33443	
915	0	33439	
916	0	32943	
917	0	32775	
918	0	32478	
919	0	32103	
920	0	32164	
921	0	31764	
922	0	31543	
923	0	31709	
924	0	32327	
925	0	32428	
926	0	32336	
927	0	33275	
928	0	33671	
929	0	33366	
930	0	31695	
931	0	31108	
932	0	31968	
933	0	31027	
934	0	30892	
935	0	32470	
936	0	34612	
937	0	36449	
938	0	37037	
939	0	36593	
940	0	36348	
941	0	34606	
942	0	33069	
943	0	32591	
944	0	32230	
945	0	32318	
946	0	32279	
947	0	32692	
948	0	32824	
949	0	30374	
950	0	28776	
951	0	29487	
952	0	31180	
953	0	33340	
954	0	35015	
955	0	35918	
956	0	35245	
957	0	34416	
958	0	32872	
959	0	32186	
960	0	31782	
961	0	31428	
962	0	30854	
963	0	30727	
964	0	30629	
965	0	30419	
966	0	30684	
967	0	31554	
968	0	33507	
969	0	35039	
970	0	35662	
971	0	35508	
972	0	35783	
973	0	35544	
974	0	34789	
975	0	34197	
976	0	34115	
977	0	33766	
978	0	33042	
979	0	31797	
980	0	30850	
981	0	30637	
982	0	29909	
983	0	29873	
984	0	30011	
985	0	29783	
986	0	29404	
987	0	29976	
988	0	29767	
989	0	31019	
990	0	32538	
991	0	33847	
992	0	36574	
993	0	39425	
994	0	41019	
995	0	39471	
996	0	37462	
997	0	35379	
998	0	33618	
999	0	32606	
1000	0	31535	
1001	0	30996	
1002	0	31180	
1003	0	31016	
1004	0	31145	
1005	0	31290	
1006	0	31276	
1007	0	31457	
1008	0	31730	
1009	0	32210	
1010	0	32015	
1011	0	31899	
1012	0	31858	
1013	0	31993	
1014	0	32162	
1015	0	32498	
1016	0	32784	
1017	0	32940	
1018	0	32945	
1019	0	32879	
1020	0	32868	
1021	0	32839	
1022	0	32847	
1023	0	32809	
1024	0	32877	
1025	0	32967	
1026	0	32948	
1027	0	32988	
1028	0	32989	
1029	0	32912	
1030	0	32967	
1031	0	33020	
1032	0	33009	
1033	0	32848	
1034	0	32605	
1035	0	32404	
1036	0	32343	
1037	0	32159	
1038	0	31996	
1039	0	31303	
1040	0	30546	
1041	0	30287	
1042	0	31382	
1043	0	32824	
1044	0	33991	
1045	0	32596	
1046	0	29520	
1047	0	29480	
1048	0	31326	
1049	0	33334	
1050	0	35911	
1051	0	37254	
1052	0	36992	
1053	0	36446	
1054	0	35859	
1055	0	35392	
1056	0	35700	
1057	0	36111	
1058	0	35538	
1059	0	32999	
1060	0	32065	
1061	0	32519	
1062	0	34092	
1063	0	35064	
1064	0	35290	
1065	0	35714	
1066	0	34724	
1067	0	31148	
1068	0	28719	
1069	0	29412	
1070	0	30288	
1071	0	31152	
1072	0	32052	
1073	0	33076	
1074	0	33536	
1075	0	33436	
1076	0	33383	
1077	0	32844	
1078	0	31943	
1079	0	31047	
1080	0	30591	
1081	0	30293	
1082	0	30509	
1083	0	30484	
1084	0	30981	
1085	0	31967	
1086	0	32745	
1087	0	33087	
1088	0	32332	
1089	0	32254	
1090	0	33238	
1091	0	33407	
1092	0	33286	
1093	0	33284	
1094	0	33682	
1095	0	33988	
1096	0	33447	
1097	0	32937	
1098	0	32509	
1099	0	32338	
1100	0	32527	
1101	0	32664	
1102	0	32875	
1103	0	33014	
1104	0	33063	
1105	0	33017	
1106	0	32673	
1107	0	32343	
1108	0	32357	
1109	0	32491	
1110	0	32677	
1111	0	32902	
1112	0	32422	
1113	0	32236	
1114	0	31908	
1115	0	32259	
1116	0	32686	
1117	0	32871	
1118	0	32660	
1119	0	32488	
1120	0	32684	
1121	0	33293	
1122	0	33847	
1123	0	34710	
1124	0	35433	
1125	0	35725	
1126	0	34709	
1127	0	33588	
1128	0	32798	
1129	0	31541	
1130	0	30342	
1131	0	28063	
1132	0	26412	
1133	0	26985	
1134	0	29240	
1135	0	31716	
1136	0	32283	
1137	0	33378	
1138	0	35015	
1139	0	35719	
1140	0	36722	
1141	0	36366	
1142	0	36514	
1143	0	37236	
1144	0	37575	
1145	0	38507	
1146	0	39518	
1147	0	38992	
1148	0	37658	
1149	0	35117	
1150	0	32516	
1151	0	30663	
1152	0	28985	
1153	0	27667	
1154	0	27773	
1155	0	28911	
1156	0	30391	
1157	0	31477	
1158	0	32242	
1159	0	32480	
1160	0	32352	
1161	0	31975	
1162	0	30875	
1163	0	30343	
1164	0	30450	
1165	0	30526	
1166	0	30841	
1167	0	31927	
1168	0	33342	
1169	0	34439	
1170	0	33863	
1171	0	33206	
1172	0	33125	
1173	0	33312	
1174	0	33738	
1175	0	33694	
1176	0	33412	
1177	0	33196	
1178	0	32796	
1179	0	32671	
1180	0	32388	
1181	0	32082	
1182	0	32077	
1183	0	32312	
1184	0	32583	
1185	0	32775	
1186	0	32975	
1187	0	33016	
1188	0	32933	
1189	0	32982	
1190	0	32975	
1191	0	32866	
1192	0	32826	
1193	0	32839	
1194	0	32890	
1195	0	32910	
1196	0	32983	
1197	0	33001	
1198	0	33007	
1199	0	32914	
1200	0	32837	
1201	0	32796	
1202	0	32729	
1203	0	32743	
1204	0	32775	
1205	0	32850	
1206	0	32903	
1207	0	32987	
1208	0	33053	
1209	0	33024	
1210	0	32952	
1211	0	32915	
1212	0	32914	
1213	0	32969	
1214	0	32987	
1215	0	32928	
1216	0	32815	
1217	0	32739	
1218	0	32760	
1219	0	32797	
1220	0	32797	
1221	0	32881	
1222	0	32887	
1223	0	32849	
1224	0	32944	
1225	0	32845	
1226	0	32947	
1227	0	32914	
1228	0	32770	
1229	0	32823	
1230	0	32685	
1231	0	32735	
1232	0	32345	
1233	0	31983	
1234	0	31678	
1235	0	31866	
1236	0	31767	
1237	0	31227	
1238	0	29771	
1239	0	27250	
1240	0	27911	
1241	0	30864	
1242	0	34646	
1243	0	37748	
1244	0	38994	
1245	0	39888	
1246	0	40155	
1247	0	38483	
1248	0	35024	
1249	0	31943	
1250	0	29944	
1251	0	29759	
1252	0	31117	
1253	0	33188	
1254	0	35431	
1255	0	36493	
1256	0	36256	
1257	0	35117	
1258	0	33407	
1259	0	32044	
1260	0	31122	
1261	0	30563	
1262	0	30592	
1263	0	31062	
1264	0	31783	
1265	0	32354	
1266	0	32364	
1267	0	32129	
1268	0	31983	
1269	0	31667	
1270	0	31381	
1271	0	31480	
1272	0	31492	
1273	0	31639	
1274	0	31907	
1275	0	32066	
1276	0	32204	
1277	0	32344	
1278	0	32523	
1279	0	32760	
1280	0	32806	
1281	0	33011	
1282	0	32872	
1283	0	32735	
1284	0	32731	
1285	0	32818	
1286	0	32982	
1287	0	33023	
1288	0	33125	
1289	0	33166	
1290	0	33200	
1291	0	33397	
1292	0	33454	
1293	0	33588	
1294	0	33411	
1295	0	32835	
1296	0	31502	
1297	0	30522	
1298	0	29889	
1299	0	30504	
1300	0	31926	
1301	0	33008	
1302	0	32102	
1303	0	30454	
1304	0	28625	
1305	0	28355	
1306	0	30054	
1307	0	33854	
1308	0	37917	
1309	0	40710	
1310	0	42532	
1311	0	42684	
1312	0	41785	
1313	0	39173	
1314	0	35738	
1315	0	32934	
1316	0	29984	
1317	0	28013	
1318	0	27083	
1319	0	26349	
1320	0	27500	
1321	0	30383	
1322	0	32609	
1323	0	34103	
1324	0	35317	
1325	0	36025	
1326	0	36063	
1327	0	35734	
1328	0	34560	
1329	0	33264	
1330	0	32332	
1331	0	31692	
1332	0	31276	
1333	0	31237	
1334	0	31208	
1335	0	31376	
1336	0	31508	
1337	0	31326	
1338	0	31367	
1339	0	31476	
1340	0	31808	
1341	0	31608	
1342	0	31212	
1343	0	30891	
1344	0	31223	
1345	0	31168	
1346	0	31376	
1347	0	32406	
1348	0	33787	
1349	0	34416	
1350	0	34260	
1351	0	33953	
1352	0	33799	
1353	0	34204	
1354	0	34261	
1355	0	34172	
1356	0	34212	
1357	0	34057	
1358	0	33965	
1359	0	33008	
1360	0	31337	
1361	0	29398	
1362	0	27499	
1363	0	28141	
1364	0	30535	
1365	0	33092	
1366	0	35718	
1367	0	37332	
1368	0	37895	
1369	0	37153	
1370	0	36191	
1371	0	34777	
1372	0	34127	
1373	0	33732	
1374	0	33000	
1375	0	32443	
1376	0	32313	
1377	0	32431	
1378	0	32724	
1379	0	32807	
1380	0	32448	
1381	0	32351	
1382	0	32177	
1383	0	31493	
1384	0	31355	
1385	0	31399	
1386	0	31526	
1387	0	31646	
1388	0	31815	
1389	0	32008	
1390	0	32199	
1391	0	32305	
1392	0	32421	
1393	0	32516	
1394	0	32487	
1395	0	32572	
1396	0	32653	
1397	0	32661	
1398	0	32643	
1399	0	32728	
1400	0	32789	
1401	0	32759	
1402	0	32885	
1403	0	33044	
1404	0	33087	
1405	0	33185	
1406	0	33188	
1407	0	33072	
1408	0	33000	
1409	0	32941	
1410	0	32812	
1411	0	32623	
1412	0	32299	
1413	0	32215	
1414	0	32209	
1415	0	32408	
1416	0	32528	
1417	0	32500	
1418	0	32829	
1419	0	32738	
1420	0	32023	
1421	0	31662	
1422	0	31490	
1423	0	31399	
1424	0	31708	
1425	0	32977	
1426	0	34146	
1427	0	34151	
1428	0	34501	
1429	0	35734	
1430	0	36886	
1431	0	36620	
1432	0	35923	
1433	0	34815	
1434	0	33516	
1435	0	32408	
1436	0	31610	
1437	0	31438	
1438	0	31372	
1439	0	31421	
1440	0	31529	
1441	0	31528	
1442	0	31610	
1443	0	31943	
1444	0	32263	
1445	0	32372	
1446	0	32423	
1447	0	32455	
1448	0	32135	
1449	0	31992	
1450	0	32156	
1451	0	32260	
1452	0	32302	
1453	0	32496	
1454	0	32775	
1455	0	33047	
1456	0	33277	
1457	0	33427	
1458	0	33255	
1459	0	33089	
1460	0	32918	
1461	0	32788	
1462	0	32756	
1463	0	32762	
1464	0	33004	
1465	0	32945	
1466	0	32719	
1467	0	32692	
1468	0	32759	
1469	0	32836	
1470	0	32808	
1471	0	32747	
1472	0	32857	
1473	0	32901	
1474	0	32928	
1475	0	32950	
1476	0	32921	
1477	0	32932	
1478	0	33036	
1479	0	32946	
1480	0	32808	
1481	0	32787	
1482	0	32799	
1483	0	32804	
1484	0	32846	
1485	0	32826	
1486	0	32694	
1487	0	32508	
1488	0	32403	
1489	0	32336	
1490	0	32283	
1491	0	32216	
1492	0	32383	
1493	0	32678	
1494	0	32859	
1495	0	33180	
1496	0	33420	
1497	0	33600	
1498	0	33363	
1499	0	32037	
1500	0	30916	
1501	0	31167	
1502	0	32336	
1503	0	33458	
1504	0	34508	
1505	0	35119	
1506	0	35474	
1507	0	35335	
1508	0	34704	
1509	0	34215	
1510	0	34134	
1511	0	33703	
1512	0	32960	
1513	0	32294	
1514	0	31693	
1515	0	31284	
1516	0	31525	
1517	0	32167	
1518	0	32300	
1519	0	31896	
1520	0	31122	
1521	0	31257	
1522	0	32111	
1523	0	32578	
1524	0	32918	
1525	0	33426	
1526	0	34221	
1527	0	34689	
1528	0	33900	
1529	0	32555	
1530	0	32058	
1531	0	31681	
1532	0	31054	
1533	0	31664	
1534	0	32854	
1535	0	34247	
1536	0	34764	
1537	0	34921	
1538	0	35163	
1539	0	35079	
1540	0	34611	
1541	0	33407	
1542	0	32479	
1543	0	32294	
1544	0	32207	
1545	0	32156	
1546	0	32135	
1547	0	32314	
1548	0	32324	
1549	0	32263	
1550	0	32167	
1551	0	31922	
1552	0	31896	
1553	0	32004	
1554	0	32141	
1555	0	32251	
1556	0	32364	
1557	0	32391	
1558	0	32346	
1559	0	32413	
1560	0	32391	
1561	0	32511	
1562	0	32537	
1563	0	32604	
1564	0	32626	
1565	0	32738	
1566	0	32775	
1567	0	32793	
1568	0	32813	
1569	0	32831	
1570	0	32859	
1571	0	32900	
1572	0	32918	
1573	0	32932	
1574	0	32997	
1575	0	33042	
1576	0	32999	
1577	0	32867	
1578	0	32594	
1579	0	32457	
1580	0	32230	
1581	0	32317	
1582	0	32459	
1583	0	32684	
1584	0	32784	
1585	0	33031	
1586	0	33430	
1587	0	33364	
1588	0	33118	
1589	0	33079	
1590	0	32406	
1591	0	31655	
1592	0	31468	
1593	0	31983	
1594	0	32469	
1595	0	33487	
1596	0	34129	
1597	0	34438	
1598	0	34654	
1599	0	34615	
1600	0	34554	
1601	0	34416	
1602	0	33506	
1603	0	32187	
1604	0	32056	
1605	0	32873	
1606	0	32838	
1607	0	32246	
1608	0	32502	
1609	0	33172	
1610	0	33952	
1611	0	34527	
1612	0	34369	
1613	0	34262	
1614	0	34407	
1615	0	34550	
1616	0	33944	
1617	0	32916	
1618	0	31871	
1619	0	31519	
1620	0	31308	
1621	0	31431	
1622	0	31619	
1623	0	31815	
1624	0	31678	
1625	0	31699	
1626	0	31716	
1627	0	31876	
1628	0	32017	
1629	0	32236	
1630	0	32349	
1631	0	32546	
1632	0	32596	
1633	0	32557	
1634	0	32614	
1635	0	32717	
1636	0	32754	
1637	0	32820	
1638	0	32809	
1639	0	32790	
1640	0	32755	
1641	0	32775	
1642	0	32853	
1643	0	32816	
1644	0	32859	
1645	0	32868	
1646	0	32854	
1647	0	32896	
1648	0	32943	
1649	0	32976	
1650	0	32999	
1651	0	32935	
1652	0	32928	
1653	0	32852	
1654	0	32887	
1655	0	32753	
1656	0	32681	
1657	0	32624	
1658	0	32560	
1659	0	32749	
1660	0	32956	
1661	0	33016	
1662	0	33333	
1663	0	33343	
1664	0	32941	
1665	0	32467	
1666	0	32485	
1667	0	32632	
1668	0	32553	
1669	0	32645	
1670	0	32737	
1671	0	32878	
1672	0	32967	
1673	0	32607	
1674	0	31911	
1675	0	31968	
1676	0	32400	
1677	0	32720	
1678	0	33031	
1679	0	33252	
1680	0	33780	
1681	0	34476	
1682	0	34743	
1683	0	34253	
1684	0	33207	
1685	0	32951	
1686	0	33465	
1687	0	33692	
1688	0	32725	
1689	0	31887	
1690	0	31971	
1691	0	32438	
1692	0	32830	
1693	0	32701	
1694	0	32166	
1695	0	31861	
1696	0	32146	
1697	0	32658	
1698	0	33378	
1699	0	33944	
1700	0	33982	
1701	0	34222	
1702	0	33984	
1703	0	33716	
1704	0	33551	
1705	0	33349	
1706	0	32928	
1707	0	32583	
1708	0	32247	
1709	0	32197	
1710	0	32148	
1711	0	32003	
1712	0	31751	
1713	0	31708	
1714	0	31749	
1715	0	30957	
1716	0	30433	
1717	0	30754	
1718	0	31504	
1719	0	32603	
1720	0	33607	
1721	0	34367	
1722	0	34646	
1723	0	35017	
1724	0	34972	
1725	0	33895	
1726	0	33348	
1727	0	33045	
1728	0	32698	
1729	0	32605	
1730	0	32496	
1731	0	32534	
1732	0	32560	
1733	0	32551	
1734	0	32535	
1735	0	32574	
1736	0	32672	
1737	0	32666	
1738	0	32665	
1739	0	32716	
1740	0	32758	
1741	0	32699	
1742	0	32732	
1743	0	32738	
1744	0	32736	
1745	0	32751	
1746	0	32774	
1747	0	32863	
1748	0	32903	
1749	0	32834	
1750	0	32806	
1751	0	32795	
1752	0	32720	
1753	0	32367	
1754	0	32044	
1755	0	31491	
1756	0	30770	
1757	0	29789	
1758	0	29526	
1759	0	29909	
1760	0	30720	
1761	0	31350	
1762	0	32827	
1763	0	34823	
1764	0	36447	
1765	0	36764	
1766	0	36405	
1767	0	34768	
1768	0	32127	
1769	0	30645	
1770	0	31474	
1771	0	34493	
1772	0	36986	
1773	0	37383	
1774	0	37942	
1775	0	38159	
1776	0	37134	
1777	0	35181	
1778	0	34348	
1779	0	32812	
1780	0	31069	
1781	0	30737	
1782	0	31166	
1783	0	31397	
1784	0	31154	
1785	0	31247	
1786	0	31620	
1787	0	31949	
1788	0	32082	
1789	0	32278	
1790	0	32260	
1791	0	32259	
1792	0	32237	
1793	0	32220	
1794	0	32135	
1795	0	31802	
1796	0	31608	
1797	0	31574	
1798	0	31739	
1799	0	31911	
1800	0	32034	
1801	0	32156	
1802	0	32259	
1803	0	32397	
1804	0	32507	
1805	0	32596	
1806	0	32642	
1807	0	32729	
1808	0	32807	
1809	0	32837	
1810	0	32865	
1811	0	32930	
1812	0	32891	
1813	0	32979	
1814	0	32931	
1815	0	32996	
1816	0	33063	
1817	0	33067	
1818	0	32983	
1819	0	33012	
1820	0	32999	
1821	0	33001	
1822	0	32940	
1823	0	32967	
1824	0	32967	
1825	0	32946	
1826	0	32957	
1827	0	32954	
1828	0	32926	
1829	0	32914	
1830	0	32950	
1831	0	32834	
1832	0	32670	
1833	0	32546	
1834	0	32244	
1835	0	32239	
1836	0	32208	
1837	0	32397	
1838	0	32598	
1839	0	32851	
1840	0	32600	
1841	0	32562	
1842	0	33022	
1843	0	33359	
1844	0	33483	
1845	0	33919	
1846	0	34089	
1847	0	34237	
1848	0	34574	
1849	0	34468	
1850	0	34215	
1851	0	33799	
1852	0	33202	
1853	0	32797	
1854	0	32544	
1855	0	32455	
1856	0	32263	
1857	0	32217	
1858	0	32199	
1859	0	32203	
1860	0	32263	
1861	0	32260	
1862	0	32341	
1863	0	32374	
1864	0	32464	
1865	0	32423	
1866	0	32469	
1867	0	32519	
1868	0	32595	
1869	0	32606	
1870	0	32627	
1871	0	32673	
1872	0	32706	
1873	0	32727	
1874	0	32772	
1875	0	32753	
1876	0	32767	
1877	0	32839	
1878	0	32850	
1879	0	32912	
1880	0	32860	
1881	0	32831	
1882	0	32897	
1883	0	32879	
1884	0	32862	
1885	0	32862	
1886	0	32899	
1887	0	32837	
1888	0	32827	
1889	0	32767	
1890	0	32823	
1891	0	32812	
1892	0	32743	
1893	0	32756	
1894	0	32856	
1895	0	32851	
1896	0	32796	
1897	0	32847	
1898	0	32806	
1899	0	32815	
1900	0	32932	
1901	0	32966	
1902	0	32875	
1903	0	32816	
1904	0	32556	
1905	0	32386	
1906	0	32097	
1907	0	31900	
1908	0	31892	
1909	0	31375	
1910	0	28256	
1911	0	26799	
1912	0	28590	
1913	0	30629	
1914	0	32058	
1915	0	34288	
1916	0	36140	
1917	0	37674	
1918	0	39148	
1919	0	39591	
1920	0	38554	
1921	0	37437	
1922	0	35746	
1923	0	33384	
1924	0	32017	
1925	0	31916	
1926	0	31614	
1927	0	31602	
1928	0	32209	
1929	0	32503	
1930	0	33218	
1931	0	34151	
1932	0	35040	
1933	0	35158	
1934	0	34965	
1935	0	33997	
1936	0	32524	
1937	0	31685	
1938	0	31287	
1939	0	31278	
1940	0	30975	
1941	0	30813	
1942	0	30787	
1943	0	30700	
1944	0	30916	
1945	0	31142	
1946	0	31375	
1947	0	31623	
1948	0	31815	
1949	0	32028	
1950	0	32192	
1951	0	32282	
1952	0	32413	
1953	0	32583	
1954	0	32617	
1955	0	32656	
1956	0	32754	
1957	0	32767	
1958	0	32839	
1959	0	32867	
1960	0	32880	
1961	0	32903	
1962	0	32964	
1963	0	32987	
1964	0	32871	
1965	0	32796	
1966	0	32741	
1967	0	32812	
1968	0	32711	
1969	0	32706	
1970	0	32831	
1971	0	32773	
1972	0	32873	
1973	0	33331	
1974	0	33583	
1975	0	33487	
1976	0	33671	
1977	0	33844	
1978	0	33397	
1979	0	33089	
1980	0	32964	
1981	0	32914	
1982	0	32997	
1983	0	33154	
1984	0	33124	
1985	0	33103	
1986	0	32974	
1987	0	32789	
1988	0	32752	
1989	0	32815	
1990	0	32884	
1991	0	32908	
1992	0	33024	
1993	0	33110	
1994	0	32920	
1995	0	32817	
1996	0	32767	
1997	0	32582	
1998	0	32599	
1999	0	32605	
2000	0	32662	
2001	0	32610	
2002	0	32574	
2003	0	32631	
2004	0	32588	
2005	0	32707	
2006	0	32727	
2007	0	32692	
2008	0	32554	
2009	0	32378	
2010	0	32437	
2011	0	32518	
2012	0	32647	
2013	0	32679	
2014	0	32606	
2015	0	32677	
2016	0	32827	
2017	0	33120	
2018	0	33311	
2019	0	33271	
2020	0	32505	
2021	0	31428	
2022	0	31109	
2023	0	31203	
2024	0	31909	
2025	0	32740	
2026	0	33871	
2027	0	34759	
2028	0	35128	
2029	0	35137	
2030	0	34814	
2031	0	34496	
2032	0	34375	
2033	0	34258	
2034	0	33834	
2035	0	33283	
2036	0	32833	
2037	0	32530	
2038	0	32327	
2039	0	32229	
2040	0	32186	
2041	0	32118	
2042	0	32050	
2043	0	32006	
2044	0	31911	
2045	0	31992	
2046	0	32050	
2047	0	32071	
2048	0	32220	
2049	0	32327	
2050	0	32551	
2051	0	32671	
2052	0	32598	
2053	0	32652	
2054	0	32765	
2055	0	32826	
2056	0	32663	
2057	0	32512	
2058	0	32403	
2059	0	32596	
2060	0	32609	
2061	0	32258	
2062	0	31994	
2063	0	32182	
2064	0	32708	
2065	0	33184	
2066	0	33333	
2067	0	33073	
2068	0	32722	
2069	0	33016	
2070	0	33506	
2071	0	33815	
2072	0	34042	
2073	0	34445	
2074	0	34546	
2075	0	34256	
2076	0	33355	
2077	0	32854	
2078	0	32679	
2079	0	32658	
2080	0	32706	
2081	0	32287	
2082	0	31733	
2083	0	31003	
2084	0	31184	
2085	0	31218	
2086	0	30313	
2087	0	30355	
2088	0	31158	
2089	0	32405	
2090	0	33981	
2091	0	35324	
2092	0	36076	
2093	0	36197	
2094	0	36193	
2095	0	35015	
2096	0	33556	
2097	0	32688	
2098	0	31869	
2099	0	31748	
2100	0	32231	
2101	0	32510	
2102	0	32806	
2103	0	33415	
2104	0	33966	
2105	0	34143	
2106	0	33655	
2107	0	33215	
2108	0	32839	
2109	0	32519	
2110	0	31954	
2111	0	31732	
2112	0	31871	
2113	0	32077	
2114	0	32084	
2115	0	32000	
2116	0	31933	
2117	0	31920	
2118	0	32028	
2119	0	32231	
2120	0	32342	
2121	0	32433	
2122	0	32440	
2123	0	32506	
2124	0	32620	
2125	0	32721	
2126	0	32666	
2127	0	32736	
2128	0	32763	
2129	0	32863	
2130	0	32839	
2131	0	32873	
2132	0	32862	
2133	0	32877	
2134	0	32882	
2135	0	32839	
2136	0	32850	
2137	0	32886	
2138	0	32988	
2139	0	33002	
2140	0	33024	
2141	0	32982	
2142	0	32847	
2143	0	32772	
2144	0	32788	
2145	0	32692	
2146	0	32614	
2147	0	32574	
2148	0	32623	
2149	0	32702	
2150	0	32775	
2151	0	32826	
2152	0	32401	
2153	0	31143	
2154	0	29834	
2155	0	29406	
2156	0	29728	
2157	0	29980	
2158	0	30169	
2159	0	31476	
2160	0	33303	
2161	0	33735	
2162	0	34855	
2163	0	36729	
2164	0	38140	
2165	0	38991	
2166	0	39034	
2167	0	38492	
2168	0	37778	
2169	0	36726	
2170	0	34473	
2171	0	33029	
2172	0	31183	
2173	0	29172	
2174	0	27529	
2175	0	25881	
2176	0	26106	
2177	0	28327	
2178	0	30852	
2179	0	33692	
2180	0	35822	
2181	0	37330	
2182	0	38343	
2183	0	38647	
2184	0	38023	
2185	0	36194	
2186	0	34308	
2187	0	32479	
2188	0	31399	
2189	0	30696	
2190	0	30372	
2191	0	30392	
2192	0	30452	
2193	0	30608	
2194	0	30918	
2195	0	31239	
2196	0	31452	
2197	0	31574	
2198	0	31749	
2199	0	31903	
2200	0	32036	
2201	0	32135	
2202	0	32319	
2203	0	32421	
2204	0	32534	
2205	0	32637	
2206	0	32668	
2207	0	32690	
2208	0	32775	
2209	0	32775	
2210	0	32802	
2211	0	32952	
2212	0	32964	
2213	0	32991	
2214	0	33041	
2215	0	33193	
2216	0	33318	
2217	0	33223	
2218	0	33101	
2219	0	33059	
2220	0	33072	
2221	0	32997	
2222	0	32915	
2223	0	32908	
2224	0	32912	
2225	0	32926	
2226	0	33219	
2227	0	33327	
2228	0	33046	
2229	0	32775	
2230	0	32711	
2231	0	32644	
2232	0	32628	
2233	0	32666	
2234	0	32701	
2235	0	32531	
2236	0	32845	
2237	0	33011	
2238	0	32878	
2239	0	33063	
2240	0	33204	
2241	0	33287	
2242	0	33250	
2243	0	33376	
2244	0	33523	
2245	0	33491	
2246	0	33382	
2247	0	33295	
2248	0	33185	
2249	0	32902	
2250	0	32854	
2251	0	32624	
2252	0	32489	
2253	0	32438	
2254	0	32247	
2255	0	32167	
2256	0	31391	
2257	0	30798	
2258	0	30749	
2259	0	30930	
2260	0	31751	
2261	0	33033	
2262	0	34035	
2263	0	34900	
2264	0	35515	
2265	0	35431	
2266	0	35309	
2267	0	34718	
2268	0	33855	
2269	0	33055	
2270	0	32409	
2271	0	32120	
2272	0	32130	
2273	0	32207	
2274	0	32403	
2275	0	32586	
2276	0	32333	
2277	0	31607	
2278	0	31559	
2279	0	31824	
2280	0	31990	
2281	0	31751	
2282	0	31888	
2283	0	32274	
2284	0	32784	
2285	0	33180	
2286	0	32999	
2287	0	33119	
2288	0	33300	
2289	0	33927	
2290	0	34606	
2291	0	34199	
2292	0	33617	
2293	0	33384	
2294	0	33366	
2295	0	33428	
2296	0	33356	
2297	0	32702	
2298	0	32150	
2299	0	32292	
2300	0	32556	
2301	0	32839	
2302	0	32935	
2303	0	32903	
2304	0	32816	
2305	0	32617	
2306	0	32489	
2307	0	32500	
2308	0	32568	
2309	0	32813	
2310	0	32988	
2311	0	32981	
2312	0	32986	
2313	0	32877	
2314	0	32798	
2315	0	32854	
2316	0	32610	
2317	0	32479	
2318	0	32487	
2319	0	32452	
2320	0	32423	
2321	0	32279	
2322	0	32335	
2323	0	32347	
2324	0	32480	
2325	0	32570	
2326	0	32726	
2327	0	32813	
2328	0	32915	
2329	0	33017	
2330	0	32958	
2331	0	32790	
2332	0	31872	
2333	0	31233	
2334	0	31062	
2335	0	31036	
2336	0	31503	
2337	0	32237	
2338	0	33108	
2339	0	33799	
2340	0	34061	
2341	0	33632	
2342	0	33691	
2343	0	34152	
2344	0	34976	
2345	0	35682	
2346	0	35765	
2347	0	35198	
2348	0	34299	
2349	0	33479	
2350	0	33092	
2351	0	32728	
2352	0	32420	
2353	0	32168	
2354	0	32078	
2355	0	31903	
2356	0	31374	
2357	0	30256	
2358	0	29109	
2359	0	28958	
2360	0	29793	
2361	0	30715	
2362	0	32367	
2363	0	34428	
2364	0	35418	
2365	0	36039	
2366	0	36072	
2367	0	35639	
2368	0	35585	
2369	0	35305	
2370	0	34450	
2371	0	33300	
2372	0	32251	
2373	0	31517	
2374	0	31289	
2375	0	31628	
2376	0	32156	
2377	0	32563	
2378	0	32547	
2379	0	32534	
2380	0	32639	
2381	0	32790	
2382	0	32941	
2383	0	33056	
2384	0	32941	
2385	0	32749	
2386	0	32647	
2387	0	32557	
2388	0	32468	
2389	0	32350	
2390	0	32414	
2391	0	32382	
2392	0	32412	
2393	0	32372	
2394	0	32448	
2395	0	32476	
2396	0	32612	
2397	0	32529	
2398	0	32559	
2399	0	32689	
2400	0	32636	
2401	0	32700	
2402	0	32698	
2403	0	32676	
2404	0	32730	
2405	0	32791	
2406	0	32816	
2407	0	32851	
2408	0	32792	
2409	0	32849	
2410	0	32866	
2411	0	32852	
2412	0	32788	
2413	0	32469	
2414	0	31622	
2415	0	31333	
2416	0	31766	
2417	0	32428	
2418	0	32924	
2419	0	33065	
2420	0	32999	
2421	0	33349	
2422	0	34015	
2423	0	34204	
2424	0	34367	
2425	0	34503	
2426	0	34180	
2427	0	33819	
2428	0	33615	
2429	0	33665	
2430	0	33668	
2431	0	33128	
2432	0	32588	
2433	0	31860	
2434	0	31198	
2435	0	30987	
2436	0	30992	
2437	0	31186	
2438	0	31559	
2439	0	31920	
2440	0	32587	
2441	0	33351	
2442	0	33956	
2443	0	34391	
2444	0	34148	
2445	0	33671	
2446	0	32820	
2447	0	31006	
2448	0	30775	
2449	0	31498	
2450	0	32690	
2451	0	33893	
2452	0	34721	
2453	0	35047	
2454	0	35627	
2455	0	35706	
2456	0	34885	
2457	0	34535	
2458	0	34411	
2459	0	34119	
2460	0	33842	
2461	0	33253	
2462	0	32211	
2463	0	31484	
2464	0	31239	
2465	0	31204	
2466	0	31460	
2467	0	31538	
2468	0	31727	
2469	0	31874	
2470	0	31985	
2471	0	32141	
2472	0	32403	
2473	0	32253	
2474	0	32415	
2475	0	32391	
2476	0	32327	
2477	0	32260	
2478	0	32380	
2479	0	32357	
2480	0	32519	
2481	0	32667	
2482	0	32673	
2483	0	32660	
2484	0	32728	
2485	0	32790	
2486	0	32870	
2487	0	32829	
2488	0	32719	
2489	0	32644	
2490	0	32646	
2491	0	32818	
2492	0	32844	
2493	0	32382	
2494	0	32263	
2495	0	32287	
2496	0	32605	
2497	0	33015	
2498	0	33437	
2499	0	33856	
2500	0	33925	
2501	0	33870	
2502	0	33919	
2503	0	33615	
2504	0	33264	
2505	0	32229	
2506	0	31913	
2507	0	32194	
2508	0	32556	
2509	0	33028	
2510	0	33266	
2511	0	33495	
2512	0	33652	
2513	0	33511	
2514	0	33083	
2515	0	32945	
2516	0	32807	
2517	0	32647	
2518	0	32501	
2519	0	32498	
2520	0	32291	
2521	0	31934	
2522	0	31993	
2523	0	32416	
2524	0	32818	
2525	0	33117	
2526	0	33130	
2527	0	32901	
2528	0	32709	
2529	0	32600	
2530	0	32260	
2531	0	31776	
2532	0	31596	
2533	0	31574	
2534	0	31769	
2535	0	32305	
2536	0	32636	
2537	0	33208	
2538	0	34015	
2539	0	35005	
2540	0	35191	
2541	0	34936	
2542	0	34672	
2543	0	33798	
2544	0	32853	
2545	0	32296	
2546	0	32125	
2547	0	32204	
2548	0	31761	
2549	0	31789	
2550	0	32467	
2551	0	33170	
2552	0	33542	
2553	0	33552	
2554	0	33568	
2555	0	33624	
2556	0	33720	
2557	0	33249	
2558	0	32691	
2559	0	32391	
2560	0	32135	
2561	0	32113	
2562	0	32082	
2563	0	32220	
2564	0	32331	
2565	0	32344	
2566	0	32415	
2567	0	32467	
2568	0	32403	
2569	0	32428	
2570	0	32551	
2571	0	32590	
2572	0	32682	
2573	0	32663	
2574	0	32662	
2575	0	32614	
2576	0	32741	
2577	0	32790	
2578	0	32711	
2579	0	32581	
2580	0	32415	
2581	0	32521	
2582	0	32757	
2583	0	32976	
2584	0	33143	
2585	0	33287	
2586	0	33425	
2587	0	33358	
2588	0	33266	
2589	0	33271	
2590	0	33092	
2591	0	32846	
2592	0	32687	
2593	0	32684	
2594	0	32574	
2595	0	32455	
2596	0	32555	
2597	0	32733	
2598	0	32871	
2599	0	32813	
2600	0	32760	
2601	0	32685	
2602	0	32744	
2603	0	32795	
2604	0	32851	
2605	0	32890	
2606	0	32852	
2607	0	32800	
2608	0	32925	
2609	0	32977	
2610	0	33021	
2611	0	32980	
2612	0	33002	
2613	0	33130	
2614	0	32835	
2615	0	32681	
2616	0	32746	
2617	0	32793	
2618	0	32861	
2619	0	32568	
2620	0	32018	
2621	0	32044	
2622	0	32219	
2623	0	32444	
2624	0	32861	
2625	0	32999	
2626	0	33046	
2627	0	33351	
2628	0	33792	
2629	0	34216	
2630	0	34300	
2631	0	33733	
2632	0	32600	
2633	0	31366	
2634	0	30912	
2635	0	31158	
2636	0	31524	
2637	0	32415	
2638	0	33362	
2639	0	33991	
2640	0	34324	
2641	0	34352	
2642	0	33887	
2643	0	33065	
2644	0	32751	
2645	0	33039	
2646	0	33443	
2647	0	33925	
2648	0	33824	
2649	0	33075	
2650	0	31854	
2651	0	28935	
2652	0	27315	
2653	0	27683	
2654	0	30012	
2655	0	32731	
2656	0	34745	
2657	0	36332	
2658	0	37238	
2659	0	36606	
2660	0	36142	
2661	0	36441	
2662	0	35988	
2663	0	35556	
2664	0	34895	
2665	0	33735	
2666	0	33079	
2667	0	32343	
2668	0	31641	
2669	0	31457	
2670	0	31469	
2671	0	30298	
2672	0	29093	
2673	0	28118	
2674	0	27888	
2675	0	29184	
2676	0	31404	
2677	0	33342	
2678	0	34503	
2679	0	35760	
2680	0	36496	
2681	0	36247	
2682	0	35746	
2683	0	35188	
2684	0	34113	
2685	0	32732	
2686	0	31750	
2687	0	31414	
2688	0	31503	
2689	0	31631	
2690	0	31638	
2691	0	31609	
2692	0	31801	
2693	0	32049	
2694	0	32312	
2695	0	32398	
2696	0	32205	
2697	0	32193	
2698	0	32146	
2699	0	32071	
2700	0	32148	
2701	0	32186	
2702	0	32309	
2703	0	32455	
2704	0	32743	
2705	0	33159	
2706	0	33495	
2707	0	33740	
2708	0	33932	
2709	0	34159	
2710	0	34077	
2711	0	33276	
2712	0	32656	
2713	0	32252	
2714	0	32379	
2715	0	32467	
2716	0	32627	
2717	0	32821	
2718	0	33111	
2719	0	33502	
2720	0	33580	
2721	0	33348	
2722	0	33022	
2723	0	33038	
2724	0	33317	
2725	0	33441	
2726	0	33132	
2727	0	32823	
2728	0	32711	
2729	0	32652	
2730	0	32549	
2731	0	32540	
2732	0	32696	
2733	0	32612	
2734	0	32711	
2735	0	32684	
2736	0	32587	
2737	0	32551	
2738	0	32613	
2739	0	32634	
2740	0	32614	
2741	0	32642	
2742	0	32679	
2743	0	32818	
2744	0	32927	
2745	0	32886	
2746	0	32862	
2747	0	32727	
2748	0	32674	
2749	0	32714	
2750	0	32768	
2751	0	32887	
2752	0	33018	
2753	0	32954	
2754	0	32983	
2755	0	33031	
2756	0	33047	
2757	0	32933	
2758	0	32765	
2759	0	32677	
2760	0	32697	
2761	0	32595	
2762	0	32675	
2763	0	32757	
2764	0	32646	
2765	0	32448	
2766	0	32187	
2767	0	31982	
2768	0	32022	
2769	0	32137	
2770	0	32549	
2771	0	32658	
2772	0	32991	
2773	0	33228	
2774	0	33329	
2775	0	33403	
2776	0	33408	
2777	0	33192	
2778	0	33114	
2779	0	33305	
2780	0	33415	
2781	0	33490	
2782	0	33945	
2783	0	34075	
2784	0	34064	
2785	0	33862	
2786	0	33383	
2787	0	33025	
2788	0	32745	
2789	0	32722	
2790	0	32537	
2791	0	32233	
2792	0	32161	
2793	0	32147	
2794	0	32287	
2795	0	32387	
2796	0	32225	
2797	0	32190	
2798	0	32191	
2799	0	32279	
2800	0	32432	
2801	0	32536	
2802	0	32575	
2803	0	32703	
2804	0	32783	
2805	0	32843	
2806	0	32839	
2807	0	32879	
2808	0	32896	
2809	0	32722	
2810	0	32766	
2811	0	32756	
2812	0	32901	
2813	0	33008	
2814	0	33026	
2815	0	32866	
2816	0	32694	
2817	0	32493	
2818	0	32389	
2819	0	32488	
2820	0	32487	
2821	0	32551	
2822	0	32592	
2823	0	32803	
2824	0	32495	
2825	0	31806	
2826	0	31256	
2827	0	31560	
2828	0	32492	
2829	0	33492	
2830	0	34413	
2831	0	34993	
2832	0	35190	
2833	0	34452	
2834	0	33774	
2835	0	33543	
2836	0	33216	
2837	0	32909	
2838	0	32148	
2839	0	31853	
2840	0	32075	
2841	0	32381	
2842	0	32301	
2843	0	32638	
2844	0	33412	
2845	0	34087	
2846	0	34063	
2847	0	34062	
2848	0	34183	
2849	0	34485	
2850	0	34422	
2851	0	34029	
2852	0	33210	
2853	0	32662	
2854	0	32500	
2855	0	32166	
2856	0	32070	
2857	0	31945	
2858	0	31929	
2859	0	31943	
2860	0	31943	
2861	0	31934	
2862	0	31964	
2863	0	32028	
2864	0	32198	
2865	0	32276	
2866	0	32183	
2867	0	32124	
2868	0	32036	
2869	0	32178	
2870	0	32258	
2871	0	32361	
2872	0	32290	
2873	0	32143	
2874	0	31868	
2875	0	31751	
2876	0	32251	
2877	0	32871	
2878	0	33276	
2879	0	33810	
2880	0	34394	
2881	0	34743	
2882	0	34944	
2883	0	34834	
2884	0	34363	
2885	0	33735	
2886	0	32842	
2887	0	32071	
2888	0	31533	
2889	0	31253	
2890	0	30512	
2891	0	30795	
2892	0	31760	
2893	0	32291	
2894	0	32233	
2895	0	33132	
2896	0	33732	
2897	0	33270	
2898	0	33752	
2899	0	34229	
2900	0	34581	
2901	0	34742	
2902	0	34838	
2903	0	34169	
2904	0	33543	
2905	0	33122	
2906	0	32112	
2907	0	31251	
2908	0	30943	
2909	0	31042	
2910	0	31800	
2911	0	32958	
2912	0	33561	
2913	0	33680	
2914	0	34009	
2915	0	34070	
2916	0	33926	
2917	0	33422	
2918	0	33003	
2919	0	32772	
2920	0	32655	
2921	0	32381	
2922	0	32104	
2923	0	31986	
2924	0	32066	
2925	0	32123	
2926	0	32251	
2927	0	32369	
2928	0	32615	
2929	0	32756	
2930	0	32946	
2931	0	32802	
2932	0	32564	
2933	0	32538	
2934	0	32441	
2935	0	32361	
2936	0	32382	
2937	0	32451	
2938	0	32541	
2939	0	32606	
2940	0	32697	
2941	0	32760	
2942	0	32868	
2943	0	32919	
2944	0	32866	
2945	0	32887	
2946	0	33053	
2947	0	33159	
2948	0	33037	
2949	0	33127	
2950	0	33188	
2951	0	33190	
2952	0	33229	
2953	0	33133	
2954	0	33005	
2955	0	32884	
2956	0	32881	
2957	0	32862	
2958	0	32814	
2959	0	32791	
2960	0	32808	
2961	0	32756	
2962	0	32694	
2963	0	32748	
2964	0	32708	
2965	0	32673	
2966	0	32684	
2967	0	32788	
2968	0	32839	
2969	0	32864	
2970	0	33028	
2971	0	32886	
2972	0	32736	
2973	0	32666	
2974	0	32674	
2975	0	32596	
2976	0	32521	
2977	0	32548	
2978	0	32756	
2979	0	32885	
2980	0	33017	
2981	0	33136	
2982	0	33081	
2983	0	33127	
2984	0	33095	
2985	0	32925	
2986	0	32893	
2987	0	32873	
2988	0	32859	
2989	0	32745	
2990	0	32745	
2991	0	32863	
2992	0	32960	
2993	0	32735	
2994	0	32718	
2995	0	32791	
2996	0	32806	
2997	0	32854	
2998	0	32935	
2999	0	32945	
3000	0	32962	
3001	0	33049	
3002	0	33060	
3003	0	33031	
3004	0	32922	
3005	0	32864	
3006	0	32743	
3007	0	32607	
3008	0	32519	
3009	0	32495	
3010	0	32592	
3011	0	32752	
3012	0	32775	
3013	0	32789	
3014	0	32844	
3015	0	32839	
3016	0	32887	
3017	0	32909	
3018	0	32980	
3019	0	32993	
3020	0	32877	
3021	0	32701	
3022	0	32707	
3023	0	32706	
3024	0	32747	
3025	0	32762	
3026	0	32516	
3027	0	32402	
3028	0	32419	
3029	0	31875	
3030	0	31576	
3031	0	31864	
3032	0	32373	
3033	0	32799	
3034	0	33113	
3035	0	32979	
3036	0	32819	
3037	0	33145	
3038	0	33569	
3039	0	33884	
3040	0	34035	
3041	0	33989	
3042	0	33716	
3043	0	33237	
3044	0	33122	
3045	0	32943	
3046	0	32764	
3047	0	32858	
3048	0	32412	
3049	0	31536	
3050	0	30257	
3051	0	29593	
3052	0	29546	
3053	0	30196	
3054	0	31423	
3055	0	32455	
3056	0	33276	
3057	0	34359	
3058	0	35967	
3059	0	37447	
3060	0	38419	
3061	0	38380	
3062	0	37504	
3063	0	35800	
3064	0	31732	
3065	0	27715	
3066	0	26468	
3067	0	27793	
3068	0	29804	
3069	0	32361	
3070	0	34660	
3071	0	36224	
3072	0	37798	
3073	0	38648	
3074	0	37724	
3075	0	35898	
3076	0	33622	
3077	0	31694	
3078	0	30736	
3079	0	30661	
3080	0	30389	
3081	0	30407	
3082	0	30599	
3083	0	30833	
3084	0	31102	
3085	0	31310	
3086	0	31584	
3087	0	31796	
3088	0	31992	
3089	0	32135	
3090	0	32311	
3091	0	32399	
3092	0	32513	
3093	0	32474	
3094	0	32059	
3095	0	32082	
3096	0	32447	
3097	0	32919	
3098	0	33343	
3099	0	33569	
3100	0	33671	
3101	0	33437	
3102	0	33099	
3103	0	32606	
3104	0	32568	
3105	0	32732	
3106	0	32751	
3107	0	32754	
3108	0	32740	
3109	0	32822	
3110	0	33039	
3111	0	33328	
3112	0	33521	
3113	0	33437	
3114	0	33437	
3115	0	33223	
3116	0	33088	
3117	0	32995	
3118	0	32609	
3119	0	31730	
3120	0	31036	
3121	0	30724	
3122	0	29949	
3123	0	28236	
3124	0	27425	
3125	0	29273	
3126	0	32167	
3127	0	35318	
3128	0	38254	
3129	0	40127	
3130	0	40780	
3131	0	40441	
3132	0	39054	
3133	0	37176	
3134	0	35653	
3135	0	34180	
3136	0	32525	
3137	0	31000	
3138	0	30356	
3139	0	30163	
3140	0	30259	
3141	0	30461	
3142	0	30767	
3143	0	30974	
3144	0	31175	
3145	0	31352	
3146	0	31524	
3147	0	31734	
3148	0	31838	
3149	0	32084	
3150	0	32235	
3151	0	32337	
3152	0	32391	
3153	0	32455	
3154	0	32540	
3155	0	32653	
3156	0	32761	
3157	0	32745	
3158	0	32822	
3159	0	32821	
3160	0	32839	
3161	0	32923	
3162	0	32858	
3163	0	32887	
3164	0	32863	
3165	0	32928	
3166	0	32900	
3167	0	32924	
3168	0	32871	
3169	0	32898	
3170	0	32947	
3171	0	33024	
3172	0	33044	
3173	0	32978	
3174	0	32940	
3175	0	33014	
3176	0	32943	
3177	0	32844	
3178	0	32899	
3179	0	32871	
3180	0	32832	
3181	0	32941	
3182	0	32984	
3183	0	32954	
3184	0	32951	
3185	0	32802	
3186	0	32643	
3187	0	32688	
3188	0	32770	
3189	0	32929	
3190	0	33008	
3191	0	32866	
3192	0	32859	
3193	0	32847	
3194	0	32876	
3195	0	32899	
3196	0	32758	
3197	0	32583	
3198	0	32230	
3199	0	31277	
3200	0	30313	
3201	0	30468	
3202	0	31154	
3203	0	32180	
3204	0	32139	
3205	0	31526	
3206	0	32174	
3207	0	33576	
3208	0	34471	
3209	0	35204	
3210	0	35951	
3211	0	36690	
3212	0	37249	
3213	0	37255	
3214	0	34995	
3215	0	33344	
3216	0	32557	
3217	0	32117	
3218	0	31872	
3219	0	31958	
3220	0	32396	
3221	0	32971	
3222	0	33510	
3223	0	33799	
3224	0	33529	
3225	0	32903	
3226	0	32173	
3227	0	31521	
3228	0	31291	
3229	0	28806	
3230	0	23464	
3231	0	21297	
3232	0	23615	
3233	0	26932	
3234	0	31654	
3235	0	36773	
3236	0	40608	
3237	0	43424	
3238	0	44620	
3239	0	44260	
3240	0	41303	
3241	0	37495	
3242	0	34542	
3243	0	31932	
3244	0	30881	
3245	0	30753	
3246	0	30727	
3247	0	31428	
3248	0	32078	
3249	0	32134	
3250	0	31503	
3251	0	31099	
3252	0	30705	
3253	0	30436	
3254	0	30376	
3255	0	30786	
3256	0	31175	
3257	0	31463	
3258	0	31889	
3259	0	32130	
3260	0	32401	
3261	0	32707	
3262	0	32483	
3263	0	32210	
3264	0	32310	
3265	0	32360	
3266	0	32381	
3267	0	32374	
3268	0	32534	
3269	0	32679	
3270	0	32789	
3271	0	32628	
3272	0	32567	
3273	0	32850	
3274	0	33039	
3275	0	33154	
3276	0	33330	
3277	0	33634	
3278	0	33798	
3279	0	33741	
3280	0	33348	
3281	0	33181	
3282	0	32775	
3283	0	32746	
3284	0	32767	
3285	0	32743	
3286	0	32679	
3287	0	32695	
3288	0	32750	
3289	0	32807	
3290	0	32975	
3291	0	33168	
3292	0	33023	
3293	0	32926	
3294	0	32862	
3295	0	32800	
3296	0	32922	
3297	0	32923	
3298	0	32420	
3299	0	32116	
3300	0	32307	
3301	0	32679	
3302	0	32953	
3303	0	33111	
3304	0	33063	
3305	0	32940	
3306	0	32966	
3307	0	32549	
3308	0	32229	
3309	0	32510	
3310	0	32967	
3311	0	33287	
3312	0	33752	
3313	0	34052	
3314	0	33940	
3315	0	33952	
3316	0	34002	
3317	0	33626	
3318	0	33201	
3319	0	32775	
3320	0	32461	
3321	0	32213	
3322	0	32129	
3323	0	32116	
3324	0	32187	
3325	0	32238	
3326	0	32359	
3327	0	32614	
3328	0	32704	
3329	0	32837	
3330	0	32813	
3331	0	32824	
3332	0	32860	
3333	0	32855	
3334	0	32912	
3335	0	32910	
3336	0	32852	
3337	0	32839	
3338	0	32807	
3339	0	32830	
3340	0	32959	
3341	0	32919	
3342	0	32863	
3343	0	32935	
3344	0	32802	
3345	0	32734	
3346	0	32612	
3347	0	32566	
3348	0	32512	
3349	0	32560	
3350	0	32577	
3351	0	32654	
3352	0	32686	
3353	0	32722	
3354	0	32673	
3355	0	32740	
3356	0	32831	
3357	0	32876	
3358	0	32908	
3359	0	32932	
3360	0	32935	
3361	0	32957	
3362	0	32910	
3363	0	32927	
3364	0	32948	
3365	0	33001	
3366	0	33030	
3367	0	32849	
3368	0	32869	
3369	0	32865	
3370	0	32877	
3371	0	32974	
3372	0	32957	
3373	0	32841	
3374	0	32897	
3375	0	32899	
3376	0	32898	
3377	0	32884	
3378	0	32895	
3379	0	32775	
3380	0	32655	
3381	0	32621	
3382	0	32615	
3383	0	32629	
3384	0	32653	
3385	0	32659	
3386	0	32680	
3387	0	32788	
3388	0	32791	
3389	0	32775	
3390	0	32700	
3391	0	32625	
3392	0	31974	
3393	0	31501	
3394	0	31220	
3395	0	31668	
3396	0	32404	
3397	0	32993	
3398	0	33287	
3399	0	33312	
3400	0	33340	
3401	0	33387	
3402	0	33104	
3403	0	33207	
3404	0	33631	
3405	0	34162	
3406	0	34365	
3407	0	34364	
3408	0	34374	
3409	0	34714	
3410	0	34311	
3411	0	32470	
3412	0	30215	
3413	0	28823	
3414	0	27899	
3415	0	28818	
3416	0	31237	
3417	0	33742	
3418	0	35905	
3419	0	37212	
3420	0	37923	
3421	0	38503	
3422	0	38758	
3423	0	36535	
3424	0	33667	
3425	0	32244	
3426	0	31486	
3427	0	30994	
3428	0	30598	
3429	0	30480	
3430	0	30711	
3431	0	31253	
3432	0	31679	
3433	0	31986	
3434	0	32159	
3435	0	32216	
3436	0	32257	
3437	0	32249	
3438	0	32336	
3439	0	32282	
3440	0	32161	
3441	0	32101	
3442	0	32123	
3443	0	32182	
3444	0	32373	
3445	0	32549	
3446	0	32673	
3447	0	32719	
3448	0	32881	
3449	0	32952	
3450	0	32903	
3451	0	32805	
3452	0	32834	
3453	0	32839	
3454	0	32886	
3455	0	32871	
3456	0	32949	
3457	0	32919	
3458	0	32903	
3459	0	32873	
3460	0	32845	
3461	0	32829	
3462	0	32823	
3463	0	32875	
3464	0	32924	
3465	0	32935	
3466	0	33033	
3467	0	32977	
3468	0	32947	
3469	0	32939	
3470	0	32900	
3471	0	32869	
3472	0	32882	
3473	0	32857	
3474	0	32798	
3475	0	32890	
3476	0	32847	
3477	0	32870	
3478	0	32929	
3479	0	32914	
3480	0	32927	
3481	0	32871	
3482	0	32932	
3483	0	32916	
3484	0	32855	
3485	0	32890	
3486	0	32986	
3487	0	33030	
3488	0	33045	
3489	0	33026	
3490	0	32971	
3491	0	32896	
3492	0	32688	
3493	0	32556	
3494	0	32391	
3495	0	32209	
3496	0	32031	
3497	0	32216	
3498	0	32575	
3499	0	32911	
3500	0	33031	
3501	0	32802	
3502	0	32656	
3503	0	32818	
3504	0	33080	
3505	0	33241	
3506	0	33500	
3507	0	33767	
3508	0	33582	
3509	0	33102	
3510	0	32826	
3511	0	32457	
3512	0	31693	
3513	0	31314	
3514	0	30886	
3515	0	31191	
3516	0	32057	
3517	0	33092	
3518	0	33944	
3519	0	34803	
3520	0	35195	
3521	0	34990	
3522	0	34655	
3523	0	33847	
3524	0	32451	
3525	0	31911	
3526	0	32166	
3527	0	32473	
3528	0	32877	
3529	0	33057	
3530	0	32921	
3531	0	32775	
3532	0	33064	
3533	0	33496	
3534	0	33620	
3535	0	33599	
3536	0	33487	
3537	0	33039	
3538	0	32719	
3539	0	32545	
3540	0	32364	
3541	0	32247	
3542	0	32140	
3543	0	32157	
3544	0	32179	
3545	0	32218	
3546	0	32260	
3547	0	32297	
3548	0	32263	
3549	0	32411	
3550	0	32516	
3551	0	32636	
3552	0	32719	
3553	0	32732	
3554	0	32696	
3555	0	32647	
3556	0	32697	
3557	0	32703	
3558	0	32775	
3559	0	32744	
3560	0	32812	
3561	0	32844	
3562	0	32871	
3563	0	32827	
3564	0	32884	
3565	0	32836	
3566	0	32940	
3567	0	32965	
3568	0	32978	
3569	0	33024	
3570	0	32923	
3571	0	32962	
3572	0	32991	
3573	0	32923	
3574	0	32871	
3575	0	32851	
3576	0	32830	
3577	0	32701	
3578	0	32504	
3579	0	32326	
3580	0	32116	
3581	0	32250	
3582	0	32521	
3583	0	32832	
3584	0	32642	
3585	0	32304	
3586	0	32574	
3587	0	32808	
3588	0	31972	
3589	0	30297	
3590	0	29151	
3591	0	29286	
3592	0	30791	
3593	0	32937	
3594	0	34743	
3595	0	36253	
3596	0	36285	
3597	0	35939	
3598	0	35663	
3599	0	35682	
3600	0	35058	
3601	0	33676	
3602	0	32223	
3603	0	31166	
3604	0	32042	
3605	0	33991	
3606	0	35814	
3607	0	36480	
3608	0	36114	
3609	0	35800	
3610	0	35494	
3611	0	35075	
3612	0	34090	
3613	0	32890	
3614	0	31781	
3615	0	30767	
3616	0	30236	
3617	0	30093	
3618	0	30151	
3619	0	30375	
3620	0	30597	
3621	0	30867	
3622	0	31134	
3623	0	31493	
3624	0	31744	
3625	0	31821	
3626	0	32089	
3627	0	32224	
3628	0	32455	
3629	0	32615	
3630	0	32534	
3631	0	32719	
3632	0	32882	
3633	0	32903	
3634	0	32935	
3635	0	32886	
3636	0	32831	
3637	0	32973	
3638	0	33138	
3639	0	33133	
3640	0	33014	
3641	0	33112	
3642	0	33081	
3643	0	33018	
3644	0	32939	
3645	0	32952	
3646	0	32877	
3647	0	32865	
3648	0	32745	
3649	0	32788	
3650	0	32748	
3651	0	32687	
3652	0	32805	
3653	0	32809	
3654	0	32799	
3655	0	32711	
3656	0	32694	
3657	0	32813	
3658	0	32790	
3659	0	32839	
3660	0	32770	
3661	0	32914	
3662	0	32927	
3663	0	32980	
3664	0	33104	
3665	0	33116	
3666	0	33059	
3667	0	32958	
3668	0	32925	
3669	0	32829	
3670	0	32851	
3671	0	32865	
3672	0	32937	
3673	0	32946	
3674	0	32973	
3675	0	33092	
3676	0	33112	
3677	0	33036	
3678	0	33042	
3679	0	33052	
3680	0	32993	
3681	0	32964	
3682	0	32961	
3683	0	32833	
3684	0	32675	
3685	0	32527	
3686	0	32507	
3687	0	32504	
3688	0	32553	
3689	0	32575	
3690	0	32623	
3691	0	32719	
3692	0	32797	
3693	0	32821	
3694	0	32864	
3695	0	32832	
3696	0	32708	
3697	0	32489	
3698	0	32415	
3699	0	32476	
3700	0	32583	
3701	0	32749	
3702	0	32927	
3703	0	32711	
3704	0	32599	
3705	0	32480	
3706	0	32469	
3707	0	32680	
3708	0	32909	
3709	0	33230	
3710	0	32692	
3711	0	31415	
3712	0	31015	
3713	0	31706	
3714	0	32910	
3715	0	33775	
3716	0	34375	
3717	0	34894	
3718	0	35154	
3719	0	35015	
3720	0	34659	
3721	0	34606	
3722	0	34038	
3723	0	33515	
3724	0	33093	
3725	0	32216	
3726	0	30999	
3727	0	30100	
3728	0	30157	
3729	0	31036	
3730	0	32159	
3731	0	33130	
3732	0	33832	
3733	0	33638	
3734	0	33018	
3735	0	32936	
3736	0	33385	
3737	0	33724	
3738	0	33792	
3739	0	33471	
3740	0	33202	
3741	0	33407	
3742	0	33394	
3743	0	33205	
3744	0	32990	
3745	0	32586	
3746	0	32485	
3747	0	32519	
3748	0	32277	
3749	0	31879	
3750	0	31737	
3751	0	31779	
3752	0	32022	
3753	0	32053	
3754	0	32280	
3755	0	32444	
3756	0	32670	
3757	0	32919	
3758	0	33240	
3759	0	33426	
3760	0	33570	
3761	0	33326	
3762	0	32626	
3763	0	32396	
3764	0	32364	
3765	0	32500	
3766	0	32877	
3767	0	33118	
3768	0	33018	
3769	0	32975	
3770	0	33031	
3771	0	33092	
3772	0	33165	
3773	0	32937	
3774	0	32743	
3775	0	32815	
3776	0	32775	
3777	0	32833	
3778	0	32870	
3779	0	32728	
3780	0	32636	
3781	0	32638	
3782	0	32615	
3783	0	32503	
3784	0	32514	
3785	0	32653	
3786	0	32699	
3787	0	32668	
3788	0	32736	
3789	0	32762	
3790	0	32897	
3791	0	32946	
3792	0	33119	
3793	0	32989	
3794	0	32911	
3795	0	32949	
3796	0	32951	
3797	0	32997	
3798	0	32850	
3799	0	32730	
3800	0	32559	
3801	0	32471	
3802	0	32407	
3803	0	32505	
3804	0	32537	
3805	0	32699	
3806	0	32608	
3807	0	32333	
3808	0	32221	
3809	0	32403	
3810	0	31943	
3811	0	32098	
3812	0	32551	
3813	0	32711	
3814	0	32397	
3815	0	32131	
3816	0	32263	
3817	0	32822	
3818	0	33490	
3819	0	34150	
3820	0	34564	
3821	0	34533	
3822	0	33820	
3823	0	33909	
3824	0	34375	
3825	0	34348	
3826	0	34608	
3827	0	34358	
3828	0	33465	
3829	0	32505	
3830	0	32253	
3831	0	32354	
3832	0	32504	
3833	0	32767	
3834	0	33228	
3835	0	33319	
3836	0	33228	
3837	0	33162	
3838	0	33234	
3839	0	33044	
3840	0	32659	
3841	0	32327	
3842	0	32071	
3843	0	32093	
3844	0	32197	
3845	0	32135	
3846	0	32048	
3847	0	32180	
3848	0	32078	
3849	0	32044	
3850	0	32101	
3851	0	32094	
3852	0	32310	
3853	0	32444	
3854	0	32559	
3855	0	32504	
3856	0	32570	
3857	0	32699	
3858	0	32775	
3859	0	32786	
3860	0	32768	
3861	0	32708	
3862	0	32107	
3863	0	32123	
3864	0	32496	
3865	0	32515	
3866	0	32624	
3867	0	32594	
3868	0	32108	
3869	0	32127	
3870	0	32786	
3871	0	33327	
3872	0	33007	
3873	0	32474	
3874	0	32768	
3875	0	33303	
3876	0	33695	
3877	0	34172	
3878	0	33890	
3879	0	33052	
3880	0	32740	
3881	0	33028	
3882	0	33267	
3883	0	33543	
3884	0	33745	
3885	0	33430	
3886	0	33399	
3887	0	33341	
3888	0	33037	
3889	0	32992	
3890	0	32738	
3891	0	32614	
3892	0	32765	
3893	0	32556	
3894	0	32876	
3895	0	33722	
3896	0	34264	
3897	0	34176	
3898	0	33829	
3899	0	33667	
3900	0	33485	
3901	0	33248	
3902	0	32899	
3903	0	32516	
3904	0	32439	
3905	0	32208	
3906	0	32064	
3907	0	32049	
3908	0	31970	
3909	0	31857	
3910	0	32053	
3911	0	32135	
3912	0	32048	
3913	0	32046	
3914	0	32161	
3915	0	32311	
3916	0	32481	
3917	0	32579	
3918	0	32609	
3919	0	32665	
3920	0	32790	
3921	0	32903	
3922	0	32914	
3923	0	32962	
3924	0	32892	
3925	0	32684	
3926	0	32699	
3927	0	32725	
3928	0	32741	
3929	0	32711	
3930	0	32721	
3931	0	32770	
3932	0	32854	
3933	0	32861	
3934	0	32845	
3935	0	32967	
3936	0	33002	
3937	0	33030	
3938	0	33015	
3939	0	33024	
3940	0	32856	
3941	0	32746	
3942	0	32775	
3943	0	32682	
3944	0	32637	
3945	0	32728	
3946	0	32871	
3947	0	33042	
3948	0	33093	
3949	0	33020	
3950	0	32986	
3951	0	32933	
3952	0	33037	
3953	0	33183	
3954	0	33200	
3955	0	33175	
3956	0	33082	
3957	0	32972	
3958	0	33046	
3959	0	33000	
3960	0	33050	
3961	0	32956	
3962	0	32855	
3963	0	32894	
3964	0	32967	
3965	0	32918	
3966	0	32956	
3967	0	32901	
3968	0	32738	
3969	0	32735	
3970	0	32719	
3971	0	32718	
3972	0	32704	
3973	0	32643	
3974	0	32446	
3975	0	32420	
3976	0	32502	
3977	0	32352	
3978	0	31984	
3979	0	31938	
3980	0	32192	
3981	0	32370	
3982	0	32310	
3983	0	32152	
3984	0	31428	
3985	0	30855	
3986	0	31496	
3987	0	32738	
3988	0	34112	
3989	0	35378	
3990	0	36343	
3991	0	36662	
3992	0	35973	
3993	0	35266	
3994	0	34535	
3995	0	33517	
3996	0	32582	
3997	0	31654	
3998	0	31375	
3999	0	31429	
4000	0	31766	
4001	0	31289	
4002	0	30841	
4003	0	31004	
4004	0	31474	
4005	0	32353	
4006	0	33145	
4007	0	33831	
4008	0	34232	
4009	0	34254	
4010	0	33863	
4011	0	33727	
4012	0	33780	
4013	0	33229	
4014	0	32760	
4015	0	32378	
4016	0	32172	
4017	0	32087	
4018	0	32389	
4019	0	32986	
4020	0	33245	
4021	0	33188	
4022	0	32836	
4023	0	32327	
4024	0	32121	
4025	0	32164	
4026	0	31930	
4027	0	31574	
4028	0	31159	
4029	0	31116	
4030	0	31437	
4031	0	31918	
4032	0	31686	
4033	0	31749	
4034	0	32507	
4035	0	33404	
4036	0	34158	
4037	0	34686	
4038	0	34092	
4039	0	33671	
4040	0	33690	
4041	0	33988	
4042	0	34006	
4043	0	33788	
4044	0	33711	
4045	0	33676	
4046	0	33640	
4047	0	33729	
4048	0	33573	
4049	0	33207	
4050	0	32832	
4051	0	32517	
4052	0	32141	
4053	0	31894	
4054	0	31906	
4055	0	31972	
4056	0	31975	
4057	0	32000	
4058	0	32127	
4059	0	32039	
4060	0	31565	
4061	0	31292	
4062	0	31418	
4063	0	32066	
4064	0	32801	
4065	0	33334	
4066	0	33752	
4067	0	33853	
4068	0	33629	
4069	0	33517	
4070	0	33360	
4071	0	33340	
4072	0	33239	
4073	0	33018	
4074	0	32805	
4075	0	32591	
4076	0	32653	
4077	0	32903	
4078	0	33181	
4079	0	33023	
4080	0	32799	
4081	0	32632	
4082	0	32661	
4083	0	32823	
4084	0	32980	
4085	0	32717	
4086	0	32410	
4087	0	32430	
4088	0	32583	
4089	0	32915	
4090	0	33049	
4091	0	33095	
4092	0	33066	
4093	0	32989	
4094	0	32965	
4095	0	32863	
4096	0	32790	
4097	0	32592	
4098	0	32162	
4099	0	31857	
4100	0	31857	
4101	0	31830	
4102	0	31461	
4103	0	31021	
4104	0	31673	
4105	0	32739	
4106	0	33510	
4107	0	34083	
4108	0	34540	
4109	0	34151	
4110	0	33776	
4111	0	33731	
4112	0	33625	
4113	0	33101	
4114	0	32875	
4115	0	32949	
4116	0	32897	
4117	0	32808	
4118	0	33157	
4119	0	33391	
4120	0	33660	
4121	0	33848	
4122	0	33750	
4123	0	33602	
4124	0	33751	
4125	0	33509	
4126	0	33098	
4127	0	32828	
4128	0	32887	
4129	0	32852	
4130	0	32879	
4131	0	32752	
4132	0	32487	
4133	0	32148	
4134	0	32006	
4135	0	31953	
4136	0	32047	
4137	0	32041	
4138	0	32011	
4139	0	32018	
4140	0	32086	
4141	0	32229	
4142	0	32370	
4143	0	32527	
4144	0	32402	
4145	0	32180	
4146	0	32259	
4147	0	32511	
4148	0	32748	
4149	0	32871	
4150	0	32966	
4151	0	32940	
4152	0	32978	
4153	0	33031	
4154	0	33142	
4155	0	33181	
4156	0	33316	
4157	0	33141	
4158	0	32886	
4159	0	32740	
4160	0	32531	
4161	0	32431	
4162	0	32243	
4163	0	32178	
4164	0	32423	
4165	0	32810	
4166	0	33186	
4167	0	33626	
4168	0	33988	
4169	0	34144	
4170	0	33819	
4171	0	33655	
4172	0	33599	
4173	0	33490	
4174	0	33210	
4175	0	32772	
4176	0	32536	
4177	0	32255	
4178	0	32032	
4179	0	31995	
4180	0	32059	
4181	0	32197	
4182	0	32419	
4183	0	32516	
4184	0	32609	
4185	0	32775	
4186	0	33017	
4187	0	33164	
4188	0	33013	
4189	0	32771	
4190	0	32646	
4191	0	32501	
4192	0	32556	
4193	0	32765	
4194	0	32950	
4195	0	32866	
4196	0	32734	
4197	0	32731	
4198	0	32794	
4199	0	32681	
4200	0	32552	
4201	0	32615	
4202	0	32711	
4203	0	32684	
4204	0	32756	
4205	0	32593	
4206	0	32654	
4207	0	32465	
4208	0	32391	
4209	0	32848	
4210	0	33452	
4211	0	33240	
4212	0	32825	
4213	0	32669	
4214	0	32941	
4215	0	32992	
4216	0	33153	
4217	0	33597	
4218	0	34387	
4219	0	34537	
4220	0	34406	
4221	0	33957	
4222	0	33002	
4223	0	32274	
4224	0	31841	
4225	0	31500	
4226	0	31072	
4227	0	31229	
4228	0	32102	
4229	0	33180	
4230	0	34321	
4231	0	35222	
4232	0	35292	
4233	0	34818	
4234	0	33618	
4235	0	33024	
4236	0	32527	
4237	0	31889	
4238	0	31949	
4239	0	32307	
4240	0	32655	
4241	0	33095	
4242	0	33188	
4243	0	33030	
4244	0	33004	
4245	0	32592	
4246	0	31975	
4247	0	31830	
4248	0	31814	
4249	0	31798	
4250	0	31869	
4251	0	32081	
4252	0	32246	
4253	0	32257	
4254	0	32355	
4255	0	32423	
4256	0	32524	
4257	0	32605	
4258	0	32636	
4259	0	32703	
4260	0	32748	
4261	0	32717	
4262	0	32754	
4263	0	32898	
4264	0	32936	
4265	0	32857	
4266	0	32868	
4267	0	32877	
4268	0	32903	
4269	0	32911	
4270	0	33044	
4271	0	33223	
4272	0	33284	
4273	0	33260	
4274	0	33110	
4275	0	32819	
4276	0	32570	
4277	0	32377	
4278	0	32565	
4279	0	32772	
4280	0	32947	
4281	0	33078	
4282	0	33083	
4283	0	33062	
4284	0	32967	
4285	0	32828	
4286	0	32615	
4287	0	32606	
4288	0	32678	
4289	0	32700	
4290	0	32850	
4291	0	32536	
4292	0	31687	
4293	0	31349	
4294	0	31612	
4295	0	32127	
4296	0	32879	
4297	0	33535	
4298	0	34285	
4299	0	34676	
4300	0	34707	
4301	0	34452	
4302	0	34198	
4303	0	33865	
4304	0	33118	
4305	0	32738	
4306	0	32519	
4307	0	32285	
4308	0	31805	
4309	0	31458	
4310	0	31385	
4311	0	31641	
4312	0	32220	
4313	0	32746	
4314	0	33018	
4315	0	33127	
4316	0	33142	
4317	0	33718	
4318	0	33576	
4319	0	32552	
4320	0	31426	
4321	0	31111	
4322	0	31600	
4323	0	32568	
4324	0	33380	
4325	0	33887	
4326	0	34873	
4327	0	35534	
4328	0	35471	
4329	0	34730	
4330	0	33705	
4331	0	32359	
4332	0	31398	
4333	0	31354	
4334	0	31401	
4335	0	31453	
4336	0	30738	
4337	0	30091	
4338	0	30418	
4339	0	31490	
4340	0	33073	
4341	0	34383	
4342	0	35500	
4343	0	36056	
4344	0	36263	
4345	0	36354	
4346	0	36128	
4347	0	35495	
4348	0	34223	
4349	0	32812	
4350	0	31684	
4351	0	31084	
4352	0	30930	
4353	0	30940	
4354	0	30962	
4355	0	31162	
4356	0	31448	
4357	0	31664	
4358	0	31840	
4359	0	32012	
4360	0	32169	
4361	0	32263	
4362	0	32423	
4363	0	32536	
4364	0	32570	
4365	0	32638	
4366	0	32720	
4367	0	32798	
4368	0	32788	
4369	0	32790	
4370	0	32746	
4371	0	32795	
4372	0	32839	
4373	0	32885	
4374	0	32892	
4375	0	32903	
4376	0	32937	
4377	0	32919	
4378	0	32932	
4379	0	32975	
4380	0	33086	
4381	0	33137	
4382	0	33015	
4383	0	32996	
4384	0	32962	
4385	0	32961	
4386	0	32935	
4387	0	32808	
4388	0	32660	
4389	0	32552	
4390	0	32580	
4391	0	32672	
4392	0	32818	
4393	0	32940	
4394	0	33025	
4395	0	33093	
4396	0	32999	
4397	0	32918	
4398	0	33023	
4399	0	33006	
4400	0	33020	
4401	0	32985	
4402	0	32947	
4403	0	33017	
4404	0	33106	
4405	0	33119	
4406	0	33031	
4407	0	32988	
4408	0	32903	
4409	0	32887	
4410	0	32765	
4411	0	32702	
4412	0	32774	
4413	0	32711	
4414	0	32764	
4415	0	32703	
4416	0	32641	
4417	0	32711	
4418	0	32680	
4419	0	32688	
4420	0	32775	
4421	0	32795	
4422	0	32774	
4423	0	32775	
4424	0	32871	
4425	0	32847	
4426	0	32806	
4427	0	32815	
4428	0	32745	
4429	0	32772	
4430	0	32721	
4431	0	32800	
4432	0	32846	
4433	0	32818	
4434	0	32855	
4435	0	32813	
4436	0	32911	
4437	0	32880	
4438	0	32710	
4439	0	32672	
4440	0	32612	
4441	0	32685	
4442	0	32710	
4443	0	32724	
4444	0	32723	
4445	0	32829	
4446	0	32920	
4447	0	32966	
4448	0	32880	
4449	0	32525	
4450	0	32232	
4451	0	31672	
4452	0	31172	
4453	0	30695	
4454	0	31017	
4455	0	32006	
4456	0	32906	
4457	0	33975	
4458	0	35011	
4459	0	35719	
4460	0	36039	
4461	0	35415	
4462	0	34529	
4463	0	33081	
4464	0	32452	
4465	0	32007	
4466	0	31256	
4467	0	30641	
4468	0	30629	
4469	0	29938	
4470	0	30016	
4471	0	31352	
4472	0	32950	
4473	0	34721	
4474	0	36288	
4475	0	37432	
4476	0	37995	
4477	0	38068	
4478	0	37263	
4479	0	35434	
4480	0	33997	
4481	0	33048	
4482	0	31939	
4483	0	30924	
4484	0	30409	
4485	0	30335	
4486	0	30535	
4487	0	30919	
4488	0	31194	
4489	0	31524	
4490	0	31724	
4491	0	31860	
4492	0	32036	
4493	0	32153	
4494	0	32202	
4495	0	32217	
4496	0	32237	
4497	0	32258	
4498	0	32254	
4499	0	32359	
4500	0	32097	
4501	0	32100	
4502	0	32326	
4503	0	32655	
4504	0	32688	
4505	0	32617	
4506	0	32879	
4507	0	33101	
4508	0	33252	
4509	0	33311	
4510	0	33323	
4511	0	33207	
4512	0	33108	
4513	0	33063	
4514	0	33009	
4515	0	32871	
4516	0	32807	
4517	0	32895	
4518	0	32925	
4519	0	32810	
4520	0	32688	
4521	0	32511	
4522	0	32532	
4523	0	33085	
4524	0	33415	
4525	0	33458	
4526	0	33650	
4527	0	33799	
4528	0	33823	
4529	0	33671	
4530	0	33030	
4531	0	31969	
4532	0	31373	
4533	0	30292	
4534	0	29977	
4535	0	30757	
4536	0	31858	
4537	0	33075	
4538	0	34116	
4539	0	34788	
4540	0	35201	
4541	0	35405	
4542	0	35390	
4543	0	34955	
4544	0	34287	
4545	0	33599	
4546	0	32921	
4547	0	32338	
4548	0	32037	
4549	0	31899	
4550	0	31871	
4551	0	32005	
4552	0	32209	
4553	0	32124	
4554	0	32069	
4555	0	32156	
4556	0	32186	
4557	0	32445	
4558	0	32592	
4559	0	32673	
4560	0	32690	
4561	0	32736	
4562	0	32634	
4563	0	32626	
4564	0	32663	
4565	0	32582	
4566	0	32402	
4567	0	32152	
4568	0	32295	
4569	0	32472	
4570	0	32105	
4571	0	31844	
4572	0	31854	
4573	0	32398	
4574	0	32984	
4575	0	33650	
4576	0	34197	
4577	0	34416	
4578	0	34123	
4579	0	34052	
4580	0	34045	
4581	0	33973	
4582	0	33037	
4583	0	32112	
4584	0	32199	
4585	0	32576	
4586	0	33030	
4587	0	33315	
4588	0	33400	
4589	0	33269	
4590	0	33184	
4591	0	32954	
4592	0	32516	
4593	0	31951	
4594	0	31351	
4595	0	31188	
4596	0	31394	
4597	0	31943	
4598	0	32850	
4599	0	33812	
4600	0	34618	
4601	0	35000	
4602	0	34773	
4603	0	33887	
4604	0	32558	
4605	0	31544	
4606	0	31407	
4607	0	31751	
4608	0	32437	
4609	0	32999	
4610	0	33543	
4611	0	34000	
4612	0	33877	
4613	0	33586	
4614	0	33138	
4615	0	32696	
4616	0	32370	
4617	0	32390	
4618	0	32291	
4619	0	32196	
4620	0	32323	
4621	0	32618	
4622	0	32666	
4623	0	32594	
4624	0	32319	
4625	0	32178	
4626	0	32338	
4627	0	32508	
4628	0	32599	
4629	0	32850	
4630	0	32711	
4631	0	32740	
4632	0	32949	
4633	0	32954	
4634	0	32989	
4635	0	32973	
4636	0	32890	
4637	0	32786	
4638	0	32890	
4639	0	32820	
4640	0	32749	
4641	0	32690	
4642	0	32732	
4643	0	32787	
4644	0	32774	
4645	0	32854	
4646	0	32900	
4647	0	32918	
4648	0	32866	
4649	0	32942	
4650	0	32934	
4651	0	32863	
4652	0	32912	
4653	0	32809	
4654	0	32754	
4655	0	32758	
4656	0	32810	
4657	0	32825	
4658	0	32813	
4659	0	32748	
4660	0	32690	
4661	0	31972	
4662	0	31807	
4663	0	32180	
4664	0	32661	
4665	0	33092	
4666	0	33447	
4667	0	33644	
4668	0	33670	
4669	0	33621	
4670	0	33309	
4671	0	32788	
4672	0	32507	
4673	0	32292	
4674	0	32294	
4675	0	32446	
4676	0	32729	
4677	0	32981	
4678	0	33159	
4679	0	33088	
4680	0	32441	
4681	0	32214	
4682	0	32117	
4683	0	32319	
4684	0	32788	
4685	0	33236	
4686	0	33552	
4687	0	33758	
4688	0	33795	
4689	0	33445	
4690	0	33193	
4691	0	32982	
4692	0	32623	
4693	0	32337	
4694	0	32179	
4695	0	32287	
4696	0	32755	
4697	0	33504	
4698	0	34167	
4699	0	34367	
4700	0	33873	
4701	0	32807	
4702	0	30928	
4703	0	29145	
4704	0	28609	
4705	0	29535	
4706	0	31686	
4707	0	33524	
4708	0	35111	
4709	0	36460	
4710	0	37199	
4711	0	37796	
4712	0	37590	
4713	0	36090	
4714	0	34310	
4715	0	33114	
4716	0	32312	
4717	0	31620	
4718	0	31175	
4719	0	31110	
4720	0	31276	
4721	0	31406	
4722	0	31183	
4723	0	30957	
4724	0	30888	
4725	0	31117	
4726	0	31487	
4727	0	31942	
4728	0	32476	
4729	0	32822	
4730	0	33026	
4731	0	32851	
4732	0	32812	
4733	0	33052	
4734	0	32983	
4735	0	32710	
4736	0	32775	
4737	0	32945	
4738	0	32944	
4739	0	32992	
4740	0	33155	
4741	0	33287	
4742	0	33183	
4743	0	33073	
4744	0	32848	
4745	0	32660	
4746	0	32598	
4747	0	32754	
4748	0	33011	
4749	0	33053	
4750	0	33072	
4751	0	33014	
4752	0	33052	
4753	0	32695	
4754	0	32239	
4755	0	32176	
4756	0	32399	
4757	0	32557	
4758	0	32829	
4759	0	33021	
4760	0	33171	
4761	0	33287	
4762	0	33260	
4763	0	33149	
4764	0	32717	
4765	0	31917	
4766	0	31932	
4767	0	32300	
4768	0	32799	
4769	0	33156	
4770	0	33222	
4771	0	33202	
4772	0	33100	
4773	0	33108	
4774	0	33223	
4775	0	33415	
4776	0	33397	
4777	0	33133	
4778	0	32952	
4779	0	32773	
4780	0	32516	
4781	0	32263	
4782	0	31852	
4783	0	31474	
4784	0	31517	
4785	0	32046	
4786	0	32666	
4787	0	33222	
4788	0	33702	
4789	0	33649	
4790	0	33023	
4791	0	32610	
4792	0	32299	
4793	0	32151	
4794	0	32365	
4795	0	32905	
4796	0	33753	
4797	0	34541	
4798	0	35247	
4799	0	35527	
4800	0	35346	
4801	0	34676	
4802	0	33522	
4803	0	31861	
4804	0	30962	
4805	0	31070	
4806	0	31513	
4807	0	32164	
4808	0	32962	
4809	0	33464	
4810	0	33782	
4811	0	33782	
4812	0	33372	
4813	0	32923	
4814	0	32746	
4815	0	32363	
4816	0	32163	
4817	0	32135	
4818	0	31880	
4819	0	31559	
4820	0	31396	
4821	0	31666	
4822	0	32069	
4823	0	32408	
4824	0	32627	
4825	0	32311	
4826	0	32214	
4827	0	32660	
4828	0	32836	
4829	0	32232	
4830	0	31995	
4831	0	32366	
4832	0	32881	
4833	0	33407	
4834	0	33764	
4835	0	33789	
4836	0	33461	
4837	0	33309	
4838	0	33477	
4839	0	33743	
4840	0	33644	
4841	0	33415	
4842	0	33287	
4843	0	33239	
4844	0	33252	
4845	0	33316	
4846	0	33304	
4847	0	32887	
4848	0	32598	
4849	0	32230	
4850	0	31880	
4851	0	31890	
4852	0	32127	
4853	0	32576	
4854	0	32802	
4855	0	32948	
4856	0	32933	
4857	0	32924	
4858	0	32962	
4859	0	32997	
4860	0	32895	
4861	0	32839	
4862	0	32847	
4863	0	32641	
4864	0	32573	
4865	0	32636	
4866	0	32645	
4867	0	32496	
4868	0	32422	
4869	0	32530	
4870	0	32643	
4871	0	32820	
4872	0	32880	
4873	0	32935	
4874	0	32817	
4875	0	32797	
4876	0	32903	
4877	0	32880	
4878	0	32824	
4879	0	32774	
4880	0	32882	
4881	0	32753	
4882	0	32481	
4883	0	32092	
4884	0	32190	
4885	0	32748	
4886	0	33250	
4887	0	33680	
4888	0	33686	
4889	0	33541	
4890	0	33568	
4891	0	33510	
4892	0	33367	
4893	0	33234	
4894	0	32794	
4895	0	32512	
4896	0	32391	
4897	0	32306	
4898	0	32348	
4899	0	32370	
4900	0	32263	
4901	0	31982	
4902	0	31731	
4903	0	31751	
4904	0	31229	
4905	0	30828	
4906	0	31162	
4907	0	32117	
4908	0	33274	
4909	0	34415	
4910	0	35248	
4911	0	35572	
4912	0	35473	
4913	0	35564	
4914	0	35409	
4915	0	34963	
4916	0	33542	
4917	0	32146	
4918	0	31025	
4919	0	30613	
4920	0	30952	
4921	0	31883	
4922	0	32876	
4923	0	33485	
4924	0	34120	
4925	0	34505	
4926	0	34192	
4927	0	33468	
4928	0	33034	
4929	0	32644	
4930	0	32307	
4931	0	32255	
4932	0	32199	
4933	0	32031	
4934	0	32007	
4935	0	32192	
4936	0	32450	
4937	0	32505	
4938	0	32434	
4939	0	32326	
4940	0	32237	
4941	0	32295	
4942	0	32368	
4943	0	32503	
4944	0	32537	
4945	0	32514	
4946	0	32551	
4947	0	32566	
4948	0	32631	
4949	0	32761	
4950	0	32767	
4951	0	32807	
4952	0	32793	
4953	0	32756	
4954	0	32501	
4955	0	32370	
4956	0	32448	
4957	0	32546	
4958	0	32578	
4959	0	32765	
4960	0	32920	
4961	0	33120	
4962	0	33408	
4963	0	33618	
4964	0	33136	
4965	0	32720	
4966	0	32732	
4967	0	32903	
4968	0	32918	
4969	0	32943	
4970	0	32199	
4971	0	31527	
4972	0	30727	
4973	0	30727	
4974	0	31821	
4975	0	33127	
4976	0	34216	
4977	0	34939	
4978	0	35511	
4979	0	35783	
4980	0	36170	
4981	0	35823	
4982	0	35140	
4983	0	34301	
4984	0	33146	
4985	0	32503	
4986	0	32144	
4987	0	31938	
4988	0	31989	
4989	0	31727	
4990	0	31548	
4991	0	31570	
4992	0	31751	
4993	0	32030	
4994	0	32125	
4995	0	32100	
4996	0	32122	
4997	0	32372	
4998	0	32546	
4999	0	32532	
5000	0	32529	
5001	0	32488	
5002	0	32358	
5003	0	31972	
5004	0	31495	
5005	0	31652	
5006	0	31766	
5007	0	31703	
5008	0	32080	
5009	0	32436	
5010	0	32561	
5011	0	32902	
5012	0	33299	
5013	0	33607	
5014	0	33115	
5015	0	33031	
5016	0	33382	
5017	0	34138	
5018	0	34738	
5019	0	34946	
5020	0	35108	
5021	0	35072	
5022	0	35229	
5023	0	34948	
5024	0	33590	
5025	0	32639	
5026	0	32111	
5027	0	32071	
5028	0	32335	
5029	0	32595	
5030	0	32729	
5031	0	32827	
5032	0	33049	
5033	0	33105	
5034	0	32757	
5035	0	32342	
5036	0	32143	
5037	0	32068	
5038	0	32119	
5039	0	32156	
5040	0	32231	
5041	0	32220	
5042	0	32306	
5043	0	32233	
5044	0	32231	
5045	0	32263	
5046	0	32261	
5047	0	32381	
5048	0	32232	
5049	0	32210	
5050	0	32370	
5051	0	32476	
5052	0	32547	
5053	0	32748	
5054	0	32802	
5055	0	32874	
5056	0	32973	
5057	0	32933	
5058	0	32976	
5059	0	33170	
5060	0	33264	
5061	0	33216	
5062	0	33087	
5063	0	33031	
5064	0	33012	
5065	0	32882	
5066	0	32819	
5067	0	32824	
5068	0	32646	
5069	0	32465	
5070	0	32557	
5071	0	32654	
5072	0	32877	
5073	0	32976	
5074	0	33018	
5075	0	33063	
5076	0	33145	
5077	0	33217	
5078	0	33251	
5079	0	33164	
5080	0	32935	
5081	0	32642	
5082	0	32541	
5083	0	32479	
5084	0	32573	
5085	0	32551	
5086	0	32454	
5087	0	32450	
5088	0	32583	
5089	0	32597	
5090	0	32548	
5091	0	32809	
5092	0	32859	
5093	0	32788	
5094	0	32130	
5095	0	31832	
5096	0	32254	
5097	0	32814	
5098	0	33206	
5099	0	33675	
5100	0	34091	
5101	0	34222	
5102	0	34281	
5103	0	34303	
5104	0	34173	
5105	0	34055	
5106	0	33610	
5107	0	33304	
5108	0	33159	
5109	0	32952	
5110	0	32147	
5111	0	31428	
5112	0	31604	
5113	0	31846	
5114	0	32107	
5115	0	32468	
5116	0	32786	
5117	0	33021	
5118	0	33287	
5119	0	33409	
5120	0	33423	
5121	0	33325	
5122	0	33068	
5123	0	32763	
5124	0	32398	
5125	0	32240	
5126	0	32271	
5127	0	32305	
5128	0	32363	
5129	0	32508	
5130	0	32564	
5131	0	32589	
5132	0	32487	
5133	0	32512	
5134	0	32523	
5135	0	32621	
5136	0	32626	
5137	0	32668	
5138	0	32630	
5139	0	32758	
5140	0	32901	
5141	0	32870	
5142	0	32972	
5143	0	33106	
5144	0	32991	
5145	0	32870	
5146	0	32824	
5147	0	32835	
5148	0	32899	
5149	0	32887	
5150	0	32897	
5151	0	32906	
5152	0	32890	
5153	0	32839	
5154	0	32875	
5155	0	32828	
5156	0	32824	
5157	0	32843	
5158	0	32786	
5159	0	32773	
5160	0	32830	
5161	0	32893	
5162	0	32823	
5163	0	32842	
5164	0	32835	
5165	0	32826	
5166	0	32604	
5167	0	32560	
5168	0	32655	
5169	0	32775	
5170	0	32907	
5171	0	33031	
5172	0	33159	
5173	0	33176	
5174	0	33266	
5175	0	33037	
5176	0	32798	
5177	0	32618	
5178	0	32036	
5179	0	31125	
5180	0	30503	
5181	0	30642	
5182	0	31474	
5183	0	32624	
5184	0	33048	
5185	0	33457	
5186	0	34326	
5187	0	35159	
5188	0	35677	
5189	0	35837	
5190	0	35475	
5191	0	34335	
5192	0	33343	
5193	0	32602	
5194	0	32391	
5195	0	32219	
5196	0	31911	
5197	0	30567	
5198	0	29101	
5199	0	28521	
5200	0	29371	
5201	0	30820	
5202	0	33058	
5203	0	35186	
5204	0	35828	
5205	0	36393	
5206	0	36836	
5207	0	36104	
5208	0	35378	
5209	0	34882	
5210	0	33897	
5211	0	33166	
5212	0	32806	
5213	0	32775	
5214	0	32387	
5215	0	31904	
5216	0	31643	
5217	0	31468	
5218	0	31362	
5219	0	31322	
5220	0	31531	
5221	0	31888	
5222	0	32007	
5223	0	32098	
5224	0	32283	
5225	0	32445	
5226	0	32718	
5227	0	32839	
5228	0	32717	
5229	0	32724	
5230	0	32634	
5231	0	32602	
5232	0	32565	
5233	0	32615	
5234	0	32612	
5235	0	32607	
5236	0	32599	
5237	0	32552	
5238	0	32527	
5239	0	32483	
5240	0	32596	
5241	0	32766	
5242	0	32707	
5243	0	32822	
5244	0	32871	
5245	0	32877	
5246	0	32954	
5247	0	33040	
5248	0	33026	
5249	0	33015	
