# OpenSignals Text File Format
# {"00:07:80:FC:57:23": {"sensor": ["EMG"], "device name": "00:07:80:FC:57:23", "column": ["nSeq", "DI", "deltoid"], "sync interval": 2, "time": "12:56:42.360", "comments": "", "device connection": "BTH00:07:80:FC:57:23", "channels": [2], "keywords": "", "convertedValues": 0, "digital IO": [0, 1], "mode": 0, "date": "2018-7-9", "firmware version": 773, "device": "biosignalsplux", "position": 0, "sampling rate": 1000, "label": ["deltoid"], "resolution": [16], "forcePlatform values": [0.0, 0.0, 0.0, 0.0, 0.0, 0.0, 0.0, 0.0], "special": [{}]}}
# EndOfHeader
0	0	33793	
1	0	34156	
2	0	33754	
3	0	33199	
4	0	32060	
5	0	32439	
6	0	32718	
7	0	32988	
8	0	32922	
9	0	33433	
10	0	33473	
11	0	33109	
12	0	32973	
13	0	32674	
14	0	32790	
15	0	32970	
16	0	33014	
17	0	32946	
18	0	32301	
19	0	32808	
20	0	33084	
21	0	33159	
22	0	32847	
23	0	32646	
24	0	32199	
25	0	31543	
26	0	31742	
27	0	34085	
28	0	34976	
29	0	34284	
30	0	32279	
31	0	31845	
32	0	31314	
33	0	30471	
34	0	32184	
35	0	34887	
36	0	34986	
37	0	32199	
38	0	29383	
39	0	29954	
40	0	32194	
41	0	34164	
42	0	35170	
43	0	34033	
44	0	32501	
45	0	32996	
46	0	33444	
47	0	33127	
48	0	32775	
49	0	32385	
50	0	32874	
51	0	32871	
52	0	32988	
53	0	33052	
54	0	32996	
55	0	33047	
56	0	33053	
57	0	32245	
58	0	32187	
59	0	32461	
60	0	32263	
61	0	33444	
62	0	33528	
63	0	33946	
64	0	33813	
65	0	32039	
66	0	31610	
67	0	31486	
68	0	31992	
69	0	32628	
70	0	32697	
71	0	32289	
72	0	33005	
73	0	33488	
74	0	33671	
75	0	32835	
76	0	32361	
77	0	32377	
78	0	32338	
79	0	32742	
80	0	32775	
81	0	33509	
82	0	34695	
83	0	34181	
84	0	34388	
85	0	32663	
86	0	31012	
87	0	31170	
88	0	31724	
89	0	31342	
90	0	30610	
91	0	31974	
92	0	33737	
93	0	34013	
94	0	33348	
95	0	32738	
96	0	32880	
97	0	31885	
98	0	32836	
99	0	34802	
100	0	35325	
101	0	34073	
102	0	31471	
103	0	31489	
104	0	32098	
105	0	32753	
106	0	33088	
107	0	33631	
108	0	32869	
109	0	31709	
110	0	31324	
111	0	31447	
112	0	31830	
113	0	32823	
114	0	34011	
115	0	35571	
116	0	35955	
117	0	35788	
118	0	34031	
119	0	32753	
120	0	31253	
121	0	30526	
122	0	30437	
123	0	29586	
124	0	31190	
125	0	32575	
126	0	34071	
127	0	34352	
128	0	35486	
129	0	33414	
130	0	32156	
131	0	30453	
132	0	28868	
133	0	29455	
134	0	33205	
135	0	34853	
136	0	35384	
137	0	33927	
138	0	33135	
139	0	32933	
140	0	32982	
141	0	33028	
142	0	33887	
143	0	34073	
144	0	33718	
145	0	32284	
146	0	31522	
147	0	32864	
148	0	34031	
149	0	35330	
150	0	35033	
151	0	32167	
152	0	30095	
153	0	28964	
154	0	28889	
155	0	32219	
156	0	33671	
157	0	33720	
158	0	33731	
159	0	32844	
160	0	32591	
161	0	32813	
162	0	33556	
163	0	33921	
164	0	33694	
165	0	33640	
166	0	33512	
167	0	32844	
168	0	32662	
169	0	32513	
170	0	31138	
171	0	31107	
172	0	32609	
173	0	32640	
174	0	33214	
175	0	34183	
176	0	32892	
177	0	31364	
178	0	31911	
179	0	32522	
180	0	33874	
181	0	34695	
182	0	34182	
183	0	31742	
184	0	31148	
185	0	31695	
186	0	32280	
187	0	32182	
188	0	33046	
189	0	32311	
190	0	30055	
191	0	31183	
192	0	33462	
193	0	34399	
194	0	35429	
195	0	35101	
196	0	33445	
197	0	34501	
198	0	34578	
199	0	34349	
200	0	33799	
201	0	32924	
202	0	32190	
203	0	31314	
204	0	30356	
205	0	29793	
206	0	30757	
207	0	32396	
208	0	33639	
209	0	33988	
210	0	32839	
211	0	31765	
212	0	32109	
213	0	32598	
214	0	33671	
215	0	34683	
216	0	34529	
217	0	33530	
218	0	32356	
219	0	31691	
220	0	31401	
221	0	31876	
222	0	32381	
223	0	32667	
224	0	33152	
225	0	32664	
226	0	32113	
227	0	32711	
228	0	33839	
229	0	34290	
230	0	34037	
231	0	33195	
232	0	31826	
233	0	31307	
234	0	32148	
235	0	33500	
236	0	34720	
237	0	34679	
238	0	34768	
239	0	33102	
240	0	31838	
241	0	29937	
242	0	29155	
243	0	32760	
244	0	34183	
245	0	34375	
246	0	33726	
247	0	31319	
248	0	29628	
249	0	30429	
250	0	31943	
251	0	33386	
252	0	33472	
253	0	34093	
254	0	33914	
255	0	33866	
256	0	33780	
257	0	34284	
258	0	34412	
259	0	32996	
260	0	31494	
261	0	30885	
262	0	30655	
263	0	33612	
264	0	35260	
265	0	35561	
266	0	34477	
267	0	30451	
268	0	28888	
269	0	30058	
270	0	31747	
271	0	33085	
272	0	33531	
273	0	33821	
274	0	34306	
275	0	34024	
276	0	32812	
277	0	31806	
278	0	32069	
279	0	32739	
280	0	33086	
281	0	33507	
282	0	33395	
283	0	33630	
284	0	32768	
285	0	31542	
286	0	31676	
287	0	32635	
288	0	33155	
289	0	33358	
290	0	33782	
291	0	34675	
292	0	33899	
293	0	32835	
294	0	31742	
295	0	31686	
296	0	32556	
297	0	30411	
298	0	28856	
299	0	30923	
300	0	32756	
301	0	33842	
302	0	34525	
303	0	34500	
304	0	33735	
305	0	33126	
306	0	32891	
307	0	33021	
308	0	33624	
309	0	32704	
310	0	32599	
311	0	32587	
312	0	31712	
313	0	32275	
314	0	33174	
315	0	33604	
316	0	33967	
317	0	33888	
318	0	34640	
319	0	33084	
320	0	30309	
321	0	29465	
322	0	29702	
323	0	32195	
324	0	34692	
325	0	36081	
326	0	35816	
327	0	34853	
328	0	32560	
329	0	31255	
330	0	31811	
331	0	32397	
332	0	32461	
333	0	32361	
334	0	31872	
335	0	31855	
336	0	32231	
337	0	32592	
338	0	33059	
339	0	33297	
340	0	33699	
341	0	33856	
342	0	33961	
343	0	33529	
344	0	32604	
345	0	32178	
346	0	32095	
347	0	32452	
348	0	32502	
349	0	31792	
350	0	30949	
351	0	30991	
352	0	34638	
353	0	35670	
354	0	35532	
355	0	34924	
356	0	31079	
357	0	28585	
358	0	29757	
359	0	30610	
360	0	31942	
361	0	32741	
362	0	33892	
363	0	33981	
364	0	34271	
365	0	32862	
366	0	32178	
367	0	33431	
368	0	34575	
369	0	34438	
370	0	33311	
371	0	32660	
372	0	33655	
373	0	33020	
374	0	32190	
375	0	31235	
376	0	30545	
377	0	31200	
378	0	31943	
379	0	32178	
380	0	33223	
381	0	34598	
382	0	35780	
383	0	35216	
384	0	34033	
385	0	32570	
386	0	32491	
387	0	33471	
388	0	33735	
389	0	32074	
390	0	31143	
391	0	30418	
392	0	30128	
393	0	31167	
394	0	33163	
395	0	34302	
396	0	34498	
397	0	33721	
398	0	33298	
399	0	33319	
400	0	33501	
401	0	32597	
402	0	30556	
403	0	30111	
404	0	32218	
405	0	32882	
406	0	32518	
407	0	32612	
408	0	32562	
409	0	32951	
410	0	33796	
411	0	34620	
412	0	34299	
413	0	31712	
414	0	30967	
415	0	32567	
416	0	34695	
417	0	34583	
418	0	32831	
419	0	32753	
420	0	33104	
421	0	33616	
422	0	33663	
423	0	33022	
424	0	32625	
425	0	31721	
426	0	31151	
427	0	32570	
428	0	31760	
429	0	30863	
430	0	31390	
431	0	32468	
432	0	32911	
433	0	33071	
434	0	33109	
435	0	33007	
436	0	33642	
437	0	34250	
438	0	33847	
439	0	33440	
440	0	33393	
441	0	33158	
442	0	32978	
443	0	32434	
444	0	31730	
445	0	31849	
446	0	32099	
447	0	32757	
448	0	32909	
449	0	32053	
450	0	32816	
451	0	33549	
452	0	33076	
453	0	32935	
454	0	31510	
455	0	30504	
456	0	33087	
457	0	34389	
458	0	34893	
459	0	34999	
460	0	33913	
461	0	32959	
462	0	31007	
463	0	30901	
464	0	31605	
465	0	33471	
466	0	34204	
467	0	33961	
468	0	34665	
469	0	34202	
470	0	33046	
471	0	31409	
472	0	29917	
473	0	29894	
474	0	30991	
475	0	31349	
476	0	31863	
477	0	32983	
478	0	33287	
479	0	33845	
480	0	35183	
481	0	35146	
482	0	34150	
483	0	33167	
484	0	32052	
485	0	32222	
486	0	33856	
487	0	34174	
488	0	32748	
489	0	29638	
490	0	27907	
491	0	29753	
492	0	33009	
493	0	35641	
494	0	35369	
495	0	34135	
496	0	34509	
497	0	32903	
498	0	31518	
499	0	32431	
500	0	32112	
501	0	29852	
502	0	29668	
503	0	31533	
504	0	33287	
505	0	35434	
506	0	36522	
507	0	35007	
508	0	34337	
509	0	33799	
510	0	33552	
511	0	33134	
512	0	32722	
513	0	32534	
514	0	32695	
515	0	33746	
516	0	34200	
517	0	32687	
518	0	31066	
519	0	29191	
520	0	29332	
521	0	30351	
522	0	32245	
523	0	33066	
524	0	32735	
525	0	33572	
526	0	34823	
527	0	35062	
528	0	34154	
529	0	32791	
530	0	32050	
531	0	32223	
532	0	32155	
533	0	32257	
534	0	32950	
535	0	34572	
536	0	35394	
537	0	35327	
538	0	32243	
539	0	29016	
540	0	29850	
541	0	33148	
542	0	33125	
543	0	32598	
544	0	31734	
545	0	31911	
546	0	32954	
547	0	33509	
548	0	33638	
549	0	33431	
550	0	32524	
551	0	32150	
552	0	31834	
553	0	31432	
554	0	33130	
555	0	34585	
556	0	33778	
557	0	32865	
558	0	31997	
559	0	31157	
560	0	31618	
561	0	32485	
562	0	33108	
563	0	33001	
564	0	33059	
565	0	33007	
566	0	32750	
567	0	33207	
568	0	34592	
569	0	34772	
570	0	34871	
571	0	33967	
572	0	31903	
573	0	30642	
574	0	30535	
575	0	31236	
576	0	34132	
577	0	35136	
578	0	34055	
579	0	33714	
580	0	32815	
581	0	31463	
582	0	30785	
583	0	30288	
584	0	31782	
585	0	33014	
586	0	34064	
587	0	34806	
588	0	32313	
589	0	31810	
590	0	33519	
591	0	33405	
592	0	34875	
593	0	35687	
594	0	35182	
595	0	34086	
596	0	32244	
597	0	29372	
598	0	28546	
599	0	31239	
600	0	33335	
601	0	34558	
602	0	32781	
603	0	30599	
604	0	29676	
605	0	29269	
606	0	31202	
607	0	33687	
608	0	34772	
609	0	35202	
610	0	34893	
611	0	34258	
612	0	33788	
613	0	32910	
614	0	32653	
615	0	32327	
616	0	31780	
617	0	32673	
618	0	32872	
619	0	32770	
620	0	31990	
621	0	31678	
622	0	33573	
623	0	34141	
624	0	33539	
625	0	32733	
626	0	32071	
627	0	32304	
628	0	33485	
629	0	33652	
630	0	32320	
631	0	30956	
632	0	30278	
633	0	32835	
634	0	35588	
635	0	36481	
636	0	34328	
637	0	32291	
638	0	31517	
639	0	32415	
640	0	32748	
641	0	33665	
642	0	33847	
643	0	31600	
644	0	30960	
645	0	32181	
646	0	32144	
647	0	31993	
648	0	31999	
649	0	31170	
650	0	32370	
651	0	31819	
652	0	33430	
653	0	35263	
654	0	33942	
655	0	32839	
656	0	32948	
657	0	33039	
658	0	33420	
659	0	33980	
660	0	34159	
661	0	33735	
662	0	32253	
663	0	30157	
664	0	30863	
665	0	32087	
666	0	32762	
667	0	32754	
668	0	33238	
669	0	33869	
670	0	34800	
671	0	34445	
672	0	33048	
673	0	31024	
674	0	30156	
675	0	31342	
676	0	33137	
677	0	33830	
678	0	32686	
679	0	32586	
680	0	33243	
681	0	33958	
682	0	34822	
683	0	35463	
684	0	34608	
685	0	32560	
686	0	30797	
687	0	30964	
688	0	32687	
689	0	31668	
690	0	30572	
691	0	30066	
692	0	28956	
693	0	32950	
694	0	34520	
695	0	32713	
696	0	33400	
697	0	33693	
698	0	33528	
699	0	34450	
700	0	35266	
701	0	34880	
702	0	32614	
703	0	31091	
704	0	31051	
705	0	30773	
706	0	31804	
707	0	33274	
708	0	34790	
709	0	35095	
710	0	33092	
711	0	32296	
712	0	32398	
713	0	31654	
714	0	32279	
715	0	32930	
716	0	32892	
717	0	31994	
718	0	31260	
719	0	31529	
720	0	32574	
721	0	34543	
722	0	35426	
723	0	34582	
724	0	33246	
725	0	32663	
726	0	32051	
727	0	31869	
728	0	32943	
729	0	33720	
730	0	33444	
731	0	33647	
732	0	34144	
733	0	33229	
734	0	32241	
735	0	31341	
736	0	30180	
737	0	30322	
738	0	31424	
739	0	32429	
740	0	33221	
741	0	33860	
742	0	34096	
743	0	34893	
744	0	34480	
745	0	33897	
746	0	32967	
747	0	30321	
748	0	30493	
749	0	32528	
750	0	34050	
751	0	35153	
752	0	33713	
753	0	29721	
754	0	29773	
755	0	31146	
756	0	33075	
757	0	33741	
758	0	31359	
759	0	32294	
760	0	33410	
761	0	33449	
762	0	33424	
763	0	33589	
764	0	33923	
765	0	34100	
766	0	32570	
767	0	32872	
768	0	33687	
769	0	33000	
770	0	32733	
771	0	33806	
772	0	34693	
773	0	34487	
774	0	34001	
775	0	32278	
776	0	29068	
777	0	28715	
778	0	29942	
779	0	31517	
780	0	33159	
781	0	34384	
782	0	34961	
783	0	33799	
784	0	33949	
785	0	33607	
786	0	33249	
787	0	32984	
788	0	31678	
789	0	31295	
790	0	30233	
791	0	30017	
792	0	32083	
793	0	34116	
794	0	34554	
795	0	34785	
796	0	34088	
797	0	32159	
798	0	32492	
799	0	34608	
800	0	34678	
801	0	32732	
802	0	33038	
803	0	32886	
804	0	32178	
805	0	32541	
806	0	32251	
807	0	32420	
808	0	33250	
809	0	32365	
810	0	31724	
811	0	31193	
812	0	30694	
813	0	31642	
814	0	33092	
815	0	34104	
816	0	34356	
817	0	32372	
818	0	31749	
819	0	30878	
820	0	32428	
821	0	34794	
822	0	35015	
823	0	36591	
824	0	36807	
825	0	33393	
826	0	30607	
827	0	30496	
828	0	30943	
829	0	31732	
830	0	31670	
831	0	32029	
832	0	31835	
833	0	33198	
834	0	34202	
835	0	33866	
836	0	32832	
837	0	32044	
838	0	31677	
839	0	32704	
840	0	34208	
841	0	34814	
842	0	34925	
843	0	33407	
844	0	30658	
845	0	30164	
846	0	30028	
847	0	30263	
848	0	31557	
849	0	33463	
850	0	35004	
851	0	35728	
852	0	36388	
853	0	34256	
854	0	31142	
855	0	29124	
856	0	29511	
857	0	31858	
858	0	33720	
859	0	34330	
860	0	33575	
861	0	33101	
862	0	33274	
863	0	32626	
864	0	31581	
865	0	32111	
866	0	33137	
867	0	33792	
868	0	34158	
869	0	33316	
870	0	33063	
871	0	33650	
872	0	33503	
873	0	34045	
874	0	33781	
875	0	34311	
876	0	33204	
877	0	32380	
878	0	30029	
879	0	29090	
880	0	31906	
881	0	33469	
882	0	33557	
883	0	32985	
884	0	31767	
885	0	31239	
886	0	32643	
887	0	33778	
888	0	33669	
889	0	32740	
890	0	32102	
891	0	32938	
892	0	33383	
893	0	33159	
894	0	32569	
895	0	32091	
896	0	32540	
897	0	33321	
898	0	33227	
899	0	32429	
900	0	32594	
901	0	32668	
902	0	33574	
903	0	34183	
904	0	33984	
905	0	33450	
906	0	32878	
907	0	32063	
908	0	32932	
909	0	32173	
910	0	30789	
911	0	29363	
912	0	28363	
913	0	30455	
914	0	34013	
915	0	35334	
916	0	36382	
917	0	35858	
918	0	33692	
919	0	32902	
920	0	33076	
921	0	33725	
922	0	33121	
923	0	32156	
924	0	32195	
925	0	32455	
926	0	33052	
927	0	32140	
928	0	30700	
929	0	32116	
930	0	33893	
931	0	35084	
932	0	34234	
933	0	32551	
934	0	31788	
935	0	31470	
936	0	32276	
937	0	32557	
938	0	32541	
939	0	33046	
940	0	32468	
941	0	31424	
942	0	31751	
943	0	32775	
944	0	34008	
945	0	34708	
946	0	33792	
947	0	33062	
948	0	33440	
949	0	33879	
950	0	32438	
951	0	30402	
952	0	29874	
953	0	31082	
954	0	33322	
955	0	34503	
956	0	34011	
957	0	33359	
958	0	31913	
959	0	31902	
960	0	33072	
961	0	33927	
962	0	33919	
963	0	33218	
964	0	33625	
965	0	33004	
966	0	32360	
967	0	31033	
968	0	28827	
969	0	30674	
970	0	33255	
971	0	34165	
972	0	34230	
973	0	34585	
974	0	35372	
975	0	34420	
976	0	33575	
977	0	32790	
978	0	31985	
979	0	33052	
980	0	33227	
981	0	33126	
982	0	33351	
983	0	34511	
984	0	34046	
985	0	32230	
986	0	28427	
987	0	27806	
988	0	27606	
989	0	29017	
990	0	33314	
991	0	35128	
992	0	34567	
993	0	34687	
994	0	34601	
995	0	34460	
996	0	34000	
997	0	33617	
998	0	32241	
999	0	31448	
1000	0	32301	
1001	0	33382	
1002	0	34040	
1003	0	33895	
1004	0	32808	
1005	0	32909	
1006	0	34361	
1007	0	34101	
1008	0	32742	
1009	0	31358	
1010	0	30867	
1011	0	31897	
1012	0	32879	
1013	0	32327	
1014	0	32183	
1015	0	32501	
1016	0	32612	
1017	0	32327	
1018	0	32386	
1019	0	33668	
1020	0	34792	
1021	0	34646	
1022	0	32927	
1023	0	30886	
1024	0	31050	
1025	0	31964	
1026	0	32672	
1027	0	32681	
1028	0	32886	
1029	0	33623	
1030	0	33415	
1031	0	33231	
1032	0	32669	
1033	0	33312	
1034	0	32999	
1035	0	31151	
1036	0	32442	
1037	0	32067	
1038	0	31938	
1039	0	34118	
1040	0	34156	
1041	0	32628	
1042	0	32702	
1043	0	32340	
1044	0	33671	
1045	0	35060	
1046	0	35724	
1047	0	35106	
1048	0	32165	
1049	0	28736	
1050	0	27034	
1051	0	29124	
1052	0	31928	
1053	0	33716	
1054	0	34194	
1055	0	34823	
1056	0	36165	
1057	0	34520	
1058	0	32501	
1059	0	31769	
1060	0	31212	
1061	0	32480	
1062	0	33764	
1063	0	34823	
1064	0	34796	
1065	0	32216	
1066	0	31938	
1067	0	30861	
1068	0	31409	
1069	0	32741	
1070	0	33654	
1071	0	33851	
1072	0	32900	
1073	0	32029	
1074	0	31933	
1075	0	33592	
1076	0	34190	
1077	0	33881	
1078	0	32187	
1079	0	30954	
1080	0	31594	
1081	0	33052	
1082	0	31869	
1083	0	30358	
1084	0	30144	
1085	0	31732	
1086	0	32775	
1087	0	34618	
1088	0	35623	
1089	0	35000	
1090	0	34055	
1091	0	33467	
1092	0	33065	
1093	0	33043	
1094	0	33654	
1095	0	33670	
1096	0	33147	
1097	0	31675	
1098	0	30977	
1099	0	30802	
1100	0	31981	
1101	0	32882	
1102	0	33499	
1103	0	34916	
1104	0	34375	
1105	0	33391	
1106	0	32308	
1107	0	31140	
1108	0	30848	
1109	0	31669	
1110	0	32685	
1111	0	33271	
1112	0	33340	
1113	0	33653	
1114	0	32964	
1115	0	32199	
1116	0	32855	
1117	0	33743	
1118	0	33500	
1119	0	32793	
1120	0	32023	
1121	0	31588	
1122	0	32449	
1123	0	33632	
1124	0	33516	
1125	0	33503	
1126	0	32854	
1127	0	31012	
1128	0	31261	
1129	0	31524	
1130	0	32754	
1131	0	33782	
1132	0	34687	
1133	0	33840	
1134	0	33348	
1135	0	32615	
1136	0	31992	
1137	0	31440	
1138	0	32978	
1139	0	33286	
1140	0	33095	
1141	0	33842	
1142	0	34627	
1143	0	33879	
1144	0	32114	
1145	0	30777	
1146	0	30417	
1147	0	31157	
1148	0	32311	
1149	0	32284	
1150	0	32512	
1151	0	32391	
1152	0	33173	
1153	0	34729	
1154	0	34255	
1155	0	33720	
1156	0	34304	
1157	0	34234	
1158	0	34067	
1159	0	33631	
1160	0	31671	
1161	0	30880	
1162	0	30092	
1163	0	30149	
1164	0	31109	
1165	0	33744	
1166	0	34702	
1167	0	33991	
1168	0	34015	
1169	0	34457	
1170	0	33357	
1171	0	31973	
1172	0	31280	
1173	0	31239	
1174	0	31834	
1175	0	31732	
1176	0	30250	
1177	0	30757	
1178	0	32722	
1179	0	35308	
1180	0	37090	
1181	0	36376	
1182	0	33868	
1183	0	31587	
1184	0	31427	
1185	0	31026	
1186	0	31058	
1187	0	33403	
1188	0	34142	
1189	0	33461	
1190	0	33022	
1191	0	32515	
1192	0	32167	
1193	0	32803	
1194	0	33374	
1195	0	33043	
1196	0	32911	
1197	0	32995	
1198	0	33341	
1199	0	33455	
1200	0	32524	
1201	0	31647	
1202	0	31943	
1203	0	32583	
1204	0	33383	
1205	0	33062	
1206	0	32734	
1207	0	31876	
1208	0	31064	
1209	0	32364	
1210	0	33010	
1211	0	33720	
1212	0	34072	
1213	0	33703	
1214	0	33535	
1215	0	33263	
1216	0	32349	
1217	0	31181	
1218	0	31904	
1219	0	33201	
1220	0	34249	
1221	0	35078	
1222	0	34535	
1223	0	31622	
1224	0	29303	
1225	0	30349	
1226	0	30415	
1227	0	30641	
1228	0	32624	
1229	0	33218	
1230	0	33287	
1231	0	33156	
1232	0	35303	
1233	0	36589	
1234	0	35474	
1235	0	33650	
1236	0	33068	
1237	0	33648	
1238	0	34070	
1239	0	33618	
1240	0	31988	
1241	0	30535	
1242	0	28381	
1243	0	31632	
1244	0	34322	
1245	0	34418	
1246	0	33347	
1247	0	32284	
1248	0	30094	
1249	0	30212	
1250	0	30812	
1251	0	32296	
1252	0	34278	
1253	0	35578	
1254	0	33525	
1255	0	32677	
1256	0	32291	
1257	0	30684	
1258	0	31590	
1259	0	33629	
1260	0	33767	
1261	0	32177	
1262	0	30606	
1263	0	31844	
1264	0	33255	
1265	0	31701	
1266	0	33231	
1267	0	35840	
1268	0	35188	
1269	0	36237	
1270	0	35627	
1271	0	32628	
1272	0	31983	
1273	0	32304	
1274	0	31623	
1275	0	32652	
1276	0	35696	
1277	0	34158	
1278	0	31772	
1279	0	30347	
1280	0	27742	
1281	0	26656	
1282	0	30168	
1283	0	32327	
1284	0	34887	
1285	0	36984	
1286	0	37644	
1287	0	36869	
1288	0	34727	
1289	0	32907	
1290	0	31420	
1291	0	30727	
1292	0	30143	
1293	0	31598	
1294	0	32976	
1295	0	33406	
1296	0	32050	
1297	0	31141	
1298	0	32447	
1299	0	34473	
1300	0	34552	
1301	0	32231	
1302	0	31014	
1303	0	31786	
1304	0	32472	
1305	0	33346	
1306	0	33469	
1307	0	33138	
1308	0	33575	
1309	0	34018	
1310	0	33000	
1311	0	31141	
1312	0	31519	
1313	0	32557	
1314	0	33214	
1315	0	33927	
1316	0	34381	
1317	0	34456	
1318	0	34991	
1319	0	34242	
1320	0	32174	
1321	0	31940	
1322	0	31016	
1323	0	29456	
1324	0	30402	
1325	0	32640	
1326	0	33956	
1327	0	34084	
1328	0	33522	
1329	0	32738	
1330	0	32317	
1331	0	32516	
1332	0	32839	
1333	0	33135	
1334	0	32799	
1335	0	32130	
1336	0	31127	
1337	0	31769	
1338	0	33541	
1339	0	33799	
1340	0	34797	
1341	0	35275	
1342	0	33414	
1343	0	32507	
1344	0	31751	
1345	0	31870	
1346	0	32185	
1347	0	32851	
1348	0	33836	
1349	0	31260	
1350	0	29607	
1351	0	31431	
1352	0	31799	
1353	0	33351	
1354	0	32597	
1355	0	32677	
1356	0	34153	
1357	0	35032	
1358	0	34170	
1359	0	33981	
1360	0	32368	
1361	0	33345	
1362	0	32558	
1363	0	32824	
1364	0	32077	
1365	0	32069	
1366	0	32676	
1367	0	33562	
1368	0	33898	
1369	0	33342	
1370	0	32103	
1371	0	31431	
1372	0	30812	
1373	0	31815	
1374	0	32676	
1375	0	33836	
1376	0	34164	
1377	0	33393	
1378	0	33104	
1379	0	33255	
1380	0	34144	
1381	0	34628	
1382	0	34569	
1383	0	32422	
1384	0	29852	
1385	0	30631	
1386	0	31279	
1387	0	31426	
1388	0	32444	
1389	0	33196	
1390	0	36820	
1391	0	35932	
1392	0	32472	
1393	0	30870	
1394	0	29940	
1395	0	29702	
1396	0	30505	
1397	0	32087	
1398	0	34486	
1399	0	34836	
1400	0	33684	
1401	0	33246	
1402	0	32654	
1403	0	32655	
1404	0	32998	
1405	0	33093	
1406	0	34258	
1407	0	34592	
1408	0	33726	
1409	0	32924	
1410	0	31310	
1411	0	30124	
1412	0	30133	
1413	0	29715	
1414	0	30965	
1415	0	34537	
1416	0	35542	
1417	0	35518	
1418	0	33913	
1419	0	34086	
1420	0	34311	
1421	0	33560	
1422	0	32825	
1423	0	32553	
1424	0	32413	
1425	0	32361	
1426	0	32787	
1427	0	32790	
1428	0	32406	
1429	0	32377	
1430	0	32220	
1431	0	32519	
1432	0	32824	
1433	0	32460	
1434	0	31770	
1435	0	32157	
1436	0	32690	
1437	0	32580	
1438	0	32473	
1439	0	32663	
1440	0	33209	
1441	0	33497	
1442	0	34556	
1443	0	35399	
1444	0	35098	
1445	0	33087	
1446	0	30659	
1447	0	29555	
1448	0	29639	
1449	0	31751	
1450	0	33218	
1451	0	33178	
1452	0	34100	
1453	0	34868	
1454	0	33815	
1455	0	32231	
1456	0	31812	
1457	0	31495	
1458	0	30647	
1459	0	30172	
1460	0	31364	
1461	0	33273	
1462	0	34493	
1463	0	36148	
1464	0	35424	
1465	0	32268	
1466	0	30682	
1467	0	31803	
1468	0	31965	
1469	0	31053	
1470	0	31142	
1471	0	31793	
1472	0	34716	
1473	0	36834	
1474	0	35251	
1475	0	35191	
1476	0	34660	
1477	0	34205	
1478	0	34476	
1479	0	33284	
1480	0	31120	
1481	0	31212	
1482	0	31223	
1483	0	32262	
1484	0	33287	
1485	0	31528	
1486	0	31834	
1487	0	32775	
1488	0	31525	
1489	0	29543	
1490	0	28287	
1491	0	30963	
1492	0	34585	
1493	0	34055	
1494	0	34283	
1495	0	34150	
1496	0	33749	
1497	0	33926	
1498	0	34717	
1499	0	35072	
1500	0	34781	
1501	0	32839	
1502	0	31372	
1503	0	31271	
1504	0	32874	
1505	0	33274	
1506	0	32320	
1507	0	31332	
1508	0	32531	
1509	0	33741	
1510	0	31333	
1511	0	29996	
1512	0	30366	
1513	0	32284	
1514	0	33647	
1515	0	34082	
1516	0	34358	
1517	0	34231	
1518	0	32932	
1519	0	31174	
1520	0	30719	
1521	0	32606	
1522	0	34217	
1523	0	36909	
1524	0	34149	
1525	0	34004	
1526	0	34878	
1527	0	32485	
1528	0	31910	
1529	0	32516	
1530	0	31662	
1531	0	30873	
1532	0	30329	
1533	0	32613	
1534	0	34505	
1535	0	34246	
1536	0	34008	
1537	0	32217	
1538	0	28983	
1539	0	29863	
1540	0	33543	
1541	0	34324	
1542	0	34032	
1543	0	33799	
1544	0	32590	
1545	0	33687	
1546	0	35766	
1547	0	35305	
1548	0	31495	
1549	0	29128	
1550	0	28772	
1551	0	29110	
1552	0	32091	
1553	0	33452	
1554	0	33287	
1555	0	33224	
1556	0	33408	
1557	0	35170	
1558	0	36304	
1559	0	34567	
1560	0	30794	
1561	0	27992	
1562	0	30597	
1563	0	33620	
1564	0	35166	
1565	0	36871	
1566	0	35164	
1567	0	34631	
1568	0	32726	
1569	0	29511	
1570	0	30927	
1571	0	32061	
1572	0	33428	
1573	0	33590	
1574	0	31692	
1575	0	30440	
1576	0	31933	
1577	0	34558	
1578	0	36256	
1579	0	36400	
1580	0	34134	
1581	0	32222	
1582	0	29815	
1583	0	28700	
1584	0	30932	
1585	0	31359	
1586	0	32572	
1587	0	34156	
1588	0	34254	
1589	0	33113	
1590	0	32305	
1591	0	32956	
1592	0	34054	
1593	0	33959	
1594	0	32909	
1595	0	31701	
1596	0	32172	
1597	0	34412	
1598	0	35348	
1599	0	33860	
1600	0	32146	
1601	0	28820	
1602	0	29554	
1603	0	32617	
1604	0	32726	
1605	0	32630	
1606	0	33296	
1607	0	33414	
1608	0	32079	
1609	0	31303	
1610	0	33154	
1611	0	34654	
1612	0	34778	
1613	0	33361	
1614	0	31958	
1615	0	32395	
1616	0	32596	
1617	0	32685	
1618	0	32831	
1619	0	33343	
1620	0	33523	
1621	0	33663	
1622	0	32903	
1623	0	34037	
1624	0	35551	
1625	0	34992	
1626	0	33244	
1627	0	31551	
1628	0	30623	
1629	0	30688	
1630	0	31232	
1631	0	32361	
1632	0	32617	
1633	0	32633	
1634	0	31440	
1635	0	29951	
1636	0	31975	
1637	0	33259	
1638	0	32887	
1639	0	33252	
1640	0	34448	
1641	0	36384	
1642	0	35603	
1643	0	34243	
1644	0	32790	
1645	0	31015	
1646	0	30477	
1647	0	32194	
1648	0	32739	
1649	0	32159	
1650	0	31786	
1651	0	31285	
1652	0	33117	
1653	0	31551	
1654	0	29914	
1655	0	31170	
1656	0	31791	
1657	0	34325	
1658	0	35202	
1659	0	34996	
1660	0	34503	
1661	0	33724	
1662	0	32559	
1663	0	32549	
1664	0	32799	
1665	0	33705	
1666	0	35036	
1667	0	33536	
1668	0	31506	
1669	0	31534	
1670	0	33148	
1671	0	35275	
1672	0	34271	
1673	0	32615	
1674	0	32158	
1675	0	31598	
1676	0	30766	
1677	0	31266	
1678	0	31995	
1679	0	32221	
1680	0	32727	
1681	0	33031	
1682	0	33184	
1683	0	32838	
1684	0	32598	
1685	0	32410	
1686	0	32488	
1687	0	34002	
1688	0	35055	
1689	0	35527	
1690	0	33951	
1691	0	31207	
1692	0	29371	
1693	0	28764	
1694	0	30214	
1695	0	31879	
1696	0	33484	
1697	0	33897	
1698	0	34750	
1699	0	35487	
1700	0	34976	
1701	0	33858	
1702	0	35290	
1703	0	35644	
1704	0	32176	
1705	0	29595	
1706	0	30090	
1707	0	30870	
1708	0	31738	
1709	0	32557	
1710	0	34090	
1711	0	33705	
1712	0	31434	
1713	0	30438	
1714	0	29377	
1715	0	31348	
1716	0	33978	
1717	0	35692	
1718	0	36827	
1719	0	35562	
1720	0	33519	
1721	0	33574	
1722	0	32943	
1723	0	33848	
1724	0	33715	
1725	0	29348	
1726	0	28356	
1727	0	30215	
1728	0	31958	
1729	0	33530	
1730	0	33961	
1731	0	33815	
1732	0	34408	
1733	0	34223	
1734	0	32387	
1735	0	32487	
1736	0	32951	
1737	0	32870	
1738	0	32763	
1739	0	33118	
1740	0	33068	
1741	0	32710	
1742	0	31335	
1743	0	30244	
1744	0	30622	
1745	0	33581	
1746	0	34305	
1747	0	32756	
1748	0	32722	
1749	0	32812	
1750	0	33488	
1751	0	33524	
1752	0	33862	
1753	0	33863	
1754	0	33887	
1755	0	33360	
1756	0	33559	
1757	0	33503	
1758	0	32551	
1759	0	31786	
1760	0	31164	
1761	0	30791	
1762	0	32460	
1763	0	33606	
1764	0	34853	
1765	0	35067	
1766	0	34938	
1767	0	33532	
1768	0	30663	
1769	0	29326	
1770	0	31634	
1771	0	32636	
1772	0	31789	
1773	0	31149	
1774	0	30791	
1775	0	30400	
1776	0	31807	
1777	0	34650	
1778	0	35847	
1779	0	34641	
1780	0	31154	
1781	0	29927	
1782	0	31780	
1783	0	34206	
1784	0	35099	
1785	0	34422	
1786	0	34631	
1787	0	33592	
1788	0	33115	
1789	0	32984	
1790	0	32765	
1791	0	32398	
1792	0	32939	
1793	0	33543	
1794	0	33704	
1795	0	33031	
1796	0	30418	
1797	0	30722	
1798	0	33129	
1799	0	33424	
1800	0	32711	
1801	0	32436	
1802	0	33390	
1803	0	33396	
1804	0	33351	
1805	0	33778	
1806	0	33631	
1807	0	34050	
1808	0	33485	
1809	0	32424	
1810	0	32297	
1811	0	30311	
1812	0	30001	
1813	0	31273	
1814	0	31803	
1815	0	33778	
1816	0	33186	
1817	0	33021	
1818	0	33470	
1819	0	32617	
1820	0	32302	
1821	0	31135	
1822	0	31720	
1823	0	33122	
1824	0	33692	
1825	0	34374	
1826	0	33655	
1827	0	32914	
1828	0	32743	
1829	0	33470	
1830	0	33679	
1831	0	33622	
1832	0	32413	
1833	0	32384	
1834	0	32045	
1835	0	31924	
1836	0	32084	
1837	0	33095	
1838	0	32560	
1839	0	33631	
1840	0	34790	
1841	0	35055	
1842	0	33133	
1843	0	29605	
1844	0	28551	
1845	0	32077	
1846	0	36359	
1847	0	36340	
1848	0	33964	
1849	0	32378	
1850	0	30938	
1851	0	31812	
1852	0	34480	
1853	0	33412	
1854	0	32103	
1855	0	30991	
1856	0	29949	
1857	0	30826	
1858	0	32850	
1859	0	33492	
1860	0	33320	
1861	0	33415	
1862	0	34279	
1863	0	37141	
1864	0	36410	
1865	0	33916	
1866	0	31766	
1867	0	29004	
1868	0	27920	
1869	0	28530	
1870	0	29938	
1871	0	32690	
1872	0	35404	
1873	0	34976	
1874	0	33506	
1875	0	31727	
1876	0	31052	
1877	0	32902	
1878	0	35343	
1879	0	35238	
1880	0	34444	
1881	0	33974	
1882	0	33086	
1883	0	32247	
1884	0	31138	
1885	0	30126	
1886	0	32082	
1887	0	33823	
1888	0	33402	
1889	0	33464	
1890	0	33726	
1891	0	33631	
1892	0	33671	
1893	0	33912	
1894	0	33704	
1895	0	32135	
1896	0	32432	
1897	0	33492	
1898	0	33232	
1899	0	32340	
1900	0	31558	
1901	0	30554	
1902	0	30791	
1903	0	32489	
1904	0	34507	
1905	0	35472	
1906	0	31965	
1907	0	29006	
1908	0	29528	
1909	0	31332	
1910	0	36020	
1911	0	38614	
1912	0	36802	
1913	0	35270	
1914	0	32377	
1915	0	29952	
1916	0	30130	
1917	0	30407	
1918	0	30896	
1919	0	31386	
1920	0	31803	
1921	0	32709	
1922	0	32299	
1923	0	32654	
1924	0	33363	
1925	0	33452	
1926	0	33735	
1927	0	34402	
1928	0	34454	
1929	0	32833	
1930	0	31166	
1931	0	30512	
1932	0	30383	
1933	0	31800	
1934	0	34483	
1935	0	35207	
1936	0	34503	
1937	0	34148	
1938	0	33902	
1939	0	33432	
1940	0	32466	
1941	0	32596	
1942	0	32167	
1943	0	32921	
1944	0	33638	
1945	0	33538	
1946	0	32757	
1947	0	33120	
1948	0	32253	
1949	0	31478	
1950	0	31751	
1951	0	32526	
1952	0	33728	
1953	0	34148	
1954	0	32505	
1955	0	29877	
1956	0	28100	
1957	0	31091	
1958	0	35212	
1959	0	38495	
1960	0	37344	
1961	0	34733	
1962	0	34724	
1963	0	32084	
1964	0	29529	
1965	0	25972	
1966	0	24848	
1967	0	26894	
1968	0	32580	
1969	0	36895	
1970	0	37174	
1971	0	35904	
1972	0	34740	
1973	0	34179	
1974	0	33940	
1975	0	33702	
1976	0	33375	
1977	0	32820	
1978	0	32470	
1979	0	32615	
1980	0	32039	
1981	0	32598	
1982	0	32049	
1983	0	32391	
1984	0	31596	
1985	0	31078	
1986	0	30295	
1987	0	31862	
1988	0	33547	
1989	0	35393	
1990	0	34711	
1991	0	33895	
1992	0	34637	
1993	0	34976	
1994	0	33978	
1995	0	32700	
1996	0	32067	
1997	0	32045	
1998	0	32237	
1999	0	32367	
2000	0	32285	
2001	0	32356	
2002	0	32402	
2003	0	32574	
2004	0	32350	
2005	0	32611	
2006	0	32915	
2007	0	32764	
2008	0	32521	
2009	0	32190	
2010	0	31965	
2011	0	32145	
2012	0	32724	
2013	0	33098	
2014	0	33263	
2015	0	32980	
2016	0	33181	
2017	0	33936	
2018	0	34494	
2019	0	36551	
2020	0	36754	
2021	0	34526	
2022	0	30712	
2023	0	26311	
2024	0	25651	
2025	0	28267	
2026	0	30131	
2027	0	31469	
2028	0	33044	
2029	0	35830	
2030	0	35557	
2031	0	33688	
2032	0	33663	
2033	0	33110	
2034	0	32356	
2035	0	34080	
2036	0	33694	
2037	0	34089	
2038	0	34601	
2039	0	33600	
2040	0	32774	
2041	0	32949	
2042	0	33188	
2043	0	33188	
2044	0	32047	
2045	0	31770	
2046	0	32105	
2047	0	32787	
2048	0	33469	
2049	0	33720	
2050	0	33965	
2051	0	35393	
2052	0	35501	
2053	0	35894	
2054	0	35122	
2055	0	29440	
2056	0	26059	
2057	0	26340	
2058	0	28799	
2059	0	30580	
2060	0	32168	
2061	0	33781	
2062	0	34136	
2063	0	34211	
2064	0	33924	
2065	0	33740	
2066	0	33815	
2067	0	34003	
2068	0	33766	
2069	0	33225	
2070	0	32809	
2071	0	33220	
2072	0	33266	
2073	0	32620	
2074	0	32183	
2075	0	31890	
2076	0	33141	
2077	0	34503	
2078	0	34323	
2079	0	33718	
2080	0	31354	
2081	0	29800	
2082	0	30659	
2083	0	31239	
2084	0	32122	
2085	0	32839	
2086	0	32615	
2087	0	33479	
2088	0	34124	
2089	0	35636	
2090	0	36418	
2091	0	35892	
2092	0	35182	
2093	0	32249	
2094	0	31013	
2095	0	31773	
2096	0	30698	
2097	0	31342	
2098	0	31680	
2099	0	32536	
2100	0	32256	
2101	0	31982	
2102	0	31420	
2103	0	31860	
2104	0	32989	
2105	0	34413	
2106	0	34741	
2107	0	33021	
2108	0	31887	
2109	0	31652	
2110	0	32676	
2111	0	34813	
2112	0	35603	
2113	0	34134	
2114	0	31612	
2115	0	30378	
2116	0	29565	
2117	0	31319	
2118	0	32179	
2119	0	32886	
2120	0	33279	
2121	0	33207	
2122	0	32516	
2123	0	31713	
2124	0	33219	
2125	0	35452	
2126	0	36068	
2127	0	34422	
2128	0	33066	
2129	0	32996	
2130	0	28964	
2131	0	24729	
2132	0	26906	
2133	0	33373	
2134	0	39862	
2135	0	38855	
2136	0	34644	
2137	0	32723	
2138	0	32260	
2139	0	32063	
2140	0	32599	
2141	0	32839	
2142	0	32861	
2143	0	32274	
2144	0	32502	
2145	0	32790	
2146	0	33312	
2147	0	32727	
2148	0	32588	
2149	0	34321	
2150	0	34812	
2151	0	33912	
2152	0	32544	
2153	0	31302	
2154	0	31784	
2155	0	32101	
2156	0	31724	
2157	0	33512	
2158	0	35218	
2159	0	34104	
2160	0	32004	
2161	0	30595	
2162	0	31683	
2163	0	31463	
2164	0	31585	
2165	0	31287	
2166	0	31060	
2167	0	32037	
2168	0	34320	
2169	0	33627	
2170	0	33188	
2171	0	32263	
2172	0	31792	
2173	0	31954	
2174	0	32583	
2175	0	33497	
2176	0	33859	
2177	0	34172	
2178	0	32004	
2179	0	34002	
2180	0	37413	
2181	0	36793	
2182	0	33901	
2183	0	33892	
2184	0	30097	
2185	0	28656	
2186	0	30116	
2187	0	32400	
2188	0	32389	
2189	0	32359	
2190	0	31876	
2191	0	32430	
2192	0	33580	
2193	0	34490	
2194	0	34568	
2195	0	34864	
2196	0	34834	
2197	0	32423	
2198	0	30040	
2199	0	29554	
2200	0	30584	
2201	0	33876	
2202	0	34701	
2203	0	34415	
2204	0	31762	
2205	0	31293	
2206	0	33184	
2207	0	34605	
2208	0	32815	
2209	0	31751	
2210	0	31076	
2211	0	31425	
2212	0	34277	
2213	0	32791	
2214	0	32495	
2215	0	32466	
2216	0	31777	
2217	0	32838	
2218	0	36154	
2219	0	36356	
2220	0	33284	
2221	0	30282	
2222	0	28888	
2223	0	30911	
2224	0	35585	
2225	0	36836	
2226	0	33898	
2227	0	32322	
2228	0	30791	
2229	0	31271	
2230	0	31218	
2231	0	31062	
2232	0	30226	
2233	0	32379	
2234	0	35857	
2235	0	37862	
2236	0	35820	
2237	0	31943	
2238	0	29765	
2239	0	30096	
2240	0	33876	
2241	0	36509	
2242	0	35356	
2243	0	33897	
2244	0	30130	
2245	0	27160	
2246	0	29191	
2247	0	29703	
2248	0	31422	
2249	0	34036	
2250	0	34486	
2251	0	34531	
2252	0	36951	
2253	0	37191	
2254	0	34021	
2255	0	31804	
2256	0	29928	
2257	0	28533	
2258	0	30052	
2259	0	32868	
2260	0	33699	
2261	0	34674	
2262	0	34368	
2263	0	31702	
2264	0	33764	
2265	0	34532	
2266	0	33246	
2267	0	34276	
2268	0	33652	
2269	0	31255	
2270	0	32982	
2271	0	35350	
2272	0	34222	
2273	0	33942	
2274	0	32472	
2275	0	30019	
2276	0	29926	
2277	0	31103	
2278	0	31718	
2279	0	33434	
2280	0	35150	
2281	0	34493	
2282	0	32097	
2283	0	29084	
2284	0	26482	
2285	0	29020	
2286	0	33380	
2287	0	36596	
2288	0	35982	
2289	0	34657	
2290	0	33124	
2291	0	31910	
2292	0	32812	
2293	0	32190	
2294	0	32327	
2295	0	33498	
2296	0	32824	
2297	0	34160	
2298	0	35590	
2299	0	33154	
2300	0	32082	
2301	0	34432	
2302	0	34010	
2303	0	32830	
2304	0	30238	
2305	0	28672	
2306	0	31028	
2307	0	36456	
2308	0	38127	
2309	0	34089	
2310	0	31655	
2311	0	32172	
2312	0	30415	
2313	0	31194	
2314	0	32704	
2315	0	34622	
2316	0	35929	
2317	0	34761	
2318	0	32471	
2319	0	31439	
2320	0	31029	
2321	0	31942	
2322	0	31680	
2323	0	29953	
2324	0	31591	
2325	0	33298	
2326	0	36137	
2327	0	34311	
2328	0	31723	
2329	0	28108	
2330	0	26938	
2331	0	29351	
2332	0	32467	
2333	0	36836	
2334	0	38848	
2335	0	36288	
2336	0	34460	
2337	0	33199	
2338	0	31687	
2339	0	31943	
2340	0	31748	
2341	0	31442	
2342	0	32127	
2343	0	31261	
2344	0	31771	
2345	0	33751	
2346	0	33492	
2347	0	33516	
2348	0	35122	
2349	0	34048	
2350	0	33198	
2351	0	30983	
2352	0	31684	
2353	0	36178	
2354	0	37111	
2355	0	34800	
2356	0	32309	
2357	0	29074	
2358	0	30740	
2359	0	36125	
2360	0	34076	
2361	0	28271	
2362	0	24053	
2363	0	24476	
2364	0	32612	
2365	0	35830	
2366	0	34908	
2367	0	36785	
2368	0	34868	
2369	0	33721	
2370	0	33821	
2371	0	34807	
2372	0	35104	
2373	0	34258	
2374	0	33693	
2375	0	34176	
2376	0	34333	
2377	0	34207	
2378	0	31461	
2379	0	28437	
2380	0	27166	
2381	0	29899	
2382	0	32882	
2383	0	33598	
2384	0	30511	
2385	0	31471	
2386	0	33464	
2387	0	33852	
2388	0	36086	
2389	0	36944	
2390	0	34638	
2391	0	31580	
2392	0	30052	
2393	0	32660	
2394	0	35431	
2395	0	37550	
2396	0	36997	
2397	0	33253	
2398	0	29857	
2399	0	26238	
2400	0	24788	
2401	0	26862	
2402	0	31397	
2403	0	35290	
2404	0	34818	
2405	0	33644	
2406	0	33063	
2407	0	35190	
2408	0	38059	
2409	0	38704	
2410	0	37125	
2411	0	31628	
2412	0	27086	
2413	0	28359	
2414	0	28056	
2415	0	27383	
2416	0	32116	
2417	0	37520	
2418	0	39892	
2419	0	35527	
2420	0	33535	
2421	0	35300	
2422	0	34406	
2423	0	34626	
2424	0	33237	
2425	0	25253	
2426	0	26210	
2427	0	33786	
2428	0	32240	
2429	0	32696	
2430	0	37358	
2431	0	39243	
2432	0	40431	
2433	0	36920	
2434	0	27373	
2435	0	21042	
2436	0	19667	
2437	0	25437	
2438	0	24030	
2439	0	25956	
2440	0	38118	
2441	0	45024	
2442	0	42190	
2443	0	39151	
2444	0	37670	
2445	0	36448	
2446	0	34576	
2447	0	32752	
2448	0	29758	
2449	0	32557	
2450	0	31036	
2451	0	30368	
2452	0	32451	
2453	0	31073	
2454	0	30636	
2455	0	29092	
2456	0	29932	
2457	0	29526	
2458	0	34804	
2459	0	39825	
2460	0	42789	
2461	0	39200	
2462	0	28452	
2463	0	25014	
2464	0	32000	
2465	0	36594	
2466	0	40310	
2467	0	38407	
2468	0	31063	
2469	0	25808	
2470	0	24153	
2471	0	24287	
2472	0	27670	
2473	0	33283	
2474	0	32848	
2475	0	32834	
2476	0	33512	
2477	0	31706	
2478	0	31221	
2479	0	34088	
2480	0	39986	
2481	0	40007	
2482	0	34340	
2483	0	32470	
2484	0	39570	
2485	0	41159	
2486	0	35884	
2487	0	30215	
2488	0	28378	
2489	0	21716	
2490	0	23232	
2491	0	27768	
2492	0	27187	
2493	0	30948	
2494	0	29527	
2495	0	33061	
2496	0	34342	
2497	0	27984	
2498	0	27666	
2499	0	41457	
2500	0	48967	
2501	0	46595	
2502	0	43754	
2503	0	40726	
2504	0	34300	
2505	0	28531	
2506	0	22453	
2507	0	18180	
2508	0	27316	
2509	0	32903	
2510	0	33210	
2511	0	32733	
2512	0	35076	
2513	0	36130	
2514	0	35948	
2515	0	32900	
2516	0	28647	
2517	0	29665	
2518	0	31113	
2519	0	30936	
2520	0	32248	
2521	0	42432	
2522	0	43782	
2523	0	33100	
2524	0	23373	
2525	0	21324	
2526	0	25304	
2527	0	32846	
2528	0	34188	
2529	0	34898	
2530	0	31424	
2531	0	31581	
2532	0	30758	
2533	0	36283	
2534	0	46196	
2535	0	53656	
2536	0	51256	
2537	0	33324	
2538	0	16652	
2539	0	17449	
2540	0	23144	
2541	0	31652	
2542	0	41114	
2543	0	35597	
2544	0	31670	
2545	0	27399	
2546	0	21838	
2547	0	25377	
2548	0	30460	
2549	0	27130	
2550	0	27522	
2551	0	38269	
2552	0	44622	
2553	0	43470	
2554	0	35522	
2555	0	32968	
2556	0	34710	
2557	0	36967	
2558	0	30674	
2559	0	21571	
2560	0	24135	
2561	0	28885	
2562	0	36662	
2563	0	41890	
2564	0	41928	
2565	0	42294	
2566	0	37064	
2567	0	32403	
2568	0	25563	
2569	0	19094	
2570	0	26951	
2571	0	39280	
2572	0	39412	
2573	0	38558	
2574	0	30197	
2575	0	24117	
2576	0	28616	
2577	0	30272	
2578	0	25404	
2579	0	23711	
2580	0	32166	
2581	0	40966	
2582	0	42361	
2583	0	38304	
2584	0	36093	
2585	0	31775	
2586	0	34089	
2587	0	37490	
2588	0	31543	
2589	0	25040	
2590	0	36000	
2591	0	43444	
2592	0	44544	
2593	0	33108	
2594	0	14090	
2595	0	15285	
2596	0	34530	
2597	0	42356	
2598	0	34102	
2599	0	26538	
2600	0	30540	
2601	0	32809	
2602	0	30909	
2603	0	30880	
2604	0	25997	
2605	0	31328	
2606	0	43672	
2607	0	48568	
2608	0	44706	
2609	0	33489	
2610	0	17084	
2611	0	11107	
2612	0	19912	
2613	0	32500	
2614	0	37518	
2615	0	43872	
2616	0	41744	
2617	0	41620	
2618	0	41011	
2619	0	31494	
2620	0	30602	
2621	0	30272	
2622	0	32180	
2623	0	35985	
2624	0	34284	
2625	0	31072	
2626	0	33097	
2627	0	37944	
2628	0	35382	
2629	0	33034	
2630	0	24989	
2631	0	21145	
2632	0	26214	
2633	0	35614	
2634	0	33020	
2635	0	29886	
2636	0	39104	
2637	0	43480	
2638	0	40636	
2639	0	31906	
2640	0	18604	
2641	0	23059	
2642	0	27079	
2643	0	27734	
2644	0	41120	
2645	0	45048	
2646	0	39248	
2647	0	33385	
2648	0	31728	
2649	0	27031	
2650	0	35949	
2651	0	38070	
2652	0	29554	
2653	0	25540	
2654	0	25384	
2655	0	30637	
2656	0	37444	
2657	0	37176	
2658	0	37679	
2659	0	34041	
2660	0	28262	
2661	0	29216	
2662	0	27732	
2663	0	27906	
2664	0	34876	
2665	0	38941	
2666	0	42764	
2667	0	39407	
2668	0	30257	
2669	0	23711	
2670	0	23761	
2671	0	28835	
2672	0	43015	
2673	0	58128	
2674	0	57350	
2675	0	36504	
2676	0	19058	
2677	0	7020	
2678	0	8975	
2679	0	22286	
2680	0	23576	
2681	0	24741	
2682	0	38975	
2683	0	52488	
2684	0	58808	
2685	0	48638	
2686	0	35229	
2687	0	24353	
2688	0	18068	
2689	0	18082	
2690	0	23841	
2691	0	35670	
2692	0	39806	
2693	0	30549	
2694	0	33752	
2695	0	43886	
2696	0	35277	
2697	0	30780	
2698	0	26640	
2699	0	19361	
2700	0	35941	
2701	0	43524	
2702	0	31044	
2703	0	20696	
2704	0	17468	
2705	0	27798	
2706	0	38660	
2707	0	44551	
2708	0	46308	
2709	0	50584	
2710	0	50317	
2711	0	47710	
2712	0	38520	
2713	0	23288	
2714	0	16160	
2715	0	17114	
2716	0	16220	
2717	0	16780	
2718	0	23635	
2719	0	32902	
2720	0	43446	
2721	0	51924	
2722	0	53764	
2723	0	50968	
2724	0	44039	
2725	0	19576	
2726	0	10436	
2727	0	17073	
2728	0	20464	
2729	0	27834	
2730	0	31336	
2731	0	37967	
2732	0	43692	
2733	0	42550	
2734	0	41820	
2735	0	44806	
2736	0	52655	
2737	0	42716	
2738	0	24464	
2739	0	5249	
2740	0	2376	
2741	0	6186	
2742	0	21744	
2743	0	40500	
2744	0	49172	
2745	0	60737	
2746	0	60436	
2747	0	42246	
2748	0	19284	
2749	0	7520	
2750	0	13038	
2751	0	36916	
2752	0	51684	
2753	0	51220	
2754	0	45040	
2755	0	21464	
2756	0	18204	
2757	0	17284	
2758	0	17678	
2759	0	19998	
2760	0	27730	
2761	0	31128	
2762	0	45052	
2763	0	57448	
2764	0	60764	
2765	0	57686	
2766	0	49304	
2767	0	25454	
2768	0	9928	
2769	0	875	
2770	0	4279	
2771	0	27136	
2772	0	34231	
2773	0	42679	
2774	0	46014	
2775	0	32798	
2776	0	27943	
2777	0	35746	
2778	0	38885	
2779	0	27666	
2780	0	25131	
2781	0	31067	
2782	0	38384	
2783	0	44354	
2784	0	32516	
2785	0	33028	
2786	0	34624	
2787	0	25637	
2788	0	27670	
2789	0	31376	
2790	0	34265	
2791	0	38424	
2792	0	40726	
2793	0	45088	
2794	0	42084	
2795	0	38086	
2796	0	34496	
2797	0	22370	
2798	0	12045	
2799	0	12228	
2800	0	21472	
2801	0	26894	
2802	0	41330	
2803	0	48937	
2804	0	48356	
2805	0	40372	
2806	0	34697	
2807	0	32709	
2808	0	32612	
2809	0	40746	
2810	0	42190	
2811	0	26132	
2812	0	15132	
2813	0	11725	
2814	0	21620	
2815	0	41648	
2816	0	54044	
2817	0	48801	
2818	0	42092	
2819	0	30447	
2820	0	17736	
2821	0	10564	
2822	0	6698	
2823	0	9707	
2824	0	38506	
2825	0	54496	
2826	0	57449	
2827	0	51689	
2828	0	42084	
2829	0	39312	
2830	0	37383	
2831	0	35170	
2832	0	32115	
2833	0	20985	
2834	0	9814	
2835	0	10656	
2836	0	24977	
2837	0	42119	
2838	0	51117	
2839	0	43984	
2840	0	35876	
2841	0	27808	
2842	0	29513	
2843	0	31405	
2844	0	33928	
2845	0	41052	
2846	0	38640	
2847	0	28221	
2848	0	16520	
2849	0	6710	
2850	0	15686	
2851	0	35560	
2852	0	53220	
2853	0	55032	
2854	0	55099	
2855	0	42692	
2856	0	22661	
2857	0	14791	
2858	0	15164	
2859	0	19367	
2860	0	25520	
2861	0	29853	
2862	0	37382	
2863	0	44088	
2864	0	52493	
2865	0	59332	
2866	0	49200	
2867	0	31384	
2868	0	18568	
2869	0	4381	
2870	0	8352	
2871	0	33497	
2872	0	45408	
2873	0	47396	
2874	0	46758	
2875	0	41174	
2876	0	29946	
2877	0	23740	
2878	0	20276	
2879	0	30463	
2880	0	32831	
2881	0	35138	
2882	0	32704	
2883	0	25594	
2884	0	29194	
2885	0	33151	
2886	0	32184	
2887	0	31713	
2888	0	36508	
2889	0	38226	
2890	0	35306	
2891	0	45514	
2892	0	43317	
2893	0	38140	
2894	0	35080	
2895	0	26297	
2896	0	18747	
2897	0	16889	
2898	0	20202	
2899	0	28108	
2900	0	37056	
2901	0	39006	
2902	0	45628	
2903	0	51798	
2904	0	35746	
2905	0	22640	
2906	0	12151	
2907	0	12743	
2908	0	21699	
2909	0	46972	
2910	0	60226	
2911	0	55269	
2912	0	42704	
2913	0	29944	
2914	0	14997	
2915	0	13160	
2916	0	17714	
2917	0	27956	
2918	0	41660	
2919	0	50220	
2920	0	49056	
2921	0	38073	
2922	0	20880	
2923	0	21432	
2924	0	22376	
2925	0	26820	
2926	0	42444	
2927	0	42376	
2928	0	34680	
2929	0	29880	
2930	0	26065	
2931	0	31789	
2932	0	39129	
2933	0	43732	
2934	0	42262	
2935	0	29953	
2936	0	9041	
2937	0	10840	
2938	0	25858	
2939	0	44024	
2940	0	46454	
2941	0	45472	
2942	0	44180	
2943	0	37560	
2944	0	33620	
2945	0	28066	
2946	0	21685	
2947	0	18951	
2948	0	23928	
2949	0	36731	
2950	0	46184	
2951	0	50773	
2952	0	48100	
2953	0	36144	
2954	0	21724	
2955	0	17824	
2956	0	22511	
2957	0	24518	
2958	0	31960	
2959	0	44518	
2960	0	37850	
2961	0	27442	
2962	0	28874	
2963	0	29926	
2964	0	33244	
2965	0	39943	
2966	0	40175	
2967	0	41748	
2968	0	32932	
2969	0	25353	
2970	0	20248	
2971	0	13639	
2972	0	20468	
2973	0	40572	
2974	0	56454	
2975	0	51460	
2976	0	36680	
2977	0	28366	
2978	0	21340	
2979	0	18651	
2980	0	27704	
2981	0	36283	
2982	0	34048	
2983	0	27271	
2984	0	31424	
2985	0	32985	
2986	0	32742	
2987	0	41896	
2988	0	50162	
2989	0	44997	
2990	0	41404	
2991	0	39182	
2992	0	37304	
2993	0	32896	
2994	0	21852	
2995	0	9120	
2996	0	5980	
2997	0	15391	
2998	0	25052	
2999	0	27920	
3000	0	37248	
3001	0	45289	
3002	0	48996	
3003	0	50552	
3004	0	45157	
3005	0	36308	
3006	0	32562	
3007	0	28604	
3008	0	24628	
3009	0	31918	
3010	0	40568	
3011	0	40068	
3012	0	38233	
3013	0	33920	
3014	0	26294	
3015	0	22746	
3016	0	22639	
3017	0	28712	
3018	0	28679	
3019	0	30084	
3020	0	32739	
3021	0	30813	
3022	0	28969	
3023	0	36144	
3024	0	37712	
3025	0	40804	
3026	0	43936	
3027	0	49116	
3028	0	39310	
3029	0	29791	
3030	0	23196	
3031	0	20556	
3032	0	22920	
3033	0	20685	
3034	0	26024	
3035	0	36402	
3036	0	39712	
3037	0	44717	
3038	0	43971	
3039	0	35988	
3040	0	22518	
3041	0	17571	
3042	0	20308	
3043	0	30402	
3044	0	41126	
3045	0	49137	
3046	0	45376	
3047	0	37436	
3048	0	32517	
3049	0	26820	
3050	0	21430	
3051	0	24669	
3052	0	38872	
3053	0	41328	
3054	0	47596	
3055	0	46734	
3056	0	21789	
3057	0	3868	
3058	0	9696	
3059	0	24528	
3060	0	32999	
3061	0	41328	
3062	0	46548	
3063	0	44295	
3064	0	37080	
3065	0	33088	
3066	0	33456	
3067	0	41357	
3068	0	45984	
3069	0	45412	
3070	0	37096	
3071	0	19933	
3072	0	13881	
3073	0	19921	
3074	0	21886	
3075	0	27559	
3076	0	33784	
3077	0	38904	
3078	0	40449	
3079	0	38016	
3080	0	35190	
3081	0	27523	
3082	0	30788	
3083	0	35108	
3084	0	31488	
3085	0	31990	
3086	0	34456	
3087	0	32152	
3088	0	27780	
3089	0	33209	
3090	0	39948	
3091	0	36148	
3092	0	31926	
3093	0	34396	
3094	0	33808	
3095	0	29466	
3096	0	30976	
3097	0	33641	
3098	0	34349	
3099	0	34608	
3100	0	35085	
3101	0	38152	
3102	0	49060	
3103	0	46002	
3104	0	30181	
3105	0	16706	
3106	0	8947	
3107	0	7754	
3108	0	17306	
3109	0	33600	
3110	0	46082	
3111	0	49020	
3112	0	48420	
3113	0	41044	
3114	0	33372	
3115	0	27453	
3116	0	31696	
3117	0	30040	
3118	0	28444	
3119	0	31904	
3120	0	31414	
3121	0	34400	
3122	0	37620	
3123	0	36634	
3124	0	30880	
3125	0	24488	
3126	0	24822	
3127	0	33330	
3128	0	40578	
3129	0	40352	
3130	0	32864	
3131	0	25129	
3132	0	22167	
3133	0	26712	
3134	0	32738	
3135	0	38944	
3136	0	41164	
3137	0	43232	
3138	0	44054	
3139	0	35960	
3140	0	26908	
3141	0	20464	
3142	0	22924	
3143	0	27456	
3144	0	30329	
3145	0	30007	
3146	0	29988	
3147	0	32190	
3148	0	39459	
3149	0	47284	
3150	0	45932	
3151	0	39136	
3152	0	33944	
3153	0	32870	
3154	0	30025	
3155	0	28158	
3156	0	29578	
3157	0	26066	
3158	0	22082	
3159	0	35044	
3160	0	49360	
3161	0	46980	
3162	0	38754	
3163	0	32013	
3164	0	23005	
3165	0	17592	
3166	0	14243	
3167	0	24450	
3168	0	37494	
3169	0	41262	
3170	0	35184	
3171	0	28158	
3172	0	31662	
3173	0	37378	
3174	0	35975	
3175	0	31312	
3176	0	30168	
3177	0	27681	
3178	0	26420	
3179	0	33806	
3180	0	39369	
3181	0	45864	
3182	0	47060	
3183	0	39872	
3184	0	32463	
3185	0	27869	
3186	0	28039	
3187	0	25260	
3188	0	26412	
3189	0	29423	
3190	0	32077	
3191	0	35612	
3192	0	44103	
3193	0	46046	
3194	0	39202	
3195	0	32240	
3196	0	19482	
3197	0	8536	
3198	0	13222	
3199	0	28522	
3200	0	39772	
3201	0	45447	
3202	0	43110	
3203	0	36400	
3204	0	35031	
3205	0	33177	
3206	0	28870	
3207	0	28605	
3208	0	27542	
3209	0	20180	
3210	0	23696	
3211	0	39932	
3212	0	56340	
3213	0	57622	
3214	0	52950	
3215	0	42277	
3216	0	23281	
3217	0	5756	
3218	0	6814	
3219	0	19617	
3220	0	25817	
3221	0	30859	
3222	0	36294	
3223	0	46840	
3224	0	56530	
3225	0	53968	
3226	0	52864	
3227	0	41620	
3228	0	18956	
3229	0	2212	
3230	0	2439	
3231	0	6425	
3232	0	20082	
3233	0	31908	
3234	0	40532	
3235	0	43894	
3236	0	46226	
3237	0	47480	
3238	0	55922	
3239	0	58232	
3240	0	55457	
3241	0	52608	
3242	0	21255	
3243	0	34	
3244	0	20	
3245	0	4042	
3246	0	7980	
3247	0	43204	
3248	0	62756	
3249	0	62086	
3250	0	58424	
3251	0	44997	
3252	0	17960	
3253	0	11952	
3254	0	8920	
3255	0	13299	
3256	0	20840	
3257	0	26580	
3258	0	36836	
3259	0	43640	
3260	0	46232	
3261	0	50002	
3262	0	45568	
3263	0	37372	
3264	0	33447	
3265	0	30504	
3266	0	25830	
3267	0	26788	
3268	0	25892	
3269	0	25758	
3270	0	30433	
3271	0	36956	
3272	0	35335	
3273	0	34509	
3274	0	34834	
3275	0	33369	
3276	0	33158	
3277	0	35764	
3278	0	36650	
3279	0	38236	
3280	0	44688	
3281	0	49056	
3282	0	43412	
3283	0	23276	
3284	0	5319	
3285	0	2720	
3286	0	6299	
3287	0	17888	
3288	0	43333	
3289	0	55576	
3290	0	50564	
3291	0	42948	
3292	0	35969	
3293	0	29189	
3294	0	29574	
3295	0	29991	
3296	0	30840	
3297	0	31772	
3298	0	29208	
3299	0	31504	
3300	0	31585	
3301	0	34556	
3302	0	39520	
3303	0	43348	
3304	0	37871	
3305	0	31838	
3306	0	24075	
3307	0	22047	
3308	0	27004	
3309	0	31724	
3310	0	40208	
3311	0	44172	
3312	0	41656	
3313	0	41778	
3314	0	41264	
3315	0	28142	
3316	0	17578	
3317	0	19246	
3318	0	21720	
3319	0	21280	
3320	0	28667	
3321	0	42612	
3322	0	57405	
3323	0	56468	
3324	0	40894	
3325	0	23964	
3326	0	13967	
3327	0	10415	
3328	0	15742	
3329	0	29703	
3330	0	35438	
3331	0	34712	
3332	0	35608	
3333	0	37374	
3334	0	37802	
3335	0	39874	
3336	0	45376	
3337	0	48388	
3338	0	48989	
3339	0	37708	
3340	0	22918	
3341	0	13828	
3342	0	20810	
3343	0	26672	
3344	0	29636	
3345	0	23896	
3346	0	23200	
3347	0	32918	
3348	0	41682	
3349	0	46526	
3350	0	46855	
3351	0	35940	
3352	0	29038	
3353	0	23623	
3354	0	26324	
3355	0	32208	
3356	0	32457	
3357	0	35760	
3358	0	38976	
3359	0	40010	
3360	0	38381	
3361	0	43026	
3362	0	42631	
3363	0	28445	
3364	0	20132	
3365	0	21857	
3366	0	15471	
3367	0	7254	
3368	0	18376	
3369	0	40045	
3370	0	52724	
3371	0	49425	
3372	0	42727	
3373	0	34348	
3374	0	29258	
3375	0	27428	
3376	0	33262	
3377	0	42614	
3378	0	46004	
3379	0	44412	
3380	0	41700	
3381	0	36105	
3382	0	22135	
3383	0	13471	
3384	0	20274	
3385	0	29953	
3386	0	33260	
3387	0	36546	
3388	0	36487	
3389	0	32320	
3390	0	19962	
3391	0	17065	
3392	0	21084	
3393	0	33400	
3394	0	46152	
3395	0	43870	
3396	0	34784	
3397	0	34796	
3398	0	39668	
3399	0	40412	
3400	0	35418	
3401	0	34264	
3402	0	37508	
3403	0	32024	
3404	0	25693	
3405	0	28845	
3406	0	30851	
3407	0	31092	
3408	0	29950	
3409	0	27240	
3410	0	29745	
3411	0	35172	
3412	0	35032	
3413	0	31750	
3414	0	29236	
3415	0	26928	
3416	0	27856	
3417	0	34156	
3418	0	39800	
3419	0	43640	
3420	0	43712	
3421	0	38255	
3422	0	36923	
3423	0	36999	
3424	0	33182	
3425	0	21048	
3426	0	9443	
3427	0	12458	
3428	0	27440	
3429	0	39280	
3430	0	45289	
3431	0	45400	
3432	0	40136	
3433	0	37445	
3434	0	36907	
3435	0	37862	
3436	0	41380	
3437	0	41479	
3438	0	32052	
3439	0	23517	
3440	0	20220	
3441	0	20030	
3442	0	19982	
3443	0	24187	
3444	0	30226	
3445	0	34685	
3446	0	36708	
3447	0	40016	
3448	0	39385	
3449	0	38568	
3450	0	40780	
3451	0	41410	
3452	0	42372	
3453	0	32850	
3454	0	24573	
3455	0	18529	
3456	0	15583	
3457	0	20849	
3458	0	31192	
3459	0	46662	
3460	0	56698	
3461	0	47864	
3462	0	32184	
3463	0	24701	
3464	0	15392	
3465	0	13506	
3466	0	19440	
3467	0	24304	
3468	0	29964	
3469	0	38479	
3470	0	42898	
3471	0	44716	
3472	0	46512	
3473	0	55540	
3474	0	54848	
3475	0	46290	
3476	0	32263	
3477	0	20256	
3478	0	3437	
3479	0	2683	
3480	0	8315	
3481	0	36146	
3482	0	44356	
3483	0	46154	
3484	0	48278	
3485	0	49248	
3486	0	49301	
3487	0	41900	
3488	0	27090	
3489	0	19931	
3490	0	16329	
3491	0	15974	
3492	0	20393	
3493	0	24985	
3494	0	26278	
3495	0	28004	
3496	0	30140	
3497	0	34037	
3498	0	46690	
3499	0	57396	
3500	0	54968	
3501	0	41928	
3502	0	31616	
3503	0	21352	
3504	0	17664	
3505	0	23312	
3506	0	30674	
3507	0	37468	
3508	0	35742	
3509	0	36822	
3510	0	42820	
3511	0	41328	
3512	0	28820	
3513	0	15470	
3514	0	10985	
3515	0	16517	
3516	0	20204	
3517	0	30400	
3518	0	40368	
3519	0	50094	
3520	0	59384	
3521	0	60244	
3522	0	55202	
3523	0	38812	
3524	0	21803	
3525	0	2533	
3526	0	2445	
3527	0	6400	
3528	0	21781	
3529	0	48918	
3530	0	61528	
3531	0	61572	
3532	0	54584	
3533	0	48512	
3534	0	34096	
3535	0	16724	
3536	0	1237	
3537	0	2869	
3538	0	6842	
3539	0	29894	
3540	0	49532	
3541	0	60029	
3542	0	55868	
3543	0	46121	
3544	0	32329	
3545	0	22104	
3546	0	18865	
3547	0	19016	
3548	0	22052	
3549	0	29849	
3550	0	46804	
3551	0	56622	
3552	0	52940	
3553	0	38944	
3554	0	19056	
3555	0	9072	
3556	0	8237	
3557	0	16397	
3558	0	34016	
3559	0	52024	
3560	0	61190	
3561	0	58784	
3562	0	46666	
3563	0	17546	
3564	0	5671	
3565	0	3237	
3566	0	6852	
3567	0	26793	
3568	0	43560	
3569	0	55984	
3570	0	57385	
3571	0	44839	
3572	0	29122	
3573	0	25049	
3574	0	25472	
3575	0	23248	
3576	0	19744	
3577	0	27969	
3578	0	34008	
3579	0	32524	
3580	0	33092	
3581	0	39232	
3582	0	41000	
3583	0	39298	
3584	0	41542	
3585	0	42719	
3586	0	44361	
3587	0	38292	
3588	0	26054	
3589	0	10815	
3590	0	4496	
3591	0	7578	
3592	0	28012	
3593	0	42987	
3594	0	48428	
3595	0	59104	
3596	0	60364	
3597	0	53100	
3598	0	43928	
3599	0	29748	
3600	0	10924	
3601	0	1471	
3602	0	7439	
3603	0	22107	
3604	0	42908	
3605	0	51846	
3606	0	50861	
3607	0	44999	
3608	0	35756	
3609	0	26196	
3610	0	23636	
3611	0	22029	
3612	0	18918	
3613	0	14170	
3614	0	17640	
3615	0	29984	
3616	0	45192	
3617	0	55760	
3618	0	55520	
3619	0	51473	
3620	0	49308	
3621	0	49245	
3622	0	37776	
3623	0	24583	
3624	0	17098	
3625	0	7826	
3626	0	2770	
3627	0	6195	
3628	0	9720	
3629	0	50244	
3630	0	64378	
3631	0	62208	
3632	0	46982	
3633	0	33792	
3634	0	16854	
3635	0	6001	
3636	0	12530	
3637	0	26014	
3638	0	34708	
3639	0	39858	
3640	0	44095	
3641	0	44574	
3642	0	45048	
3643	0	39648	
3644	0	28895	
3645	0	26730	
3646	0	31487	
3647	0	32421	
3648	0	31953	
3649	0	31628	
3650	0	29583	
3651	0	27816	
3652	0	26318	
3653	0	30505	
3654	0	35202	
3655	0	44642	
3656	0	44184	
3657	0	39242	
3658	0	33415	
3659	0	27241	
3660	0	24048	
3661	0	24889	
3662	0	30332	
3663	0	30008	
3664	0	36710	
3665	0	44092	
3666	0	44016	
3667	0	40028	
3668	0	34015	
3669	0	27325	
3670	0	22000	
3671	0	15744	
3672	0	18567	
3673	0	27377	
3674	0	34923	
3675	0	38057	
3676	0	37934	
3677	0	38212	
3678	0	36979	
3679	0	36380	
3680	0	37468	
3681	0	45170	
3682	0	49112	
3683	0	46924	
3684	0	36516	
3685	0	19100	
3686	0	4295	
3687	0	3821	
3688	0	16053	
3689	0	28161	
3690	0	37422	
3691	0	50432	
3692	0	57015	
3693	0	52564	
3694	0	44220	
3695	0	29291	
3696	0	19751	
3697	0	15513	
3698	0	22145	
3699	0	29122	
3700	0	35700	
3701	0	41672	
3702	0	42880	
3703	0	42184	
3704	0	41869	
3705	0	37069	
3706	0	25284	
3707	0	11785	
3708	0	8520	
3709	0	16172	
3710	0	27474	
3711	0	36922	
3712	0	54356	
3713	0	62182	
3714	0	59352	
3715	0	55930	
3716	0	26415	
3717	0	2899	
3718	0	1325	
3719	0	5371	
3720	0	9076	
3721	0	42744	
3722	0	52310	
3723	0	54044	
3724	0	56018	
3725	0	50844	
3726	0	36768	
3727	0	19986	
3728	0	19362	
3729	0	24548	
3730	0	32704	
3731	0	37462	
3732	0	38630	
3733	0	35496	
3734	0	24775	
3735	0	11549	
3736	0	6786	
3737	0	13210	
3738	0	32036	
3739	0	48664	
3740	0	54729	
3741	0	52904	
3742	0	49408	
3743	0	47585	
3744	0	43930	
3745	0	36047	
3746	0	29236	
3747	0	26656	
3748	0	23742	
3749	0	17636	
3750	0	14937	
3751	0	16470	
3752	0	21910	
3753	0	32583	
3754	0	48506	
3755	0	51157	
3756	0	52576	
3757	0	47360	
3758	0	33393	
3759	0	18984	
3760	0	7527	
3761	0	7493	
3762	0	21607	
3763	0	36678	
3764	0	45022	
3765	0	48108	
3766	0	43765	
3767	0	35824	
3768	0	27744	
3769	0	25891	
3770	0	29757	
3771	0	34887	
3772	0	43596	
3773	0	45504	
3774	0	39192	
3775	0	31853	
3776	0	31058	
3777	0	21614	
3778	0	17759	
3779	0	22529	
3780	0	27292	
3781	0	29025	
3782	0	28337	
3783	0	30838	
3784	0	36514	
3785	0	38663	
3786	0	40349	
3787	0	42949	
3788	0	46686	
3789	0	47056	
3790	0	35160	
3791	0	28178	
3792	0	28039	
3793	0	25357	
3794	0	24326	
3795	0	26604	
3796	0	36552	
3797	0	52090	
3798	0	53604	
3799	0	38745	
3800	0	23170	
3801	0	10773	
3802	0	8038	
3803	0	19324	
3804	0	27458	
3805	0	38790	
3806	0	47708	
3807	0	50648	
3808	0	47908	
3809	0	37586	
3810	0	20520	
3811	0	5769	
3812	0	6102	
3813	0	25596	
3814	0	45048	
3815	0	48936	
3816	0	48890	
3817	0	49193	
3818	0	43388	
3819	0	32104	
3820	0	25521	
3821	0	25287	
3822	0	24267	
3823	0	25112	
3824	0	27594	
3825	0	27508	
3826	0	28515	
3827	0	28828	
3828	0	28935	
3829	0	27101	
3830	0	29763	
3831	0	39852	
3832	0	51196	
3833	0	57494	
3834	0	56356	
3835	0	44880	
3836	0	30550	
3837	0	18891	
3838	0	7962	
3839	0	3983	
3840	0	7092	
3841	0	24412	
3842	0	44180	
3843	0	61256	
3844	0	62200	
3845	0	58660	
3846	0	55272	
3847	0	34220	
3848	0	20829	
3849	0	5626	
3850	0	1264	
3851	0	5099	
3852	0	8818	
3853	0	32722	
3854	0	49352	
3855	0	60761	
3856	0	58838	
3857	0	46201	
3858	0	30750	
3859	0	14272	
3860	0	6166	
3861	0	12504	
3862	0	26452	
3863	0	43388	
3864	0	55264	
3865	0	56327	
3866	0	47954	
3867	0	34655	
3868	0	24952	
3869	0	19090	
3870	0	20877	
3871	0	27565	
3872	0	36032	
3873	0	50972	
3874	0	54194	
3875	0	47480	
3876	0	37748	
3877	0	27468	
3878	0	19182	
3879	0	14840	
3880	0	15094	
3881	0	21022	
3882	0	27557	
3883	0	32733	
3884	0	36194	
3885	0	38840	
3886	0	38062	
3887	0	35292	
3888	0	35880	
3889	0	31444	
3890	0	29801	
3891	0	36892	
3892	0	40120	
3893	0	34904	
3894	0	33600	
3895	0	31382	
3896	0	23272	
3897	0	15212	
3898	0	20221	
3899	0	34884	
3900	0	47762	
3901	0	53820	
3902	0	47253	
3903	0	31610	
3904	0	20540	
3905	0	18080	
3906	0	14808	
3907	0	13708	
3908	0	27729	
3909	0	45688	
3910	0	57444	
3911	0	58941	
3912	0	52026	
3913	0	36186	
3914	0	23206	
3915	0	18300	
3916	0	18008	
3917	0	19646	
3918	0	28281	
3919	0	41292	
3920	0	46862	
3921	0	45760	
3922	0	42012	
3923	0	36176	
3924	0	27680	
3925	0	17822	
3926	0	13557	
3927	0	16409	
3928	0	25950	
3929	0	40856	
3930	0	50812	
3931	0	48583	
3932	0	41001	
3933	0	33064	
3934	0	30114	
3935	0	28976	
3936	0	30184	
3937	0	36449	
3938	0	38882	
3939	0	31984	
3940	0	23879	
3941	0	23195	
3942	0	27732	
3943	0	31239	
3944	0	29274	
3945	0	28858	
3946	0	29134	
3947	0	30562	
3948	0	31066	
3949	0	40216	
3950	0	48228	
3951	0	51566	
3952	0	43880	
3953	0	32261	
3954	0	25225	
3955	0	21136	
3956	0	20374	
3957	0	27784	
3958	0	37984	
3959	0	40101	
3960	0	33348	
3961	0	26222	
3962	0	23830	
3963	0	22857	
3964	0	25758	
3965	0	32316	
3966	0	35062	
3967	0	44130	
3968	0	52316	
3969	0	51970	
3970	0	45705	
3971	0	40776	
3972	0	32263	
3973	0	16028	
3974	0	2270	
3975	0	4831	
3976	0	20615	
3977	0	38872	
3978	0	48704	
3979	0	54309	
3980	0	51559	
3981	0	45156	
3982	0	36720	
3983	0	25746	
3984	0	13734	
3985	0	10075	
3986	0	12612	
3987	0	21925	
3988	0	34200	
3989	0	43378	
3990	0	47738	
3991	0	49326	
3992	0	47046	
3993	0	43606	
3994	0	49047	
3995	0	51996	
3996	0	45640	
3997	0	31264	
3998	0	13442	
3999	0	118	
4000	0	1896	
4001	0	6042	
4002	0	9640	
4003	0	41672	
4004	0	53896	
4005	0	52628	
4006	0	48188	
4007	0	45228	
4008	0	47000	
4009	0	46285	
4010	0	37156	
4011	0	28512	
4012	0	21632	
4013	0	13116	
4014	0	11402	
4015	0	17541	
4016	0	27840	
4017	0	37372	
4018	0	41601	
4019	0	43904	
4020	0	42190	
4021	0	42477	
4022	0	42996	
4023	0	40188	
4024	0	29612	
4025	0	19275	
4026	0	11622	
4027	0	17354	
4028	0	31274	
4029	0	42080	
4030	0	41704	
4031	0	36691	
4032	0	29444	
4033	0	20012	
4034	0	18217	
4035	0	26188	
4036	0	38380	
4037	0	47568	
4038	0	50340	
4039	0	46704	
4040	0	43475	
4041	0	36781	
4042	0	27528	
4043	0	29532	
4044	0	35936	
4045	0	32288	
4046	0	18872	
4047	0	13410	
4048	0	17203	
4049	0	18637	
4050	0	22448	
4051	0	36397	
4052	0	54530	
4053	0	61416	
4054	0	55294	
4055	0	46342	
4056	0	36424	
4057	0	25510	
4058	0	16646	
4059	0	13549	
4060	0	19203	
4061	0	28850	
4062	0	41701	
4063	0	49320	
4064	0	45646	
4065	0	37467	
4066	0	27930	
4067	0	15593	
4068	0	7911	
4069	0	12233	
4070	0	28616	
4071	0	45959	
4072	0	56808	
4073	0	57218	
4074	0	55760	
4075	0	42420	
4076	0	29856	
4077	0	25292	
4078	0	15842	
4079	0	6482	
4080	0	5504	
4081	0	14304	
4082	0	26028	
4083	0	33220	
4084	0	39260	
4085	0	48604	
4086	0	51241	
4087	0	46598	
4088	0	41664	
4089	0	43716	
4090	0	41220	
4091	0	39400	
4092	0	44982	
4093	0	43321	
4094	0	34000	
4095	0	28026	
4096	0	18588	
4097	0	7178	
4098	0	5245	
4099	0	11854	
4100	0	18630	
4101	0	29274	
4102	0	40494	
4103	0	42618	
4104	0	37236	
4105	0	38356	
4106	0	44336	
4107	0	47366	
4108	0	46332	
4109	0	46916	
4110	0	47620	
4111	0	42188	
4112	0	29292	
4113	0	15255	
4114	0	5743	
4115	0	4916	
4116	0	12658	
4117	0	26048	
4118	0	44208	
4119	0	54708	
4120	0	54366	
4121	0	52588	
4122	0	44402	
4123	0	32774	
4124	0	19800	
4125	0	14642	
4126	0	16437	
4127	0	17495	
4128	0	25437	
4129	0	39165	
4130	0	47354	
4131	0	55562	
4132	0	58944	
4133	0	56172	
4134	0	53123	
4135	0	18938	
4136	0	5465	
4137	0	518	
4138	0	4310	
4139	0	8156	
4140	0	13554	
4141	0	42160	
4142	0	53337	
4143	0	60804	
4144	0	57748	
4145	0	46848	
4146	0	39472	
4147	0	33264	
4148	0	25946	
4149	0	23120	
4150	0	24162	
4151	0	21738	
4152	0	24266	
4153	0	30836	
4154	0	39606	
4155	0	45696	
4156	0	44312	
4157	0	39165	
4158	0	29432	
4159	0	24682	
4160	0	25460	
4161	0	25744	
4162	0	25894	
4163	0	28508	
4164	0	28792	
4165	0	31318	
4166	0	34792	
4167	0	40712	
4168	0	42032	
4169	0	37344	
4170	0	31585	
4171	0	31521	
4172	0	32500	
4173	0	27946	
4174	0	25118	
4175	0	27932	
4176	0	29959	
4177	0	33092	
4178	0	41910	
4179	0	48900	
4180	0	45447	
4181	0	38821	
4182	0	30474	
4183	0	16474	
4184	0	4697	
4185	0	6885	
4186	0	10243	
4187	0	34984	
4188	0	50892	
4189	0	56722	
4190	0	56540	
4191	0	53558	
4192	0	47696	
4193	0	34132	
4194	0	23366	
4195	0	26869	
4196	0	34895	
4197	0	36896	
4198	0	30248	
4199	0	21238	
4200	0	12280	
4201	0	10864	
4202	0	15276	
4203	0	21494	
4204	0	36066	
4205	0	52364	
4206	0	59256	
4207	0	54752	
4208	0	46727	
4209	0	38520	
4210	0	29920	
4211	0	20123	
4212	0	19657	
4213	0	25024	
4214	0	24606	
4215	0	26614	
4216	0	32934	
4217	0	35218	
4218	0	31768	
4219	0	31951	
4220	0	38156	
4221	0	41024	
4222	0	37714	
4223	0	37490	
4224	0	36786	
4225	0	34978	
4226	0	28418	
4227	0	25387	
4228	0	26246	
4229	0	26168	
4230	0	25890	
4231	0	28372	
4232	0	34000	
4233	0	32330	
4234	0	30379	
4235	0	33356	
4236	0	40700	
4237	0	43172	
4238	0	40980	
4239	0	42012	
4240	0	38608	
4241	0	33116	
4242	0	30386	
4243	0	28298	
4244	0	28280	
4245	0	28848	
4246	0	27150	
4247	0	20162	
4248	0	24150	
4249	0	36552	
4250	0	47810	
4251	0	50234	
4252	0	43600	
4253	0	31744	
4254	0	20598	
4255	0	13729	
4256	0	14722	
4257	0	22632	
4258	0	35356	
4259	0	40890	
4260	0	38992	
4261	0	35564	
4262	0	36225	
4263	0	38454	
4264	0	41590	
4265	0	44623	
4266	0	41400	
4267	0	35456	
4268	0	27136	
4269	0	19516	
4270	0	16121	
4271	0	19496	
4272	0	33276	
4273	0	42370	
4274	0	46520	
4275	0	46132	
4276	0	38932	
4277	0	28064	
4278	0	17154	
4279	0	15466	
4280	0	23244	
4281	0	31256	
4282	0	35050	
4283	0	35198	
4284	0	38857	
4285	0	41543	
4286	0	44372	
4287	0	50070	
4288	0	54183	
4289	0	47485	
4290	0	29636	
4291	0	17375	
4292	0	10230	
4293	0	7516	
4294	0	13326	
4295	0	24888	
4296	0	39600	
4297	0	44301	
4298	0	40685	
4299	0	34738	
4300	0	30256	
4301	0	32113	
4302	0	34446	
4303	0	38724	
4304	0	45360	
4305	0	55008	
4306	0	55052	
4307	0	41317	
4308	0	25389	
4309	0	10454	
4310	0	1788	
4311	0	4391	
4312	0	8160	
4313	0	11419	
4314	0	35004	
4315	0	51460	
4316	0	61736	
4317	0	62686	
4318	0	52868	
4319	0	45060	
4320	0	44692	
4321	0	34328	
4322	0	17902	
4323	0	12784	
4324	0	16684	
4325	0	20540	
4326	0	22406	
4327	0	26500	
4328	0	36400	
4329	0	43625	
4330	0	45703	
4331	0	43160	
4332	0	39744	
4333	0	28922	
4334	0	17565	
4335	0	18629	
4336	0	30114	
4337	0	40882	
4338	0	46768	
4339	0	45654	
4340	0	38085	
4341	0	35196	
4342	0	30160	
4343	0	25312	
4344	0	29042	
4345	0	34374	
4346	0	31541	
4347	0	26728	
4348	0	26376	
4349	0	22208	
4350	0	22464	
4351	0	35093	
4352	0	41207	
4353	0	38507	
4354	0	34917	
4355	0	33005	
4356	0	31858	
4357	0	34058	
4358	0	32720	
4359	0	31715	
4360	0	35782	
4361	0	40728	
4362	0	39247	
4363	0	34704	
4364	0	33309	
4365	0	32356	
4366	0	27922	
4367	0	24137	
4368	0	23318	
4369	0	22845	
4370	0	24442	
4371	0	26792	
4372	0	36317	
4373	0	48752	
4374	0	55920	
4375	0	52228	
4376	0	43182	
4377	0	29252	
4378	0	20096	
4379	0	17309	
4380	0	18540	
4381	0	20785	
4382	0	27710	
4383	0	32848	
4384	0	41586	
4385	0	49542	
4386	0	46160	
4387	0	33750	
4388	0	24352	
4389	0	20108	
4390	0	20424	
4391	0	28180	
4392	0	40044	
4393	0	47030	
4394	0	45818	
4395	0	46121	
4396	0	39648	
4397	0	29653	
4398	0	20553	
4399	0	15693	
4400	0	11967	
4401	0	13656	
4402	0	26205	
4403	0	40700	
4404	0	47682	
4405	0	51456	
4406	0	51640	
4407	0	47760	
4408	0	47052	
4409	0	38280	
4410	0	29328	
4411	0	31018	
4412	0	28664	
4413	0	20393	
4414	0	10495	
4415	0	6447	
4416	0	13333	
4417	0	23000	
4418	0	33392	
4419	0	45092	
4420	0	52868	
4421	0	50740	
4422	0	38778	
4423	0	29218	
4424	0	24528	
4425	0	23496	
4426	0	24376	
4427	0	31120	
4428	0	41664	
4429	0	45628	
4430	0	47322	
4431	0	44226	
4432	0	36893	
4433	0	30420	
4434	0	22233	
4435	0	19271	
4436	0	14704	
4437	0	15778	
4438	0	23844	
4439	0	31939	
4440	0	42404	
4441	0	50588	
4442	0	49076	
4443	0	44632	
4444	0	37604	
4445	0	30377	
4446	0	27920	
4447	0	31958	
4448	0	36527	
4449	0	38864	
4450	0	44128	
4451	0	41348	
4452	0	32302	
4453	0	28664	
4454	0	26994	
4455	0	29552	
4456	0	32801	
4457	0	27222	
4458	0	13882	
4459	0	6012	
4460	0	8062	
4461	0	20945	
4462	0	34846	
4463	0	44780	
4464	0	50608	
4465	0	53400	
4466	0	48871	
4467	0	39997	
4468	0	34342	
4469	0	33055	
4470	0	33066	
4471	0	34308	
4472	0	34348	
4473	0	39101	
4474	0	35463	
4475	0	28427	
4476	0	28617	
4477	0	27714	
4478	0	23205	
4479	0	24007	
4480	0	30831	
4481	0	33908	
4482	0	36816	
4483	0	33019	
4484	0	28420	
4485	0	26279	
4486	0	25890	
4487	0	26701	
4488	0	37712	
4489	0	48108	
4490	0	47696	
4491	0	38666	
4492	0	31952	
4493	0	26841	
4494	0	31749	
4495	0	35900	
4496	0	29488	
4497	0	22324	
4498	0	20652	
4499	0	19620	
4500	0	21972	
4501	0	30098	
4502	0	40133	
4503	0	50281	
4504	0	60542	
4505	0	59200	
4506	0	55938	
4507	0	45924	
4508	0	22886	
4509	0	3440	
4510	0	22	
4511	0	4175	
4512	0	8063	
4513	0	26102	
4514	0	42128	
4515	0	55664	
4516	0	60888	
4517	0	55430	
4518	0	47696	
4519	0	44646	
4520	0	39596	
4521	0	26317	
4522	0	15508	
4523	0	10308	
4524	0	6345	
4525	0	6911	
4526	0	12383	
4527	0	22221	
4528	0	38425	
4529	0	50856	
4530	0	58768	
4531	0	62652	
4532	0	59844	
4533	0	48873	
4534	0	33177	
4535	0	18715	
4536	0	8702	
4537	0	10169	
4538	0	17785	
4539	0	27841	
4540	0	37592	
4541	0	39916	
4542	0	42332	
4543	0	46478	
4544	0	48012	
4545	0	42664	
4546	0	39376	
4547	0	35177	
4548	0	29336	
4549	0	25812	
4550	0	18099	
4551	0	14781	
4552	0	16477	
4553	0	23462	
4554	0	33177	
4555	0	35308	
4556	0	37552	
4557	0	44346	
4558	0	45005	
4559	0	42384	
4560	0	42146	
4561	0	41312	
4562	0	34722	
4563	0	23632	
4564	0	20700	
4565	0	18546	
4566	0	15060	
4567	0	16613	
4568	0	28102	
4569	0	39716	
4570	0	45971	
4571	0	51258	
4572	0	47800	
4573	0	45056	
4574	0	40077	
4575	0	31372	
4576	0	23041	
4577	0	18460	
4578	0	18732	
4579	0	20391	
4580	0	21735	
4581	0	34504	
4582	0	43956	
4583	0	45298	
4584	0	47768	
4585	0	47964	
4586	0	40688	
4587	0	31530	
4588	0	28478	
4589	0	29848	
4590	0	24524	
4591	0	19980	
4592	0	21697	
4593	0	30072	
4594	0	37142	
4595	0	40256	
4596	0	35501	
4597	0	30201	
4598	0	29564	
4599	0	30264	
4600	0	28607	
4601	0	28838	
4602	0	30836	
4603	0	35206	
4604	0	40249	
4605	0	42884	
4606	0	42525	
4607	0	35037	
4608	0	28580	
4609	0	22494	
4610	0	17786	
4611	0	17002	
4612	0	22792	
4613	0	34405	
4614	0	47096	
4615	0	55012	
4616	0	50800	
4617	0	41740	
4618	0	35746	
4619	0	32919	
4620	0	28756	
4621	0	26109	
4622	0	28450	
4623	0	29910	
4624	0	33464	
4625	0	31879	
4626	0	28058	
4627	0	27058	
4628	0	27360	
4629	0	28250	
4630	0	34084	
4631	0	39640	
4632	0	40058	
4633	0	38023	
4634	0	35278	
4635	0	30166	
4636	0	22108	
4637	0	18454	
4638	0	21496	
4639	0	25445	
4640	0	24028	
4641	0	27609	
4642	0	37772	
4643	0	46344	
4644	0	47154	
4645	0	47648	
4646	0	53116	
4647	0	49255	
4648	0	39712	
4649	0	29821	
4650	0	23109	
4651	0	17352	
4652	0	12946	
4653	0	17860	
4654	0	24640	
4655	0	32216	
4656	0	39168	
4657	0	39834	
4658	0	37136	
4659	0	41416	
4660	0	46756	
4661	0	49653	
4662	0	42720	
4663	0	30290	
4664	0	18488	
4665	0	9467	
4666	0	9676	
4667	0	21287	
4668	0	32392	
4669	0	39826	
4670	0	46162	
4671	0	45774	
4672	0	43828	
4673	0	41109	
4674	0	32584	
4675	0	22249	
4676	0	23662	
4677	0	30702	
4678	0	40412	
4679	0	49304	
4680	0	50132	
4681	0	37510	
4682	0	20416	
4683	0	9264	
4684	0	4230	
4685	0	7334	
4686	0	22753	
4687	0	34484	
4688	0	41146	
4689	0	44538	
4690	0	47724	
4691	0	45460	
4692	0	46598	
4693	0	45548	
4694	0	46423	
4695	0	45150	
4696	0	37278	
4697	0	26932	
4698	0	17843	
4699	0	15917	
4700	0	16167	
4701	0	21886	
4702	0	24366	
4703	0	25400	
4704	0	26213	
4705	0	23071	
4706	0	27241	
4707	0	40248	
4708	0	51430	
4709	0	55804	
4710	0	52174	
4711	0	43527	
4712	0	39932	
4713	0	42704	
4714	0	41216	
4715	0	36154	
4716	0	31596	
4717	0	19348	
4718	0	5320	
4719	0	3641	
4720	0	11934	
4721	0	20064	
4722	0	32589	
4723	0	45820	
4724	0	50274	
4725	0	45172	
4726	0	40156	
4727	0	36864	
4728	0	30424	
4729	0	22957	
4730	0	21910	
4731	0	28414	
4732	0	35657	
4733	0	41191	
4734	0	43522	
4735	0	45829	
4736	0	51288	
4737	0	48576	
4738	0	39489	
4739	0	28128	
4740	0	19241	
4741	0	14031	
4742	0	13006	
4743	0	16354	
4744	0	22781	
4745	0	31748	
4746	0	39798	
4747	0	50054	
4748	0	51346	
4749	0	41113	
4750	0	23700	
4751	0	13325	
4752	0	21686	
4753	0	31497	
4754	0	36114	
4755	0	38465	
4756	0	36762	
4757	0	30764	
4758	0	26244	
4759	0	32122	
4760	0	39738	
4761	0	40728	
4762	0	39324	
4763	0	38458	
4764	0	36800	
4765	0	33396	
4766	0	29590	
4767	0	28976	
4768	0	31053	
4769	0	32314	
4770	0	31195	
4771	0	29772	
4772	0	33058	
4773	0	36391	
4774	0	38108	
4775	0	37426	
4776	0	34917	
4777	0	31223	
4778	0	27674	
4779	0	25800	
4780	0	24680	
4781	0	24988	
4782	0	28264	
4783	0	33744	
4784	0	36525	
4785	0	35823	
4786	0	33799	
4787	0	32839	
4788	0	34076	
4789	0	35724	
4790	0	37644	
4791	0	37340	
4792	0	35468	
4793	0	34454	
4794	0	35689	
4795	0	35111	
4796	0	36454	
4797	0	32562	
4798	0	23838	
4799	0	16314	
4800	0	18594	
4801	0	26950	
4802	0	33732	
4803	0	37327	
4804	0	37864	
4805	0	37383	
4806	0	36502	
4807	0	35683	
4808	0	35270	
4809	0	34723	
4810	0	34417	
4811	0	33901	
4812	0	33691	
4813	0	33799	
4814	0	33377	
4815	0	33139	
4816	0	33388	
4817	0	33191	
4818	0	32754	
4819	0	33008	
4820	0	33346	
4821	0	32143	
4822	0	30356	
4823	0	30574	
4824	0	30782	
4825	0	30261	
4826	0	33479	
4827	0	34700	
4828	0	33952	
4829	0	35293	
4830	0	35885	
4831	0	36109	
4832	0	34638	
4833	0	29690	
4834	0	23733	
4835	0	21232	
4836	0	23408	
4837	0	25999	
4838	0	33263	
4839	0	42279	
4840	0	44793	
4841	0	44610	
4842	0	42496	
4843	0	37645	
4844	0	31540	
4845	0	29284	
4846	0	28119	
4847	0	26781	
4848	0	29301	
4849	0	36644	
4850	0	40986	
4851	0	39887	
4852	0	36844	
4853	0	31161	
4854	0	23111	
4855	0	19286	
4856	0	21564	
4857	0	26265	
4858	0	30836	
4859	0	34012	
4860	0	35129	
4861	0	35670	
4862	0	36008	
4863	0	36669	
4864	0	35684	
4865	0	36954	
4866	0	38522	
4867	0	36370	
4868	0	31170	
4869	0	25607	
4870	0	22904	
4871	0	26354	
4872	0	31747	
4873	0	36281	
4874	0	38729	
4875	0	38149	
4876	0	36678	
4877	0	33981	
4878	0	32402	
4879	0	28967	
4880	0	27760	
4881	0	28109	
4882	0	31510	
4883	0	37216	
4884	0	41027	
4885	0	40809	
4886	0	38686	
4887	0	36155	
4888	0	32881	
4889	0	28569	
4890	0	27096	
4891	0	28024	
4892	0	28273	
4893	0	29596	
4894	0	31783	
4895	0	33541	
4896	0	36081	
4897	0	37127	
4898	0	35973	
4899	0	32352	
4900	0	27670	
4901	0	25223	
4902	0	26666	
4903	0	30557	
4904	0	34029	
4905	0	36209	
4906	0	37054	
4907	0	37496	
4908	0	37031	
4909	0	35922	
4910	0	34653	
4911	0	33456	
4912	0	32372	
4913	0	31887	
4914	0	32103	
4915	0	32178	
4916	0	31861	
4917	0	31091	
4918	0	30465	
4919	0	29975	
4920	0	30066	
4921	0	31878	
4922	0	36600	
4923	0	40516	
4924	0	40592	
4925	0	38678	
4926	0	34774	
4927	0	26992	
4928	0	22179	
4929	0	22418	
4930	0	25572	
4931	0	30758	
4932	0	34562	
4933	0	35334	
4934	0	34304	
4935	0	32688	
4936	0	29634	
4937	0	29212	
4938	0	31690	
4939	0	34392	
4940	0	36736	
4941	0	38056	
4942	0	41839	
4943	0	42054	
4944	0	37742	
4945	0	32624	
4946	0	28984	
4947	0	26521	
4948	0	25331	
4949	0	27718	
4950	0	32918	
4951	0	35973	
4952	0	36892	
4953	0	35494	
4954	0	33073	
4955	0	31892	
4956	0	30945	
4957	0	29899	
4958	0	28923	
4959	0	29858	
4960	0	30898	
4961	0	32359	
4962	0	33709	
4963	0	32850	
4964	0	32698	
4965	0	32735	
4966	0	31801	
4967	0	33211	
4968	0	34981	
4969	0	35781	
4970	0	36434	
4971	0	37281	
4972	0	36884	
4973	0	35285	
4974	0	32606	
4975	0	31220	
4976	0	30212	
4977	0	30637	
4978	0	33356	
4979	0	35287	
4980	0	34612	
4981	0	32455	
4982	0	29912	
4983	0	27384	
4984	0	27514	
4985	0	30900	
4986	0	34322	
4987	0	34983	
4988	0	34220	
4989	0	33391	
4990	0	33015	
4991	0	32915	
4992	0	32906	
4993	0	33006	
4994	0	32801	
4995	0	32690	
4996	0	32546	
4997	0	32606	
4998	0	32581	
4999	0	32497	
5000	0	32541	
5001	0	32980	
5002	0	33188	
5003	0	33284	
5004	0	33431	
5005	0	33266	
5006	0	33180	
5007	0	32903	
5008	0	32493	
5009	0	31533	
5010	0	30834	
5011	0	31840	
5012	0	32458	
5013	0	32647	
5014	0	33102	
5015	0	33088	
5016	0	33185	
5017	0	32786	
5018	0	31342	
5019	0	31388	
5020	0	32466	
5021	0	33568	
5022	0	34911	
5023	0	35259	
5024	0	35749	
5025	0	36050	
5026	0	36045	
5027	0	35750	
5028	0	33491	
5029	0	32903	
5030	0	32039	
5031	0	30528	
5032	0	28497	
5033	0	26992	
5034	0	27596	
5035	0	28553	
5036	0	30934	
5037	0	32884	
5038	0	33466	
5039	0	33680	
5040	0	34426	
5041	0	34645	
5042	0	34464	
5043	0	34279	
5044	0	33891	
5045	0	33698	
5046	0	33635	
5047	0	33213	
5048	0	33265	
5049	0	33481	
5050	0	33551	
5051	0	33342	
5052	0	32814	
5053	0	31862	
5054	0	31175	
5055	0	31324	
5056	0	32439	
5057	0	33342	
5058	0	33024	
5059	0	33278	
5060	0	34183	
5061	0	34940	
5062	0	34517	
5063	0	32930	
5064	0	30564	
5065	0	28606	
5066	0	28781	
5067	0	29745	
5068	0	33021	
5069	0	36386	
5070	0	36947	
5071	0	35786	
5072	0	33831	
5073	0	32442	
5074	0	31592	
5075	0	30984	
5076	0	32256	
5077	0	33655	
5078	0	34481	
5079	0	34281	
5080	0	33301	
5081	0	31621	
5082	0	31077	
5083	0	31557	
5084	0	32126	
5085	0	32496	
5086	0	32535	
5087	0	32453	
5088	0	32573	
5089	0	32631	
5090	0	32742	
5091	0	32768	
5092	0	32861	
5093	0	33028	
5094	0	33156	
5095	0	33057	
5096	0	33081	
5097	0	32839	
5098	0	32380	
5099	0	31993	
5100	0	32195	
5101	0	32359	
5102	0	32219	
5103	0	32670	
5104	0	33383	
5105	0	33639	
5106	0	34631	
5107	0	34652	
5108	0	33990	
5109	0	33204	
5110	0	32709	
5111	0	32538	
5112	0	32105	
5113	0	32327	
5114	0	32775	
5115	0	32916	
5116	0	32437	
5117	0	32180	
5118	0	31638	
5119	0	31871	
5120	0	32320	
5121	0	32301	
5122	0	32596	
5123	0	32669	
5124	0	33204	
5125	0	33447	
5126	0	33037	
5127	0	32450	
5128	0	32583	
5129	0	32858	
5130	0	33044	
5131	0	32875	
5132	0	32848	
5133	0	32950	
5134	0	32849	
5135	0	32860	
5136	0	32996	
5137	0	33052	
5138	0	33047	
5139	0	33016	
5140	0	32967	
5141	0	32990	
5142	0	33005	
5143	0	33000	
5144	0	32959	
5145	0	32903	
5146	0	32733	
5147	0	32566	
5148	0	32596	
5149	0	32644	
5150	0	32624	
5151	0	32860	
5152	0	33006	
5153	0	33095	
5154	0	33773	
5155	0	33881	
5156	0	33623	
5157	0	33561	
5158	0	32263	
5159	0	30311	
5160	0	28999	
5161	0	28759	
5162	0	29255	
5163	0	30574	
5164	0	33330	
5165	0	35727	
5166	0	36072	
5167	0	35225	
5168	0	34297	
5169	0	33588	
5170	0	33274	
5171	0	33068	
5172	0	33348	
5173	0	33135	
5174	0	32834	
5175	0	32726	
5176	0	32653	
5177	0	32748	
5178	0	33207	
5179	0	33240	
5180	0	32832	
5181	0	32642	
5182	0	32688	
5183	0	32704	
5184	0	32707	
5185	0	33177	
5186	0	33758	
5187	0	33767	
5188	0	33287	
5189	0	32720	
5190	0	31415	
5191	0	29790	
5192	0	29752	
5193	0	31405	
5194	0	32541	
5195	0	33094	
5196	0	33335	
5197	0	33479	
5198	0	33435	
5199	0	33649	
5200	0	33970	
5201	0	33593	
5202	0	32718	
5203	0	31855	
5204	0	31622	
5205	0	31900	
5206	0	32327	
5207	0	32884	
5208	0	32818	
5209	0	32843	
5210	0	33031	
5211	0	33547	
5212	0	33817	
5213	0	33895	
5214	0	34005	
5215	0	33614	
5216	0	33116	
5217	0	32637	
5218	0	32318	
5219	0	32305	
5220	0	32338	
5221	0	32418	
5222	0	32511	
5223	0	32592	
5224	0	32635	
5225	0	32797	
5226	0	32719	
5227	0	32719	
5228	0	32762	
5229	0	33508	
5230	0	33506	
5231	0	32835	
5232	0	32327	
5233	0	32039	
5234	0	31934	
5235	0	31849	
5236	0	32551	
5237	0	32972	
5238	0	33054	
5239	0	33401	
5240	0	34008	
5241	0	34432	
5242	0	34700	
5243	0	33950	
5244	0	32049	
5245	0	30394	
5246	0	30127	
5247	0	30279	
5248	0	31338	
5249	0	32498	
5250	0	33038	
5251	0	33223	
5252	0	33159	
5253	0	33338	
5254	0	33377	
5255	0	33543	
5256	0	33426	
5257	0	33047	
5258	0	32687	
5259	0	32609	
5260	0	32847	
5261	0	33266	
5262	0	33299	
5263	0	33485	
5264	0	33315	
5265	0	32658	
5266	0	32568	
5267	0	32729	
5268	0	32677	
5269	0	32674	
5270	0	32533	
5271	0	32320	
5272	0	32357	
5273	0	32005	
5274	0	32382	
5275	0	32896	
5276	0	33552	
5277	0	33287	
5278	0	33357	
5279	0	33506	
5280	0	33399	
5281	0	33452	
5282	0	33415	
5283	0	32855	
5284	0	32730	
5285	0	32957	
5286	0	32855	
5287	0	32436	
5288	0	31751	
5289	0	31104	
5290	0	31035	
5291	0	31478	
5292	0	32076	
5293	0	32382	
5294	0	32775	
5295	0	33223	
5296	0	33277	
5297	0	33194	
5298	0	33103	
5299	0	33183	
5300	0	33508	
5301	0	33283	
5302	0	33085	
5303	0	32900	
5304	0	32843	
5305	0	32839	
5306	0	33233	
5307	0	33405	
5308	0	33351	
5309	0	33075	
5310	0	32685	
5311	0	32569	
5312	0	32492	
5313	0	32647	
5314	0	32697	
5315	0	32807	
5316	0	32715	
5317	0	32839	
5318	0	32752	
5319	0	32868	
5320	0	33472	
5321	0	33652	
5322	0	33248	
5323	0	32272	
5324	0	31224	
5325	0	31063	
5326	0	31683	
5327	0	32256	
5328	0	32662	
5329	0	32836	
5330	0	32983	
5331	0	33166	
5332	0	33232	
5333	0	33413	
5334	0	33204	
5335	0	32802	
5336	0	32974	
5337	0	33208	
5338	0	32768	
5339	0	32135	
5340	0	32132	
5341	0	31804	
5342	0	32086	
5343	0	33121	
5344	0	33679	
5345	0	33916	
5346	0	34192	
5347	0	33449	
5348	0	32440	
5349	0	32453	
5350	0	32868	
5351	0	33878	
5352	0	34284	
5353	0	33560	
5354	0	32913	
5355	0	32253	
5356	0	31532	
5357	0	30791	
5358	0	31175	
5359	0	32096	
5360	0	32654	
5361	0	32486	
5362	0	32470	
5363	0	32636	
5364	0	32596	
5365	0	32773	
5366	0	32839	
5367	0	32728	
5368	0	32967	
5369	0	33702	
5370	0	33534	
5371	0	33229	
5372	0	33312	
5373	0	33476	
5374	0	33518	
5375	0	33383	
5376	0	32862	
5377	0	31933	
5378	0	31664	
5379	0	32286	
5380	0	32766	
5381	0	32956	
5382	0	32807	
5383	0	32709	
5384	0	32874	
5385	0	32950	
5386	0	32711	
5387	0	32630	
5388	0	32634	
5389	0	32838	
5390	0	32943	
5391	0	32825	
5392	0	32553	
5393	0	32513	
5394	0	32455	
5395	0	32500	
5396	0	32519	
5397	0	33155	
5398	0	34143	
5399	0	34709	
5400	0	34325	
5401	0	33503	
5402	0	32813	
5403	0	31812	
5404	0	30659	
5405	0	30471	
5406	0	31031	
5407	0	32154	
5408	0	32742	
5409	0	33083	
5410	0	33351	
5411	0	33206	
5412	0	33030	
5413	0	32774	
5414	0	32580	
5415	0	32867	
5416	0	33010	
5417	0	33031	
5418	0	32953	
5419	0	33037	
5420	0	33336	
5421	0	33794	
5422	0	33850	
5423	0	33533	
5424	0	32807	
5425	0	31721	
5426	0	30918	
5427	0	31666	
5428	0	32972	
5429	0	33872	
5430	0	33409	
5431	0	32407	
5432	0	32807	
5433	0	33236	
5434	0	32955	
5435	0	32967	
5436	0	33117	
5437	0	32871	
5438	0	32812	
5439	0	32674	
5440	0	32561	
5441	0	32583	
5442	0	32640	
5443	0	32743	
5444	0	32868	
5445	0	32864	
5446	0	32746	
5447	0	32672	
5448	0	32615	
5449	0	32616	
5450	0	32530	
5451	0	32744	
5452	0	32890	
5453	0	33074	
5454	0	33328	
5455	0	33700	
5456	0	33174	
5457	0	32406	
5458	0	31751	
5459	0	31747	
5460	0	32208	
5461	0	33053	
5462	0	33095	
5463	0	32940	
5464	0	32656	
5465	0	31872	
5466	0	32647	
5467	0	33334	
5468	0	33340	
5469	0	32845	
5470	0	32342	
5471	0	31599	
5472	0	31748	
5473	0	32312	
5474	0	32792	
5475	0	33355	
5476	0	33863	
5477	0	34358	
5478	0	34191	
5479	0	33734	
5480	0	32833	
5481	0	31835	
5482	0	30887	
5483	0	31607	
5484	0	33586	
5485	0	34228	
5486	0	34379	
5487	0	33637	
5488	0	31844	
5489	0	31198	
5490	0	31474	
5491	0	32524	
5492	0	32946	
5493	0	32865	
5494	0	32409	
5495	0	31816	
5496	0	32788	
5497	0	33472	
5498	0	33387	
5499	0	33224	
5500	0	33191	
5501	0	33037	
5502	0	32691	
5503	0	32504	
5504	0	32501	
5505	0	32694	
5506	0	32833	
5507	0	33179	
5508	0	33640	
5509	0	33380	
5510	0	32655	
5511	0	31888	
5512	0	31196	
5513	0	30906	
5514	0	31705	
5515	0	33210	
5516	0	34383	
5517	0	34614	
5518	0	35003	
5519	0	34426	
5520	0	33207	
5521	0	32424	
5522	0	32540	
5523	0	32366	
5524	0	31872	
5525	0	32447	
5526	0	32751	
5527	0	32660	
5528	0	32032	
5529	0	32232	
5530	0	32729	
5531	0	32973	
5532	0	32936	
5533	0	32742	
5534	0	32996	
5535	0	32511	
5536	0	31756	
5537	0	32182	
5538	0	32859	
5539	0	32959	
5540	0	33470	
5541	0	33754	
5542	0	33261	
5543	0	33428	
5544	0	33852	
5545	0	33609	
5546	0	34435	
5547	0	33826	
5548	0	32263	
5549	0	30578	
5550	0	29308	
5551	0	28248	
5552	0	30210	
5553	0	33076	
5554	0	33856	
5555	0	33821	
5556	0	33632	
5557	0	33613	
5558	0	33484	
5559	0	33426	
5560	0	33266	
5561	0	33193	
5562	0	33135	
5563	0	33068	
5564	0	33001	
5565	0	32967	
5566	0	32939	
5567	0	32940	
5568	0	32924	
5569	0	32829	
5570	0	32813	
5571	0	32967	
5572	0	32967	
5573	0	32879	
5574	0	32852	
5575	0	32822	
5576	0	32519	
5577	0	32294	
5578	0	32647	
5579	0	32927	
5580	0	32804	
5581	0	32613	
5582	0	33110	
5583	0	33063	
5584	0	32636	
5585	0	32547	
5586	0	32719	
5587	0	32516	
5588	0	32898	
5589	0	33360	
5590	0	33450	
5591	0	32671	
5592	0	32147	
5593	0	32091	
5594	0	31989	
5595	0	31949	
5596	0	32379	
5597	0	33074	
5598	0	33298	
5599	0	33080	
5600	0	33037	
5601	0	33189	
5602	0	33099	
5603	0	33403	
5604	0	33287	
5605	0	32522	
5606	0	31850	
5607	0	31664	
5608	0	31585	
5609	0	32140	
5610	0	32967	
5611	0	33402	
5612	0	33350	
5613	0	33575	
5614	0	33726	
5615	0	34058	
5616	0	33905	
5617	0	33401	
5618	0	33057	
5619	0	33106	
5620	0	32898	
5621	0	32647	
5622	0	32592	
5623	0	32103	
5624	0	31791	
5625	0	31460	
5626	0	31606	
5627	0	32182	
5628	0	32123	
5629	0	31872	
5630	0	32448	
5631	0	33301	
5632	0	33325	
5633	0	33217	
5634	0	33302	
5635	0	33125	
5636	0	32759	
5637	0	32719	
5638	0	32659	
5639	0	32707	
5640	0	32951	
5641	0	33105	
5642	0	32964	
5643	0	32957	
5644	0	32876	
5645	0	32882	
5646	0	33218	
5647	0	33261	
5648	0	32998	
5649	0	32743	
5650	0	32594	
5651	0	32253	
5652	0	32205	
5653	0	32568	
5654	0	32890	
5655	0	33102	
5656	0	33316	
5657	0	33605	
5658	0	33537	
5659	0	32967	
5660	0	32888	
5661	0	33095	
5662	0	32983	
5663	0	32236	
5664	0	30853	
5665	0	30440	
5666	0	31045	
5667	0	32421	
5668	0	34096	
5669	0	34605	
5670	0	33974	
5671	0	32903	
5672	0	32431	
5673	0	32123	
5674	0	32128	
5675	0	32279	
5676	0	32572	
5677	0	32815	
5678	0	33299	
5679	0	32920	
5680	0	32856	
5681	0	32926	
5682	0	33046	
5683	0	33217	
5684	0	33296	
5685	0	33228	
5686	0	33105	
5687	0	32791	
5688	0	32918	
5689	0	34018	
5690	0	33959	
5691	0	33202	
5692	0	32420	
5693	0	31144	
5694	0	30393	
5695	0	31097	
5696	0	32373	
5697	0	33212	
5698	0	33462	
5699	0	33349	
5700	0	33382	
5701	0	33367	
5702	0	33129	
5703	0	32830	
5704	0	32840	
5705	0	32943	
5706	0	32847	
5707	0	32736	
5708	0	32770	
5709	0	32708	
5710	0	32704	
5711	0	32754	
5712	0	32792	
5713	0	32743	
5714	0	32722	
5715	0	32750	
5716	0	32854	
5717	0	32803	
5718	0	32925	
5719	0	32882	
5720	0	32852	
5721	0	32754	
5722	0	32789	
5723	0	32760	
5724	0	32747	
5725	0	32808	
5726	0	32820	
5727	0	32844	
5728	0	32808	
5729	0	32709	
5730	0	32645	
5731	0	32564	
5732	0	32608	
5733	0	32923	
5734	0	33059	
5735	0	32915	
5736	0	32673	
5737	0	32440	
5738	0	31936	
5739	0	32280	
5740	0	32551	
5741	0	32660	
5742	0	32854	
5743	0	33031	
5744	0	33252	
5745	0	33381	
5746	0	33336	
5747	0	32832	
5748	0	32596	
5749	0	32565	
5750	0	32437	
5751	0	32428	
5752	0	32311	
5753	0	32504	
5754	0	32885	
5755	0	33441	
5756	0	33551	
5757	0	33127	
5758	0	32631	
5759	0	32611	
5760	0	33119	
5761	0	33133	
5762	0	33150	
5763	0	33206	
5764	0	32910	
5765	0	32480	
5766	0	32534	
5767	0	32701	
5768	0	32751	
5769	0	33014	
5770	0	32810	
5771	0	32383	
5772	0	32223	
5773	0	32990	
5774	0	34369	
5775	0	34131	
5776	0	32879	
5777	0	31722	
5778	0	30931	
5779	0	30928	
5780	0	32071	
5781	0	32668	
5782	0	32706	
5783	0	32700	
5784	0	32986	
5785	0	33126	
5786	0	33115	
5787	0	32982	
5788	0	32811	
5789	0	32899	
5790	0	33074	
5791	0	33144	
5792	0	33062	
5793	0	32996	
5794	0	32967	
5795	0	33051	
5796	0	32949	
5797	0	32756	
5798	0	32323	
5799	0	32327	
5800	0	32752	
5801	0	32817	
5802	0	32911	
5803	0	33047	
5804	0	33000	
5805	0	32356	
5806	0	31557	
5807	0	31322	
5808	0	32118	
5809	0	33117	
5810	0	33860	
5811	0	33970	
5812	0	33935	
5813	0	33997	
5814	0	33671	
5815	0	33153	
5816	0	33005	
5817	0	32931	
5818	0	32775	
5819	0	32635	
5820	0	32492	
5821	0	32274	
5822	0	32309	
5823	0	32912	
5824	0	33223	
5825	0	32775	
5826	0	31879	
5827	0	31390	
5828	0	31300	
5829	0	32391	
5830	0	33632	
5831	0	34899	
5832	0	34444	
5833	0	33087	
5834	0	32189	
5835	0	31227	
5836	0	31350	
5837	0	32180	
5838	0	33026	
5839	0	33736	
5840	0	34296	
5841	0	34456	
5842	0	33819	
5843	0	32758	
5844	0	30876	
5845	0	30039	
5846	0	30544	
5847	0	31800	
5848	0	32950	
5849	0	33513	
5850	0	33468	
5851	0	33767	
5852	0	33861	
5853	0	33564	
5854	0	33031	
5855	0	32009	
5856	0	31656	
5857	0	32881	
5858	0	33584	
5859	0	33366	
5860	0	32903	
5861	0	32626	
5862	0	32090	
5863	0	32582	
5864	0	32711	
5865	0	31010	
5866	0	30087	
5867	0	31922	
5868	0	33472	
5869	0	34114	
5870	0	34758	
5871	0	34153	
5872	0	33860	
5873	0	33570	
5874	0	33063	
5875	0	32768	
5876	0	32753	
5877	0	32916	
5878	0	33330	
5879	0	33397	
5880	0	33006	
5881	0	32805	
5882	0	32815	
5883	0	32488	
5884	0	32459	
5885	0	32480	
5886	0	32476	
5887	0	32729	
5888	0	33052	
5889	0	33324	
5890	0	32678	
5891	0	31642	
5892	0	30922	
5893	0	31110	
5894	0	31842	
5895	0	32615	
5896	0	33020	
5897	0	33620	
5898	0	34148	
5899	0	33904	
5900	0	33612	
5901	0	33127	
5902	0	32845	
5903	0	32653	
5904	0	32572	
5905	0	32711	
5906	0	32794	
5907	0	32759	
5908	0	32789	
5909	0	32768	
5910	0	32703	
5911	0	32583	
5912	0	32525	
5913	0	32551	
5914	0	32654	
5915	0	32870	
5916	0	32954	
5917	0	32751	
5918	0	32319	
5919	0	32230	
5920	0	32158	
5921	0	32839	
5922	0	33944	
5923	0	34075	
5924	0	33844	
5925	0	34228	
5926	0	33519	
5927	0	32335	
5928	0	32075	
5929	0	31481	
5930	0	29691	
5931	0	30101	
5932	0	32675	
5933	0	34074	
5934	0	34253	
5935	0	33607	
5936	0	33110	
5937	0	32477	
5938	0	32677	
5939	0	33081	
5940	0	33204	
5941	0	33184	
5942	0	33086	
5943	0	32647	
5944	0	32294	
5945	0	32355	
5946	0	32482	
5947	0	32690	
5948	0	33172	
5949	0	33151	
5950	0	33144	
5951	0	33116	
5952	0	32622	
5953	0	32924	
5954	0	32836	
5955	0	32804	
5956	0	32583	
5957	0	32437	
5958	0	32220	
5959	0	31980	
5960	0	32546	
5961	0	32888	
5962	0	33045	
5963	0	33694	
5964	0	33980	
5965	0	33769	
5966	0	33008	
5967	0	32466	
5968	0	32237	
5969	0	32230	
5970	0	32517	
5971	0	32880	
5972	0	32941	
5973	0	32868	
5974	0	32698	
5975	0	32685	
5976	0	32727	
5977	0	32728	
5978	0	32761	
5979	0	32737	
5980	0	32775	
5981	0	32688	
5982	0	32728	
5983	0	32748	
5984	0	32800	
5985	0	32758	
5986	0	32765	
5987	0	32825	
5988	0	32773	
5989	0	32798	
5990	0	32646	
5991	0	32804	
5992	0	33191	
5993	0	33159	
5994	0	33118	
5995	0	32903	
5996	0	32431	
5997	0	32071	
5998	0	33010	
5999	0	33320	
6000	0	33039	
6001	0	32743	
6002	0	33357	
6003	0	33358	
6004	0	33305	
6005	0	32108	
6006	0	30488	
6007	0	30649	
6008	0	32293	
6009	0	32700	
6010	0	32919	
6011	0	33441	
6012	0	33768	
6013	0	34074	
6014	0	33767	
6015	0	33617	
6016	0	33278	
6017	0	32406	
6018	0	32037	
6019	0	31131	
6020	0	30322	
6021	0	31994	
6022	0	33605	
6023	0	33842	
6024	0	33558	
6025	0	33239	
6026	0	33019	
6027	0	32911	
6028	0	32901	
6029	0	33148	
6030	0	33167	
6031	0	32891	
6032	0	32566	
6033	0	32546	
6034	0	32520	
6035	0	32631	
6036	0	33023	
6037	0	33250	
6038	0	33231	
6039	0	33155	
6040	0	33000	
6041	0	32567	
6042	0	32017	
6043	0	32220	
6044	0	32695	
6045	0	32308	
6046	0	32333	
6047	0	32464	
6048	0	32784	
6049	0	33144	
6050	0	33250	
6051	0	32924	
6052	0	32624	
6053	0	33194	
6054	0	33639	
6055	0	33939	
6056	0	35207	
6057	0	37031	
6058	0	35550	
6059	0	32886	
6060	0	30268	
6061	0	27236	
6062	0	25752	
6063	0	28509	
6064	0	32060	
6065	0	35130	
6066	0	37258	
6067	0	35463	
6068	0	31426	
6069	0	30031	
6070	0	29407	
6071	0	30170	
6072	0	33831	
6073	0	37543	
6074	0	37815	
6075	0	35975	
6076	0	34464	
6077	0	33221	
6078	0	32574	
6079	0	32045	
6080	0	31015	
6081	0	29806	
6082	0	29284	
6083	0	30159	
6084	0	32132	
6085	0	34064	
6086	0	34535	
6087	0	33671	
6088	0	32752	
6089	0	32583	
6090	0	33072	
6091	0	33351	
6092	0	33281	
6093	0	34229	
6094	0	34262	
6095	0	33466	
6096	0	34212	
6097	0	33905	
6098	0	33143	
6099	0	32784	
6100	0	32308	
6101	0	32055	
6102	0	32071	
6103	0	32087	
6104	0	32217	
6105	0	32272	
6106	0	32277	
6107	0	32343	
6108	0	32423	
6109	0	32491	
6110	0	32571	
6111	0	32548	
6112	0	32596	
6113	0	32626	
6114	0	32695	
6115	0	32730	
6116	0	32751	
6117	0	32848	
6118	0	32863	
6119	0	32874	
6120	0	32849	
6121	0	32861	
6122	0	32837	
6123	0	32726	
6124	0	32770	
6125	0	32744	
6126	0	32700	
6127	0	32767	
6128	0	32832	
6129	0	32877	
6130	0	32918	
6131	0	32890	
6132	0	32861	
6133	0	32896	
6134	0	32884	
6135	0	32911	
6136	0	32967	
6137	0	32908	
6138	0	32832	
6139	0	32820	
6140	0	32775	
6141	0	32865	
6142	0	32888	
6143	0	32854	
6144	0	32811	
6145	0	32764	
6146	0	32463	
6147	0	32400	
6148	0	32452	
6149	0	32615	
6150	0	32647	
6151	0	32796	
6152	0	32815	
6153	0	32711	
6154	0	32794	
6155	0	32806	
6156	0	32852	
6157	0	32895	
6158	0	33056	
6159	0	33100	
6160	0	33076	
6161	0	33151	
6162	0	33087	
6163	0	32775	
6164	0	32662	
6165	0	32391	
6166	0	32105	
6167	0	32737	
6168	0	33124	
6169	0	33409	
6170	0	33066	
6171	0	31611	
6172	0	31099	
6173	0	32092	
6174	0	32967	
6175	0	33516	
6176	0	33899	
6177	0	33940	
6178	0	33644	
6179	0	33159	
6180	0	32606	
6181	0	32547	
6182	0	32576	
6183	0	31993	
6184	0	31751	
6185	0	32080	
6186	0	31749	
6187	0	32881	
6188	0	33349	
6189	0	33248	
6190	0	32980	
6191	0	32747	
6192	0	32659	
6193	0	32845	
6194	0	33242	
6195	0	32944	
6196	0	33220	
6197	0	33349	
6198	0	33061	
6199	0	32794	
6200	0	33063	
6201	0	32637	
6202	0	32526	
6203	0	32606	
6204	0	32878	
6205	0	33138	
6206	0	33151	
6207	0	33554	
6208	0	33538	
6209	0	32382	
6210	0	31815	
6211	0	31919	
6212	0	32489	
6213	0	33437	
6214	0	34311	
6215	0	34091	
6216	0	32653	
6217	0	31234	
6218	0	31199	
6219	0	32135	
6220	0	31903	
6221	0	31792	
6222	0	31390	
6223	0	31105	
6224	0	31772	
6225	0	32717	
6226	0	34354	
6227	0	35475	
6228	0	34770	
6229	0	33072	
6230	0	31990	
6231	0	31405	
6232	0	31719	
6233	0	34002	
6234	0	34951	
6235	0	34311	
6236	0	33500	
6237	0	33397	
6238	0	32592	
6239	0	31869	
6240	0	31674	
6241	0	31747	
6242	0	31519	
6243	0	32034	
6244	0	32839	
6245	0	33558	
6246	0	33399	
6247	0	33374	
6248	0	33412	
6249	0	33587	
6250	0	33820	
6251	0	32809	
6252	0	31518	
6253	0	31239	
6254	0	33223	
6255	0	34591	
6256	0	34367	
6257	0	32361	
6258	0	31494	
6259	0	31046	
6260	0	31949	
6261	0	33238	
6262	0	32839	
6263	0	31851	
6264	0	31765	
6265	0	33253	
6266	0	33764	
6267	0	33247	
6268	0	32713	
6269	0	32112	
6270	0	30909	
6271	0	31646	
6272	0	33257	
6273	0	34150	
6274	0	34656	
6275	0	34155	
6276	0	32922	
6277	0	31892	
6278	0	32391	
6279	0	32995	
6280	0	33629	
6281	0	33974	
6282	0	33415	
6283	0	32524	
6284	0	31854	
6285	0	31985	
6286	0	32301	
6287	0	32775	
6288	0	33239	
6289	0	33594	
6290	0	34023	
6291	0	34469	
6292	0	33798	
6293	0	32351	
6294	0	31092	
6295	0	30213	
6296	0	30166	
6297	0	31550	
6298	0	32888	
6299	0	33921	
6300	0	33393	
6301	0	31552	
6302	0	31536	
6303	0	32814	
6304	0	34436	
6305	0	34901	
6306	0	34293	
6307	0	33029	
6308	0	31834	
6309	0	30556	
6310	0	30964	
6311	0	32735	
6312	0	33837	
6313	0	33697	
6314	0	33543	
6315	0	34375	
6316	0	35147	
6317	0	33976	
6318	0	31913	
6319	0	30906	
6320	0	30929	
6321	0	32391	
6322	0	33588	
6323	0	33819	
6324	0	33095	
6325	0	32342	
6326	0	32135	
6327	0	31914	
6328	0	32296	
6329	0	33413	
6330	0	33444	
6331	0	32844	
6332	0	32416	
6333	0	32022	
6334	0	31913	
6335	0	32751	
6336	0	33277	
6337	0	32959	
6338	0	33133	
6339	0	32704	
6340	0	32578	
6341	0	33149	
6342	0	33315	
6343	0	33735	
6344	0	33986	
6345	0	33789	
6346	0	33429	
6347	0	32757	
6348	0	31906	
6349	0	31397	
6350	0	30969	
6351	0	31298	
6352	0	32113	
6353	0	32334	
6354	0	32832	
6355	0	32935	
6356	0	32956	
6357	0	32664	
6358	0	32557	
6359	0	32735	
6360	0	32933	
6361	0	33895	
6362	0	33844	
6363	0	33337	
6364	0	33159	
6365	0	32925	
6366	0	33200	
6367	0	33470	
6368	0	33543	
6369	0	33140	
6370	0	33386	
6371	0	33055	
6372	0	32828	
6373	0	33432	
6374	0	33342	
6375	0	31884	
6376	0	30900	
6377	0	30750	
6378	0	31972	
6379	0	34676	
6380	0	35366	
6381	0	33210	
6382	0	30766	
6383	0	31012	
6384	0	31404	
6385	0	32380	
6386	0	32583	
6387	0	31851	
6388	0	31787	
6389	0	32322	
6390	0	33355	
6391	0	33292	
6392	0	33045	
6393	0	32940	
6394	0	32957	
6395	0	32972	
6396	0	33402	
6397	0	33788	
6398	0	33240	
6399	0	33503	
6400	0	34020	
6401	0	33907	
6402	0	33122	
6403	0	32594	
6404	0	32582	
6405	0	32821	
6406	0	33058	
6407	0	32092	
6408	0	30652	
6409	0	30565	
6410	0	32090	
6411	0	33124	
6412	0	33383	
6413	0	32809	
6414	0	32690	
6415	0	32938	
6416	0	33782	
6417	0	35830	
6418	0	37200	
6419	0	34503	
6420	0	29286	
6421	0	26775	
6422	0	27214	
6423	0	29632	
6424	0	35292	
6425	0	38412	
6426	0	35672	
6427	0	34320	
6428	0	33897	
6429	0	32976	
6430	0	31799	
6431	0	31074	
6432	0	31348	
6433	0	32146	
6434	0	32572	
6435	0	32701	
6436	0	32702	
6437	0	32620	
6438	0	33275	
6439	0	33562	
6440	0	33446	
6441	0	33444	
6442	0	33439	
6443	0	33300	
6444	0	33322	
6445	0	33338	
6446	0	32668	
6447	0	31500	
6448	0	31479	
6449	0	31838	
