# OpenSignals Text File Format
# {"00:07:80:FC:57:23": {"sensor": ["EMG"], "device name": "00:07:80:FC:57:23", "column": ["nSeq", "DI", "flexor_fingers"], "sync interval": 2, "time": "12:58:27.975", "comments": "", "device connection": "BTH00:07:80:FC:57:23", "channels": [5], "keywords": "", "convertedValues": 0, "digital IO": [0, 1], "mode": 0, "date": "2018-7-9", "firmware version": 773, "device": "biosignalsplux", "position": 0, "sampling rate": 1000, "label": ["flexor_fingers"], "resolution": [16], "forcePlatform values": [0.0, 0.0, 0.0, 0.0, 0.0, 0.0, 0.0, 0.0], "special": [{}]}}
# EndOfHeader
0	0	32807	
1	0	32754	
2	0	32807	
3	0	32839	
4	0	32690	
5	0	32726	
6	0	32710	
7	0	32762	
8	0	32821	
9	0	32832	
10	0	32696	
11	0	32678	
12	0	32775	
13	0	32762	
14	0	32705	
15	0	32749	
16	0	32786	
17	0	32727	
18	0	32666	
19	0	32715	
20	0	32793	
21	0	32683	
22	0	32682	
23	0	32767	
24	0	32768	
25	0	32753	
26	0	32827	
27	0	32786	
28	0	32724	
29	0	32821	
30	0	32775	
31	0	32680	
32	0	32663	
33	0	32647	
34	0	32743	
35	0	32797	
36	0	32870	
37	0	32669	
38	0	32706	
39	0	32837	
40	0	32743	
41	0	32794	
42	0	32711	
43	0	32711	
44	0	32764	
45	0	32730	
46	0	32663	
47	0	32734	
48	0	32805	
49	0	32885	
50	0	32771	
51	0	32741	
52	0	32817	
53	0	32759	
54	0	32799	
55	0	32791	
56	0	32785	
57	0	32702	
58	0	32621	
59	0	32743	
60	0	32935	
61	0	32806	
62	0	32803	
63	0	32751	
64	0	32682	
65	0	32698	
66	0	32711	
67	0	32621	
68	0	32700	
69	0	32706	
70	0	32775	
71	0	32804	
72	0	32796	
73	0	32740	
74	0	32722	
75	0	32694	
76	0	32655	
77	0	32612	
78	0	32658	
79	0	32796	
80	0	32867	
81	0	32734	
82	0	32641	
83	0	32768	
84	0	32879	
85	0	32775	
86	0	32670	
87	0	32785	
88	0	32855	
89	0	32799	
90	0	32887	
91	0	32846	
92	0	32799	
93	0	32796	
94	0	32750	
95	0	32721	
96	0	32674	
97	0	32688	
98	0	32688	
99	0	32581	
100	0	32630	
101	0	32775	
102	0	32922	
103	0	32877	
104	0	32869	
105	0	32874	
106	0	32841	
107	0	32701	
108	0	32612	
109	0	32674	
110	0	32735	
111	0	32714	
112	0	32647	
113	0	32749	
114	0	32788	
115	0	32782	
116	0	32772	
117	0	32736	
118	0	32752	
119	0	32719	
120	0	32687	
121	0	32714	
122	0	32751	
123	0	32735	
124	0	32730	
125	0	32809	
126	0	32722	
127	0	32678	
128	0	32729	
129	0	32743	
130	0	32663	
131	0	32646	
132	0	32698	
133	0	32803	
134	0	32825	
135	0	32839	
136	0	32775	
137	0	32784	
138	0	32762	
139	0	32758	
140	0	32697	
141	0	32743	
142	0	32687	
143	0	32623	
144	0	32828	
145	0	32822	
146	0	32813	
147	0	32825	
148	0	32748	
149	0	32752	
150	0	32684	
151	0	32647	
152	0	32674	
153	0	32787	
154	0	32719	
155	0	32733	
156	0	32748	
157	0	32775	
158	0	32820	
159	0	32803	
160	0	32735	
161	0	32700	
162	0	32732	
163	0	32689	
164	0	32754	
165	0	32836	
166	0	32836	
167	0	32742	
168	0	32784	
169	0	32788	
170	0	32765	
171	0	32812	
172	0	32711	
173	0	32634	
174	0	32634	
175	0	32697	
176	0	32848	
177	0	32839	
178	0	32771	
179	0	32684	
180	0	32719	
181	0	32786	
182	0	32674	
183	0	32694	
184	0	32742	
185	0	32839	
186	0	32768	
187	0	32737	
188	0	32747	
189	0	32775	
190	0	32706	
191	0	32678	
192	0	32733	
193	0	32812	
194	0	32837	
195	0	32774	
196	0	32784	
197	0	32706	
198	0	32761	
199	0	32869	
200	0	32876	
201	0	32799	
202	0	32735	
203	0	32738	
204	0	32733	
205	0	32630	
206	0	32719	
207	0	32816	
208	0	32788	
209	0	32711	
210	0	32775	
211	0	32733	
212	0	32633	
213	0	32641	
214	0	32867	
215	0	32946	
216	0	32838	
217	0	32732	
218	0	32602	
219	0	32612	
220	0	32718	
221	0	32687	
222	0	32704	
223	0	32785	
224	0	32914	
225	0	32782	
226	0	32728	
227	0	32671	
228	0	32699	
229	0	32754	
230	0	32647	
231	0	32811	
232	0	32830	
233	0	32724	
234	0	32848	
235	0	32932	
236	0	32751	
237	0	32764	
238	0	32784	
239	0	32740	
240	0	32790	
241	0	32656	
242	0	32674	
243	0	32642	
244	0	32730	
245	0	32806	
246	0	32806	
247	0	32734	
248	0	32751	
249	0	32710	
250	0	32735	
251	0	32633	
252	0	32647	
253	0	32678	
254	0	32775	
255	0	32773	
256	0	32833	
257	0	32815	
258	0	32774	
259	0	32745	
260	0	32772	
261	0	32775	
262	0	32807	
263	0	32804	
264	0	32745	
265	0	32717	
266	0	32842	
267	0	32766	
268	0	32684	
269	0	32759	
270	0	32723	
271	0	32722	
272	0	32684	
273	0	32751	
274	0	32711	
275	0	32758	
276	0	32733	
277	0	32730	
278	0	32639	
279	0	32672	
280	0	32773	
281	0	32717	
282	0	32662	
283	0	32775	
284	0	32868	
285	0	32715	
286	0	32695	
287	0	32761	
288	0	32759	
289	0	32716	
290	0	32745	
291	0	32795	
292	0	32751	
293	0	32682	
294	0	32775	
295	0	32867	
296	0	32807	
297	0	32786	
298	0	32775	
299	0	32775	
300	0	32794	
301	0	32772	
302	0	32775	
303	0	32736	
304	0	32663	
305	0	32702	
306	0	32830	
307	0	32772	
308	0	32802	
309	0	32834	
310	0	32726	
311	0	32697	
312	0	32725	
313	0	32713	
314	0	32738	
315	0	32775	
316	0	32742	
317	0	32647	
318	0	32678	
319	0	32763	
320	0	32792	
321	0	32825	
322	0	32858	
323	0	32800	
324	0	32822	
325	0	32722	
326	0	32727	
327	0	32736	
328	0	32672	
329	0	32671	
330	0	32735	
331	0	33015	
332	0	32960	
333	0	32868	
334	0	32729	
335	0	32673	
336	0	32704	
337	0	32679	
338	0	32693	
339	0	32731	
340	0	32726	
341	0	32723	
342	0	32767	
343	0	32787	
344	0	32804	
345	0	32753	
346	0	32679	
347	0	32700	
348	0	32692	
349	0	32739	
350	0	32759	
351	0	32743	
352	0	32803	
353	0	32784	
354	0	32711	
355	0	32702	
356	0	32759	
357	0	32812	
358	0	32770	
359	0	32815	
360	0	32815	
361	0	32770	
362	0	32759	
363	0	32724	
364	0	32692	
365	0	32733	
366	0	32705	
367	0	32676	
368	0	32711	
369	0	32762	
370	0	32807	
371	0	32732	
372	0	32756	
373	0	32889	
374	0	32870	
375	0	32775	
376	0	32726	
377	0	32732	
378	0	32735	
379	0	32725	
380	0	32676	
381	0	32740	
382	0	32732	
383	0	32674	
384	0	32687	
385	0	32671	
386	0	32766	
387	0	32876	
388	0	32863	
389	0	32789	
390	0	32644	
391	0	32711	
392	0	32721	
393	0	32796	
394	0	32759	
395	0	32732	
396	0	32793	
397	0	32801	
398	0	32775	
399	0	32697	
400	0	32758	
401	0	32719	
402	0	32719	
403	0	32770	
404	0	32807	
405	0	32688	
406	0	32629	
407	0	32745	
408	0	32838	
409	0	32869	
410	0	32814	
411	0	32745	
412	0	32623	
413	0	32647	
414	0	32668	
415	0	32745	
416	0	32839	
417	0	32806	
418	0	32662	
419	0	32743	
420	0	32805	
421	0	32757	
422	0	32743	
423	0	32708	
424	0	32809	
425	0	32763	
426	0	32739	
427	0	32724	
428	0	32699	
429	0	32791	
430	0	32884	
431	0	32775	
432	0	32775	
433	0	32694	
434	0	32711	
435	0	32711	
436	0	32745	
437	0	32745	
438	0	32737	
439	0	32744	
440	0	32800	
441	0	32799	
442	0	32883	
443	0	32784	
444	0	32693	
445	0	32737	
446	0	32849	
447	0	32823	
448	0	32724	
449	0	32690	
450	0	32665	
451	0	32615	
452	0	32753	
453	0	32888	
454	0	32812	
455	0	32791	
456	0	32643	
457	0	32673	
458	0	32711	
459	0	32751	
460	0	32791	
461	0	32762	
462	0	32823	
463	0	32804	
464	0	32822	
465	0	32745	
466	0	32784	
467	0	32736	
468	0	32752	
469	0	32701	
470	0	32672	
471	0	32676	
472	0	32759	
473	0	32733	
474	0	32738	
475	0	32775	
476	0	32749	
477	0	32759	
478	0	32732	
479	0	32688	
480	0	32637	
481	0	32805	
482	0	32737	
483	0	32723	
484	0	32771	
485	0	32748	
486	0	32839	
487	0	32790	
488	0	32621	
489	0	32711	
490	0	32826	
491	0	32791	
492	0	32775	
493	0	32815	
494	0	32738	
495	0	32755	
496	0	32748	
497	0	32662	
498	0	32671	
499	0	32804	
500	0	32864	
501	0	32791	
502	0	32774	
503	0	32716	
504	0	32728	
505	0	32743	
506	0	32622	
507	0	32722	
508	0	32755	
509	0	32730	
510	0	32720	
511	0	32719	
512	0	32827	
513	0	32731	
514	0	32567	
515	0	32699	
516	0	32940	
517	0	32933	
518	0	32865	
519	0	32788	
520	0	32765	
521	0	32740	
522	0	32727	
523	0	32738	
524	0	32679	
525	0	32852	
526	0	32831	
527	0	32812	
528	0	32742	
529	0	32710	
530	0	32675	
531	0	32726	
532	0	32731	
533	0	32819	
534	0	32743	
535	0	32735	
536	0	32707	
537	0	32742	
538	0	32775	
539	0	32715	
540	0	32695	
541	0	32736	
542	0	32775	
543	0	32790	
544	0	32775	
545	0	32762	
546	0	32734	
547	0	32775	
548	0	32751	
549	0	32663	
550	0	32688	
551	0	32744	
552	0	32770	
553	0	32657	
554	0	32662	
555	0	32726	
556	0	32595	
557	0	32510	
558	0	33005	
559	0	33041	
560	0	32879	
561	0	32811	
562	0	32764	
563	0	32716	
564	0	32764	
565	0	32703	
566	0	32751	
567	0	32769	
568	0	32731	
569	0	32652	
570	0	32738	
571	0	32813	
572	0	32764	
573	0	32743	
574	0	32733	
575	0	32749	
576	0	32708	
577	0	32775	
578	0	32816	
579	0	32742	
580	0	32743	
581	0	32728	
582	0	32910	
583	0	32866	
584	0	32685	
585	0	32635	
586	0	32658	
587	0	32676	
588	0	32692	
589	0	32791	
590	0	32739	
591	0	32786	
592	0	32698	
593	0	32711	
594	0	32823	
595	0	32711	
596	0	32799	
597	0	32730	
598	0	32732	
599	0	32720	
600	0	32727	
601	0	32775	
602	0	32762	
603	0	32711	
604	0	32672	
605	0	32722	
606	0	32731	
607	0	32592	
608	0	32642	
609	0	32930	
610	0	32896	
611	0	32743	
612	0	32720	
613	0	32886	
614	0	32972	
615	0	32808	
616	0	32745	
617	0	32775	
618	0	32743	
619	0	32647	
620	0	32621	
621	0	32607	
622	0	32640	
623	0	32745	
624	0	32749	
625	0	32714	
626	0	32820	
627	0	32798	
628	0	32722	
629	0	32634	
630	0	32732	
631	0	32885	
632	0	32805	
633	0	32813	
634	0	32813	
635	0	32759	
636	0	32759	
637	0	32711	
638	0	32716	
639	0	32799	
640	0	32775	
641	0	32749	
642	0	32759	
643	0	32719	
644	0	32710	
645	0	32775	
646	0	32726	
647	0	32720	
648	0	32711	
649	0	32752	
650	0	32786	
651	0	32775	
652	0	32709	
653	0	32756	
654	0	32775	
655	0	32740	
656	0	32750	
657	0	32757	
658	0	32774	
659	0	32739	
660	0	32696	
661	0	32786	
662	0	32746	
663	0	32684	
664	0	32634	
665	0	32723	
666	0	32783	
667	0	32775	
668	0	32912	
669	0	32873	
670	0	32653	
671	0	32666	
672	0	32848	
673	0	32806	
674	0	32676	
675	0	32672	
676	0	32830	
677	0	32794	
678	0	32775	
679	0	32705	
680	0	32755	
681	0	32796	
682	0	32775	
683	0	32740	
684	0	32756	
685	0	32744	
686	0	32733	
687	0	32706	
688	0	32662	
689	0	32605	
690	0	32734	
691	0	32726	
692	0	32821	
693	0	32711	
694	0	32653	
695	0	32694	
696	0	32788	
697	0	32775	
698	0	32775	
699	0	32812	
700	0	32880	
701	0	32876	
702	0	32806	
703	0	32791	
704	0	32767	
705	0	32693	
706	0	32666	
707	0	32685	
708	0	32733	
709	0	32591	
710	0	32685	
711	0	32927	
712	0	32927	
713	0	32871	
714	0	32801	
715	0	32786	
716	0	32789	
717	0	32775	
718	0	32695	
719	0	32507	
720	0	32610	
721	0	32752	
722	0	32894	
723	0	32817	
724	0	32694	
725	0	32713	
726	0	32670	
727	0	32775	
728	0	32733	
729	0	32645	
730	0	32749	
731	0	32753	
732	0	32762	
733	0	32749	
734	0	32711	
735	0	32770	
736	0	32668	
737	0	32673	
738	0	32802	
739	0	32935	
740	0	32849	
741	0	32762	
742	0	32783	
743	0	32803	
744	0	32754	
745	0	32677	
746	0	32658	
747	0	32679	
748	0	32743	
749	0	32795	
750	0	32775	
751	0	32787	
752	0	32797	
753	0	32790	
754	0	32819	
755	0	32743	
756	0	32645	
757	0	32788	
758	0	32813	
759	0	32769	
760	0	32696	
761	0	32705	
762	0	32861	
763	0	32808	
764	0	32787	
765	0	32741	
766	0	32839	
767	0	32724	
768	0	32710	
769	0	32655	
770	0	32660	
771	0	32708	
772	0	32774	
773	0	32786	
774	0	32756	
775	0	32752	
776	0	32661	
777	0	32614	
778	0	32725	
779	0	32757	
780	0	32756	
781	0	32861	
782	0	32786	
783	0	32793	
784	0	32711	
785	0	32793	
786	0	32830	
787	0	32711	
788	0	32658	
789	0	32681	
790	0	32775	
791	0	32807	
792	0	32738	
793	0	32697	
794	0	32735	
795	0	32805	
796	0	32775	
797	0	32838	
798	0	32856	
799	0	32792	
800	0	32723	
801	0	32828	
802	0	32769	
803	0	32679	
804	0	32831	
805	0	32815	
806	0	32763	
807	0	32647	
808	0	32679	
809	0	32672	
810	0	32667	
811	0	32695	
812	0	32791	
813	0	32749	
814	0	32791	
815	0	32763	
816	0	32804	
817	0	32754	
818	0	32682	
819	0	32573	
820	0	32607	
821	0	32758	
822	0	32898	
823	0	32884	
824	0	32815	
825	0	32881	
826	0	32784	
827	0	32775	
828	0	32743	
829	0	32668	
830	0	32722	
831	0	32704	
832	0	32695	
833	0	32675	
834	0	32759	
835	0	32760	
836	0	32754	
837	0	32792	
838	0	32740	
839	0	32697	
840	0	32678	
841	0	32753	
842	0	32810	
843	0	32745	
844	0	32760	
845	0	32768	
846	0	32748	
847	0	32698	
848	0	32775	
849	0	32855	
850	0	32865	
851	0	32854	
852	0	32828	
853	0	32669	
854	0	32690	
855	0	32740	
856	0	32730	
857	0	32736	
858	0	32685	
859	0	32723	
860	0	32666	
861	0	32751	
862	0	32775	
863	0	32802	
864	0	32711	
865	0	32688	
866	0	32735	
867	0	32784	
868	0	32871	
869	0	32735	
870	0	32759	
871	0	32746	
872	0	32706	
873	0	32763	
874	0	32753	
875	0	32660	
876	0	32529	
877	0	32703	
878	0	32860	
879	0	32828	
880	0	32833	
881	0	32761	
882	0	32706	
883	0	32717	
884	0	32735	
885	0	32721	
886	0	32677	
887	0	32775	
888	0	32691	
889	0	32691	
890	0	32736	
891	0	32747	
892	0	32741	
893	0	32775	
894	0	32875	
895	0	32882	
896	0	32833	
897	0	32723	
898	0	32617	
899	0	32694	
900	0	32773	
901	0	32799	
902	0	32771	
903	0	32765	
904	0	32763	
905	0	32775	
906	0	32811	
907	0	32847	
908	0	32678	
909	0	32592	
910	0	32730	
911	0	32787	
912	0	32767	
913	0	32775	
914	0	32676	
915	0	32647	
916	0	32697	
917	0	32768	
918	0	32717	
919	0	32728	
920	0	32775	
921	0	32902	
922	0	32885	
923	0	32727	
924	0	32719	
925	0	32926	
926	0	32864	
927	0	32718	
928	0	32711	
929	0	32797	
930	0	32756	
931	0	32673	
932	0	32670	
933	0	32711	
934	0	32775	
935	0	32673	
936	0	32706	
937	0	32743	
938	0	32711	
939	0	32754	
940	0	32807	
941	0	32722	
942	0	32789	
943	0	32800	
944	0	32735	
945	0	32711	
946	0	32765	
947	0	32743	
948	0	32703	
949	0	32763	
950	0	32645	
951	0	32714	
952	0	32676	
953	0	32731	
954	0	32739	
955	0	32845	
956	0	32862	
957	0	32798	
958	0	32797	
959	0	32764	
960	0	32756	
961	0	32730	
962	0	32661	
963	0	32681	
964	0	32796	
965	0	32728	
966	0	32673	
967	0	32815	
968	0	32967	
969	0	32808	
970	0	32635	
971	0	32714	
972	0	32791	
973	0	32804	
974	0	32743	
975	0	32811	
976	0	32829	
977	0	32765	
978	0	32700	
979	0	32740	
980	0	32718	
981	0	32771	
982	0	32684	
983	0	32655	
984	0	32728	
985	0	32695	
986	0	32711	
987	0	32770	
988	0	32603	
989	0	32775	
990	0	32941	
991	0	32926	
992	0	32838	
993	0	32815	
994	0	32765	
995	0	32711	
996	0	32711	
997	0	32706	
998	0	32690	
999	0	32704	
1000	0	32746	
1001	0	32774	
1002	0	32799	
1003	0	32717	
1004	0	32685	
1005	0	32706	
1006	0	32711	
1007	0	32811	
1008	0	32935	
1009	0	32847	
1010	0	32727	
1011	0	32688	
1012	0	32775	
1013	0	32758	
1014	0	32812	
1015	0	32754	
1016	0	32690	
1017	0	32704	
1018	0	32702	
1019	0	32695	
1020	0	32747	
1021	0	32730	
1022	0	32750	
1023	0	32775	
1024	0	32784	
1025	0	32802	
1026	0	32842	
1027	0	32787	
1028	0	32708	
1029	0	32645	
1030	0	32678	
1031	0	32788	
1032	0	32788	
1033	0	32804	
1034	0	32714	
1035	0	32774	
1036	0	32743	
1037	0	32674	
1038	0	32644	
1039	0	32674	
1040	0	32727	
1041	0	32722	
1042	0	32756	
1043	0	32694	
1044	0	32754	
1045	0	32799	
1046	0	32848	
1047	0	32826	
1048	0	32809	
1049	0	32791	
1050	0	32791	
1051	0	32791	
1052	0	32717	
1053	0	32506	
1054	0	32420	
1055	0	32711	
1056	0	32921	
1057	0	32959	
1058	0	32870	
1059	0	32775	
1060	0	32741	
1061	0	32711	
1062	0	32690	
1063	0	32772	
1064	0	32758	
1065	0	32807	
1066	0	32749	
1067	0	32727	
1068	0	32838	
1069	0	32848	
1070	0	32811	
1071	0	32692	
1072	0	32701	
1073	0	32698	
1074	0	32728	
1075	0	32740	
1076	0	32710	
1077	0	32645	
1078	0	32663	
1079	0	32775	
1080	0	32793	
1081	0	32706	
1082	0	32623	
1083	0	32781	
1084	0	32809	
1085	0	32819	
1086	0	32787	
1087	0	32766	
1088	0	32767	
1089	0	32752	
1090	0	32752	
1091	0	32711	
1092	0	32738	
1093	0	32745	
1094	0	32739	
1095	0	32705	
1096	0	32729	
1097	0	32806	
1098	0	32871	
1099	0	32806	
1100	0	32647	
1101	0	32642	
1102	0	32707	
1103	0	32826	
1104	0	32923	
1105	0	32827	
1106	0	32820	
1107	0	32722	
1108	0	32746	
1109	0	32783	
1110	0	32723	
1111	0	32676	
1112	0	32723	
1113	0	32808	
1114	0	32749	
1115	0	32751	
1116	0	32821	
1117	0	32680	
1118	0	32710	
1119	0	32751	
1120	0	32737	
1121	0	32676	
1122	0	32745	
1123	0	32803	
1124	0	32663	
1125	0	32682	
1126	0	32748	
1127	0	32807	
1128	0	32751	
1129	0	32716	
1130	0	32804	
1131	0	32818	
1132	0	32743	
1133	0	32694	
1134	0	32717	
1135	0	32771	
1136	0	32762	
1137	0	32758	
1138	0	32729	
1139	0	32710	
1140	0	32741	
1141	0	32820	
1142	0	32772	
1143	0	32775	
1144	0	32911	
1145	0	32839	
1146	0	32790	
1147	0	32595	
1148	0	32646	
1149	0	32870	
1150	0	32839	
1151	0	32861	
1152	0	32858	
1153	0	32740	
1154	0	32657	
1155	0	32632	
1156	0	32742	
1157	0	32837	
1158	0	32775	
1159	0	32706	
1160	0	32648	
1161	0	32729	
1162	0	32753	
1163	0	32732	
1164	0	32642	
1165	0	32743	
1166	0	32634	
1167	0	32647	
1168	0	32875	
1169	0	32868	
1170	0	32839	
1171	0	32775	
1172	0	32796	
1173	0	32740	
1174	0	32700	
1175	0	32615	
1176	0	32647	
1177	0	32719	
1178	0	32785	
1179	0	32791	
1180	0	32762	
1181	0	32815	
1182	0	32759	
1183	0	32775	
1184	0	32751	
1185	0	32673	
1186	0	32647	
1187	0	32830	
1188	0	32790	
1189	0	32684	
1190	0	32679	
1191	0	32667	
1192	0	32751	
1193	0	32775	
1194	0	32774	
1195	0	32821	
1196	0	32800	
1197	0	32826	
1198	0	32854	
1199	0	32850	
1200	0	32700	
1201	0	32788	
1202	0	32794	
1203	0	32788	
1204	0	32711	
1205	0	32676	
1206	0	32709	
1207	0	32682	
1208	0	32774	
1209	0	32685	
1210	0	32753	
1211	0	32901	
1212	0	32801	
1213	0	32836	
1214	0	32802	
1215	0	32675	
1216	0	32732	
1217	0	32602	
1218	0	32627	
1219	0	32706	
1220	0	32895	
1221	0	32885	
1222	0	32672	
1223	0	32629	
1224	0	32752	
1225	0	32775	
1226	0	32775	
1227	0	32717	
1228	0	32754	
1229	0	32788	
1230	0	32770	
1231	0	32609	
1232	0	32709	
1233	0	32705	
1234	0	32773	
1235	0	32933	
1236	0	32838	
1237	0	32752	
1238	0	32730	
1239	0	32775	
1240	0	32789	
1241	0	32756	
1242	0	32753	
1243	0	32797	
1244	0	32818	
1245	0	32711	
1246	0	32868	
1247	0	32854	
1248	0	32753	
1249	0	32809	
1250	0	32798	
1251	0	32740	
1252	0	32706	
1253	0	32605	
1254	0	32608	
1255	0	32845	
1256	0	32831	
1257	0	32711	
1258	0	32687	
1259	0	32793	
1260	0	32739	
1261	0	32679	
1262	0	32697	
1263	0	32763	
1264	0	32754	
1265	0	32786	
1266	0	32719	
1267	0	32632	
1268	0	32622	
1269	0	32603	
1270	0	32693	
1271	0	32711	
1272	0	32832	
1273	0	32958	
1274	0	32849	
1275	0	32710	
1276	0	32807	
1277	0	32685	
1278	0	32751	
1279	0	32692	
1280	0	32701	
1281	0	32647	
1282	0	32591	
1283	0	32901	
1284	0	32963	
1285	0	32842	
1286	0	32826	
1287	0	32745	
1288	0	32676	
1289	0	32738	
1290	0	32748	
1291	0	32705	
1292	0	32711	
1293	0	32815	
1294	0	32870	
1295	0	32855	
1296	0	32726	
1297	0	32598	
1298	0	32700	
1299	0	32775	
1300	0	32775	
1301	0	32759	
1302	0	32794	
1303	0	32759	
1304	0	32690	
1305	0	32656	
1306	0	32704	
1307	0	32799	
1308	0	32839	
1309	0	32818	
1310	0	32870	
1311	0	32747	
1312	0	32620	
1313	0	32678	
1314	0	32769	
1315	0	32792	
1316	0	32727	
1317	0	32775	
1318	0	32692	
1319	0	32720	
1320	0	32853	
1321	0	32909	
1322	0	32821	
1323	0	32609	
1324	0	32564	
1325	0	32822	
1326	0	32949	
1327	0	32809	
1328	0	32722	
1329	0	32725	
1330	0	32588	
1331	0	32760	
1332	0	32867	
1333	0	32877	
1334	0	32713	
1335	0	32647	
1336	0	32673	
1337	0	32642	
1338	0	32647	
1339	0	32795	
1340	0	32832	
1341	0	32720	
1342	0	32663	
1343	0	32686	
1344	0	32848	
1345	0	32893	
1346	0	32693	
1347	0	32770	
1348	0	32931	
1349	0	32913	
1350	0	32807	
1351	0	32823	
1352	0	32728	
1353	0	32647	
1354	0	32700	
1355	0	32660	
1356	0	32598	
1357	0	32807	
1358	0	32859	
1359	0	32655	
1360	0	32690	
1361	0	32620	
1362	0	32719	
1363	0	32717	
1364	0	32720	
1365	0	32699	
1366	0	32847	
1367	0	32908	
1368	0	32845	
1369	0	32675	
1370	0	32681	
1371	0	32765	
1372	0	32683	
1373	0	32675	
1374	0	32772	
1375	0	32748	
1376	0	32932	
1377	0	32837	
1378	0	32695	
1379	0	32717	
1380	0	32736	
1381	0	32560	
1382	0	32615	
1383	0	32726	
1384	0	32850	
1385	0	32867	
1386	0	32716	
1387	0	32676	
1388	0	32744	
1389	0	32807	
1390	0	32860	
1391	0	32765	
1392	0	32796	
1393	0	32817	
1394	0	32754	
1395	0	32643	
1396	0	32693	
1397	0	32740	
1398	0	32704	
1399	0	32775	
1400	0	32736	
1401	0	32716	
1402	0	32754	
1403	0	32935	
1404	0	32796	
1405	0	32719	
1406	0	32784	
1407	0	32744	
1408	0	32694	
1409	0	32734	
1410	0	32758	
1411	0	32834	
1412	0	32804	
1413	0	32745	
1414	0	32735	
1415	0	32723	
1416	0	32701	
1417	0	32716	
1418	0	32732	
1419	0	32699	
1420	0	32596	
1421	0	32765	
1422	0	32874	
1423	0	32860	
1424	0	32772	
1425	0	32786	
1426	0	32800	
1427	0	32716	
1428	0	32711	
1429	0	32823	
1430	0	32731	
1431	0	32727	
1432	0	32800	
1433	0	32732	
1434	0	32774	
1435	0	32710	
1436	0	32658	
1437	0	32674	
1438	0	32566	
1439	0	32621	
1440	0	32877	
1441	0	32751	
1442	0	32751	
1443	0	32820	
1444	0	32787	
1445	0	32800	
1446	0	32804	
1447	0	32775	
1448	0	32706	
1449	0	32644	
1450	0	32888	
1451	0	32930	
1452	0	32788	
1453	0	32634	
1454	0	32654	
1455	0	32751	
1456	0	32848	
1457	0	32954	
1458	0	32881	
1459	0	32738	
1460	0	32694	
1461	0	32672	
1462	0	32700	
1463	0	32716	
1464	0	32697	
1465	0	32654	
1466	0	32588	
1467	0	32803	
1468	0	32774	
1469	0	32805	
1470	0	32817	
1471	0	32754	
1472	0	32667	
1473	0	32487	
1474	0	32751	
1475	0	32709	
1476	0	32683	
1477	0	32868	
1478	0	32886	
1479	0	32893	
1480	0	32743	
1481	0	32676	
1482	0	32646	
1483	0	32635	
1484	0	32601	
1485	0	32769	
1486	0	33031	
1487	0	32933	
1488	0	32806	
1489	0	32798	
1490	0	32767	
1491	0	32707	
1492	0	32643	
1493	0	32680	
1494	0	32736	
1495	0	32851	
1496	0	32819	
1497	0	32730	
1498	0	32706	
1499	0	32751	
1500	0	32763	
1501	0	32768	
1502	0	32770	
1503	0	32752	
1504	0	32644	
1505	0	32680	
1506	0	32732	
1507	0	32893	
1508	0	32933	
1509	0	32903	
1510	0	32769	
1511	0	32751	
1512	0	32815	
1513	0	32694	
1514	0	32540	
1515	0	32489	
1516	0	32493	
1517	0	32551	
1518	0	32924	
1519	0	33062	
1520	0	32877	
1521	0	32676	
1522	0	32598	
1523	0	32663	
1524	0	32679	
1525	0	32715	
1526	0	32705	
1527	0	32745	
1528	0	32756	
1529	0	32793	
1530	0	32788	
1531	0	32859	
1532	0	32767	
1533	0	32701	
1534	0	32761	
1535	0	32663	
1536	0	32551	
1537	0	32739	
1538	0	33020	
1539	0	32899	
1540	0	32719	
1541	0	32749	
1542	0	32763	
1543	0	32775	
1544	0	32655	
1545	0	32670	
1546	0	32690	
1547	0	32685	
1548	0	32871	
1549	0	32800	
1550	0	32758	
1551	0	32790	
1552	0	32857	
1553	0	32957	
1554	0	32962	
1555	0	32839	
1556	0	32764	
1557	0	32705	
1558	0	32605	
1559	0	32661	
1560	0	32490	
1561	0	32339	
1562	0	32570	
1563	0	32759	
1564	0	32748	
1565	0	32850	
1566	0	32934	
1567	0	32881	
1568	0	32742	
1569	0	32674	
1570	0	32594	
1571	0	32638	
1572	0	32739	
1573	0	32796	
1574	0	32894	
1575	0	32735	
1576	0	32641	
1577	0	32860	
1578	0	32839	
1579	0	32845	
1580	0	32687	
1581	0	32688	
1582	0	32885	
1583	0	32885	
1584	0	32746	
1585	0	32640	
1586	0	32708	
1587	0	32870	
1588	0	33062	
1589	0	32815	
1590	0	32771	
1591	0	32896	
1592	0	32873	
1593	0	32833	
1594	0	32666	
1595	0	32607	
1596	0	32662	
1597	0	32527	
1598	0	32580	
1599	0	32679	
1600	0	32630	
1601	0	32773	
1602	0	32903	
1603	0	32982	
1604	0	32999	
1605	0	33030	
1606	0	32916	
1607	0	32770	
1608	0	32589	
1609	0	32431	
1610	0	32343	
1611	0	32367	
1612	0	32617	
1613	0	32699	
1614	0	32711	
1615	0	32745	
1616	0	32827	
1617	0	32772	
1618	0	32798	
1619	0	32749	
1620	0	32799	
1621	0	32711	
1622	0	32754	
1623	0	32815	
1624	0	32839	
1625	0	32764	
1626	0	32670	
1627	0	32785	
1628	0	32856	
1629	0	32915	
1630	0	32811	
1631	0	32807	
1632	0	32935	
1633	0	33009	
1634	0	32850	
1635	0	32797	
1636	0	32623	
1637	0	32565	
1638	0	32743	
1639	0	32760	
1640	0	32660	
1641	0	32873	
1642	0	33047	
1643	0	32966	
1644	0	32751	
1645	0	32391	
1646	0	32434	
1647	0	32580	
1648	0	32544	
1649	0	32583	
1650	0	32532	
1651	0	32647	
1652	0	32615	
1653	0	32508	
1654	0	32695	
1655	0	33144	
1656	0	33273	
1657	0	33259	
1658	0	33106	
1659	0	32793	
1660	0	32538	
1661	0	32470	
1662	0	32461	
1663	0	32695	
1664	0	32864	
1665	0	32926	
1666	0	32982	
1667	0	33095	
1668	0	32970	
1669	0	32579	
1670	0	32391	
1671	0	32301	
1672	0	32278	
1673	0	32473	
1674	0	32629	
1675	0	32602	
1676	0	32737	
1677	0	32796	
1678	0	32823	
1679	0	32839	
1680	0	32787	
1681	0	32836	
1682	0	32930	
1683	0	32857	
1684	0	32768	
1685	0	32861	
1686	0	32944	
1687	0	32935	
1688	0	32758	
1689	0	32711	
1690	0	32707	
1691	0	32700	
1692	0	32809	
1693	0	32799	
1694	0	32701	
1695	0	32599	
1696	0	32718	
1697	0	32793	
1698	0	32893	
1699	0	32887	
1700	0	32775	
1701	0	32676	
1702	0	32634	
1703	0	32730	
1704	0	32697	
1705	0	32671	
1706	0	32703	
1707	0	32752	
1708	0	32710	
1709	0	32569	
1710	0	32516	
1711	0	32596	
1712	0	32701	
1713	0	32839	
1714	0	32869	
1715	0	32796	
1716	0	32684	
1717	0	32716	
1718	0	32720	
1719	0	32797	
1720	0	32735	
1721	0	32767	
1722	0	32879	
1723	0	32976	
1724	0	32997	
1725	0	32845	
1726	0	32774	
1727	0	32786	
1728	0	32650	
1729	0	32743	
1730	0	32727	
1731	0	32660	
1732	0	32711	
1733	0	32743	
1734	0	32744	
1735	0	32715	
1736	0	32654	
1737	0	32653	
1738	0	32812	
1739	0	32931	
1740	0	32993	
1741	0	33068	
1742	0	32887	
1743	0	32772	
1744	0	32802	
1745	0	32705	
1746	0	32400	
1747	0	32289	
1748	0	32337	
1749	0	32706	
1750	0	32798	
1751	0	32903	
1752	0	32828	
1753	0	32775	
1754	0	32706	
1755	0	32546	
1756	0	32582	
1757	0	32622	
1758	0	32647	
1759	0	32615	
1760	0	32623	
1761	0	32839	
1762	0	33204	
1763	0	33197	
1764	0	33361	
1765	0	33188	
1766	0	32754	
1767	0	32774	
1768	0	32950	
1769	0	32805	
1770	0	32744	
1771	0	32896	
1772	0	32954	
1773	0	32819	
1774	0	32428	
1775	0	32159	
1776	0	32233	
1777	0	32406	
1778	0	32603	
1779	0	32785	
1780	0	32806	
1781	0	32874	
1782	0	32742	
1783	0	32597	
1784	0	32541	
1785	0	32647	
1786	0	32720	
1787	0	32681	
1788	0	32662	
1789	0	32837	
1790	0	32865	
1791	0	32877	
1792	0	32813	
1793	0	32853	
1794	0	32976	
1795	0	32847	
1796	0	32700	
1797	0	32666	
1798	0	32607	
1799	0	32727	
1800	0	32706	
1801	0	32751	
1802	0	32661	
1803	0	32774	
1804	0	32891	
1805	0	32812	
1806	0	32772	
1807	0	32713	
1808	0	32971	
1809	0	33014	
1810	0	32908	
1811	0	32903	
1812	0	32876	
1813	0	32693	
1814	0	32577	
1815	0	32609	
1816	0	32284	
1817	0	32252	
1818	0	32500	
1819	0	32679	
1820	0	32937	
1821	0	32967	
1822	0	32903	
1823	0	32797	
1824	0	32775	
1825	0	32652	
1826	0	32665	
1827	0	33047	
1828	0	33007	
1829	0	32876	
1830	0	32770	
1831	0	32685	
1832	0	32521	
1833	0	32551	
1834	0	32824	
1835	0	32793	
1836	0	32763	
1837	0	32692	
1838	0	32711	
1839	0	32877	
1840	0	32986	
1841	0	32856	
1842	0	32903	
1843	0	32772	
1844	0	32751	
1845	0	32668	
1846	0	32685	
1847	0	32559	
1848	0	32911	
1849	0	33263	
1850	0	33234	
1851	0	33103	
1852	0	32876	
1853	0	32503	
1854	0	32384	
1855	0	32678	
1856	0	32746	
1857	0	32490	
1858	0	32545	
1859	0	32888	
1860	0	32902	
1861	0	32698	
1862	0	32316	
1863	0	31975	
1864	0	32442	
1865	0	33016	
1866	0	33079	
1867	0	32936	
1868	0	32770	
1869	0	32711	
1870	0	32754	
1871	0	32839	
1872	0	33015	
1873	0	32866	
1874	0	32758	
1875	0	32697	
1876	0	32576	
1877	0	33036	
1878	0	33470	
1879	0	33433	
1880	0	32967	
1881	0	32500	
1882	0	32089	
1883	0	32148	
1884	0	32180	
1885	0	32391	
1886	0	32636	
1887	0	32763	
1888	0	32455	
1889	0	32050	
1890	0	32135	
1891	0	32470	
1892	0	32427	
1893	0	32077	
1894	0	32164	
1895	0	32623	
1896	0	32887	
1897	0	33420	
1898	0	34215	
1899	0	34144	
1900	0	33275	
1901	0	33140	
1902	0	32998	
1903	0	32932	
1904	0	33071	
1905	0	32668	
1906	0	32846	
1907	0	33058	
1908	0	33004	
1909	0	33076	
1910	0	33452	
1911	0	33276	
1912	0	32214	
1913	0	31439	
1914	0	32005	
1915	0	32242	
1916	0	32673	
1917	0	32679	
1918	0	32178	
1919	0	31359	
1920	0	31996	
1921	0	32931	
1922	0	33239	
1923	0	33607	
1924	0	33924	
1925	0	33449	
1926	0	32545	
1927	0	32352	
1928	0	32617	
1929	0	32711	
1930	0	32515	
1931	0	32468	
1932	0	32891	
1933	0	32877	
1934	0	32568	
1935	0	32766	
1936	0	33130	
1937	0	32477	
1938	0	32496	
1939	0	33655	
1940	0	34247	
1941	0	34736	
1942	0	34116	
1943	0	33334	
1944	0	32940	
1945	0	31176	
1946	0	30914	
1947	0	31079	
1948	0	31490	
1949	0	31948	
1950	0	32334	
1951	0	32525	
1952	0	32602	
1953	0	32532	
1954	0	32959	
1955	0	33021	
1956	0	32892	
1957	0	32838	
1958	0	33101	
1959	0	32932	
1960	0	32982	
1961	0	33060	
1962	0	33021	
1963	0	33271	
1964	0	33108	
1965	0	32295	
1966	0	31957	
1967	0	32062	
1968	0	32263	
1969	0	32107	
1970	0	32087	
1971	0	32417	
1972	0	32722	
1973	0	32961	
1974	0	33072	
1975	0	33575	
1976	0	33799	
1977	0	33220	
1978	0	32604	
1979	0	31879	
1980	0	32410	
1981	0	33886	
1982	0	34128	
1983	0	33828	
1984	0	33440	
1985	0	32662	
1986	0	32263	
1987	0	32608	
1988	0	32360	
1989	0	32319	
1990	0	32711	
1991	0	32902	
1992	0	32605	
1993	0	34328	
1994	0	34990	
1995	0	33536	
1996	0	31507	
1997	0	30471	
1998	0	31732	
1999	0	33128	
2000	0	32914	
2001	0	32137	
2002	0	32462	
2003	0	33412	
2004	0	32935	
2005	0	30998	
2006	0	30337	
2007	0	30245	
2008	0	32764	
2009	0	33804	
2010	0	34252	
2011	0	34462	
2012	0	34028	
2013	0	33255	
2014	0	33306	
2015	0	33472	
2016	0	32634	
2017	0	31686	
2018	0	31701	
2019	0	32004	
2020	0	34285	
2021	0	38647	
2022	0	37946	
2023	0	35226	
2024	0	29923	
2025	0	28486	
2026	0	32295	
2027	0	31675	
2028	0	30120	
2029	0	28745	
2030	0	28890	
2031	0	30492	
2032	0	32012	
2033	0	32334	
2034	0	33142	
2035	0	33709	
2036	0	33464	
2037	0	33159	
2038	0	33404	
2039	0	34151	
2040	0	35227	
2041	0	34481	
2042	0	33438	
2043	0	35392	
2044	0	40054	
2045	0	40263	
2046	0	42725	
2047	0	39780	
2048	0	32107	
2049	0	27794	
2050	0	22182	
2051	0	22872	
2052	0	25902	
2053	0	27271	
2054	0	30151	
2055	0	31465	
2056	0	29864	
2057	0	28804	
2058	0	30191	
2059	0	31847	
2060	0	32615	
2061	0	32749	
2062	0	32722	
2063	0	33357	
2064	0	33979	
2065	0	34883	
2066	0	35350	
2067	0	35536	
2068	0	37184	
2069	0	37298	
2070	0	35335	
2071	0	31898	
2072	0	30372	
2073	0	30124	
2074	0	30842	
2075	0	32559	
2076	0	36102	
2077	0	37489	
2078	0	34765	
2079	0	31680	
2080	0	28504	
2081	0	28877	
2082	0	31292	
2083	0	33067	
2084	0	33105	
2085	0	32208	
2086	0	31718	
2087	0	33576	
2088	0	34511	
2089	0	35044	
2090	0	35007	
2091	0	34880	
2092	0	34284	
2093	0	35930	
2094	0	43298	
2095	0	40588	
2096	0	37796	
2097	0	33506	
2098	0	28292	
2099	0	29363	
2100	0	26631	
2101	0	24900	
2102	0	26050	
2103	0	27060	
2104	0	28453	
2105	0	29680	
2106	0	32295	
2107	0	33724	
2108	0	37174	
2109	0	45920	
2110	0	49502	
2111	0	38324	
2112	0	27370	
2113	0	19538	
2114	0	18735	
2115	0	25481	
2116	0	29568	
2117	0	30056	
2118	0	29583	
2119	0	29395	
2120	0	30469	
2121	0	32391	
2122	0	33582	
2123	0	35432	
2124	0	35973	
2125	0	36724	
2126	0	37416	
2127	0	37031	
2128	0	36212	
2129	0	35196	
2130	0	33938	
2131	0	35128	
2132	0	35243	
2133	0	35060	
2134	0	33021	
2135	0	32775	
2136	0	33000	
2137	0	31998	
2138	0	31837	
2139	0	28610	
2140	0	26029	
2141	0	26906	
2142	0	30130	
2143	0	32887	
2144	0	33776	
2145	0	34508	
2146	0	35015	
2147	0	34879	
2148	0	33993	
2149	0	33214	
2150	0	32971	
2151	0	32092	
2152	0	31495	
2153	0	34170	
2154	0	38448	
2155	0	36318	
2156	0	32411	
2157	0	29264	
2158	0	29414	
2159	0	32111	
2160	0	32199	
2161	0	32724	
2162	0	34072	
2163	0	35066	
2164	0	36688	
2165	0	35985	
2166	0	33385	
2167	0	29480	
2168	0	29375	
2169	0	30992	
2170	0	30874	
2171	0	31284	
2172	0	33460	
2173	0	35694	
2174	0	34270	
2175	0	34296	
2176	0	41892	
2177	0	40385	
2178	0	33901	
2179	0	25543	
2180	0	23094	
2181	0	26884	
2182	0	29052	
2183	0	29863	
2184	0	30430	
2185	0	34822	
2186	0	35781	
2187	0	33512	
2188	0	30500	
2189	0	29854	
2190	0	31534	
2191	0	32787	
2192	0	33197	
2193	0	36877	
2194	0	39356	
2195	0	36460	
2196	0	32564	
2197	0	28991	
2198	0	29086	
2199	0	41866	
2200	0	47570	
2201	0	38640	
2202	0	25607	
2203	0	16432	
2204	0	20635	
2205	0	26780	
2206	0	33002	
2207	0	35943	
2208	0	35308	
2209	0	32934	
2210	0	32770	
2211	0	33295	
2212	0	33126	
2213	0	31858	
2214	0	34420	
2215	0	39037	
2216	0	38820	
2217	0	32999	
2218	0	30070	
2219	0	31335	
2220	0	32663	
2221	0	36688	
2222	0	38934	
2223	0	43975	
2224	0	39303	
2225	0	26982	
2226	0	17874	
2227	0	18353	
2228	0	26381	
2229	0	30452	
2230	0	33915	
2231	0	35527	
2232	0	35628	
2233	0	34814	
2234	0	33536	
2235	0	31596	
2236	0	32192	
2237	0	30752	
2238	0	29908	
2239	0	29870	
2240	0	31024	
2241	0	32801	
2242	0	33380	
2243	0	34428	
2244	0	37088	
2245	0	38528	
2246	0	36949	
2247	0	35592	
2248	0	35872	
2249	0	37176	
2250	0	34044	
2251	0	32089	
2252	0	30608	
2253	0	31811	
2254	0	29955	
2255	0	28807	
2256	0	29529	
2257	0	30260	
2258	0	32992	
2259	0	32592	
2260	0	32141	
2261	0	29100	
2262	0	30897	
2263	0	36824	
2264	0	43238	
2265	0	39886	
2266	0	47416	
2267	0	47188	
2268	0	39931	
2269	0	24796	
2270	0	12300	
2271	0	21632	
2272	0	22975	
2273	0	23550	
2274	0	39380	
2275	0	58418	
2276	0	57415	
2277	0	54480	
2278	0	13866	
2279	0	3773	
2280	0	11106	
2281	0	13015	
2282	0	21266	
2283	0	26835	
2284	0	30134	
2285	0	31149	
2286	0	33536	
2287	0	34388	
2288	0	36231	
2289	0	36643	
2290	0	35218	
2291	0	36188	
2292	0	37874	
2293	0	37288	
2294	0	32668	
2295	0	30791	
2296	0	34593	
2297	0	38721	
2298	0	38193	
2299	0	39666	
2300	0	39803	
2301	0	36402	
2302	0	29649	
2303	0	26457	
2304	0	27610	
2305	0	29720	
2306	0	31028	
2307	0	31268	
2308	0	31690	
2309	0	34829	
2310	0	37550	
2311	0	36216	
2312	0	33914	
2313	0	32433	
2314	0	33644	
2315	0	32964	
2316	0	32124	
2317	0	31694	
2318	0	30957	
2319	0	33146	
2320	0	33177	
2321	0	36125	
2322	0	41287	
2323	0	38310	
2324	0	38874	
2325	0	34956	
2326	0	29722	
2327	0	26770	
2328	0	42628	
2329	0	42515	
2330	0	29516	
2331	0	17421	
2332	0	24692	
2333	0	46190	
2334	0	45838	
2335	0	38334	
2336	0	29988	
2337	0	17268	
2338	0	22173	
2339	0	22700	
2340	0	25911	
2341	0	23041	
2342	0	25833	
2343	0	31008	
2344	0	32085	
2345	0	34379	
2346	0	53413	
2347	0	51474	
2348	0	38736	
2349	0	26354	
2350	0	7361	
2351	0	11361	
2352	0	27857	
2353	0	31416	
2354	0	34934	
2355	0	42960	
2356	0	43130	
2357	0	36583	
2358	0	28572	
2359	0	27577	
2360	0	30361	
2361	0	32791	
2362	0	33447	
2363	0	34804	
2364	0	35015	
2365	0	36796	
2366	0	40647	
2367	0	42974	
2368	0	43186	
2369	0	34864	
2370	0	27453	
2371	0	24604	
2372	0	23186	
2373	0	27495	
2374	0	45108	
2375	0	58567	
2376	0	56836	
2377	0	23007	
2378	0	7938	
2379	0	20252	
2380	0	28655	
2381	0	30064	
2382	0	28698	
2383	0	27700	
2384	0	28748	
2385	0	30500	
2386	0	31829	
2387	0	31442	
2388	0	32811	
2389	0	35154	
2390	0	36184	
2391	0	36054	
2392	0	35220	
2393	0	32957	
2394	0	31768	
2395	0	36228	
2396	0	56647	
2397	0	57564	
2398	0	44432	
2399	0	18656	
2400	0	14505	
2401	0	18599	
2402	0	24736	
2403	0	28812	
2404	0	29793	
2405	0	27425	
2406	0	28896	
2407	0	29305	
2408	0	29191	
2409	0	32848	
2410	0	32993	
2411	0	36558	
2412	0	37691	
2413	0	34653	
2414	0	29446	
2415	0	32210	
2416	0	36338	
2417	0	38044	
2418	0	36358	
2419	0	34854	
2420	0	32540	
2421	0	36103	
2422	0	41452	
2423	0	37621	
2424	0	38022	
2425	0	42409	
2426	0	32322	
2427	0	16421	
2428	0	15230	
2429	0	26177	
2430	0	31974	
2431	0	49624	
2432	0	58434	
2433	0	45419	
2434	0	23852	
2435	0	7998	
2436	0	18620	
2437	0	20637	
2438	0	24908	
2439	0	33524	
2440	0	37592	
2441	0	34728	
2442	0	30814	
2443	0	35244	
2444	0	38240	
2445	0	52472	
2446	0	45285	
2447	0	26822	
2448	0	9447	
2449	0	18425	
2450	0	27430	
2451	0	32638	
2452	0	44817	
2453	0	46215	
2454	0	34304	
2455	0	22768	
2456	0	25157	
2457	0	27881	
2458	0	30387	
2459	0	31160	
2460	0	33678	
2461	0	35792	
2462	0	46100	
2463	0	45846	
2464	0	38065	
2465	0	28599	
2466	0	24025	
2467	0	28361	
2468	0	32047	
2469	0	32793	
2470	0	32858	
2471	0	32676	
2472	0	32292	
2473	0	32583	
2474	0	33070	
2475	0	34401	
2476	0	39412	
2477	0	42077	
2478	0	38260	
2479	0	32348	
2480	0	28983	
2481	0	28175	
2482	0	27527	
2483	0	42326	
2484	0	36256	
2485	0	24828	
2486	0	19530	
2487	0	26202	
2488	0	28223	
2489	0	30198	
2490	0	34002	
2491	0	47800	
2492	0	47738	
2493	0	50460	
2494	0	37481	
2495	0	30013	
2496	0	12762	
2497	0	10678	
2498	0	26055	
2499	0	36158	
2500	0	38708	
2501	0	36903	
2502	0	30695	
2503	0	30158	
2504	0	33593	
2505	0	45142	
2506	0	51873	
2507	0	40649	
2508	0	20524	
2509	0	13450	
2510	0	18036	
2511	0	22276	
2512	0	29372	
2513	0	32576	
2514	0	33386	
2515	0	33465	
2516	0	33005	
2517	0	33261	
2518	0	34855	
2519	0	35174	
2520	0	35754	
2521	0	37604	
2522	0	35812	
2523	0	36704	
2524	0	37136	
2525	0	35860	
2526	0	36196	
2527	0	42471	
2528	0	37624	
2529	0	29031	
2530	0	24442	
2531	0	23149	
2532	0	25780	
2533	0	33524	
2534	0	36832	
2535	0	46215	
2536	0	43506	
2537	0	31004	
2538	0	20643	
2539	0	22021	
2540	0	24732	
2541	0	35538	
2542	0	35538	
2543	0	30768	
2544	0	31125	
2545	0	35111	
2546	0	39279	
2547	0	43364	
2548	0	46634	
2549	0	33502	
2550	0	24647	
2551	0	25808	
2552	0	25889	
2553	0	23482	
2554	0	27385	
2555	0	37095	
2556	0	37245	
2557	0	34448	
2558	0	30814	
2559	0	35796	
2560	0	37521	
2561	0	32159	
2562	0	22721	
2563	0	20830	
2564	0	27242	
2565	0	31852	
2566	0	53941	
2567	0	51352	
2568	0	32764	
2569	0	14384	
2570	0	23245	
2571	0	28492	
2572	0	31815	
2573	0	33880	
2574	0	32644	
2575	0	31442	
2576	0	34596	
2577	0	35973	
2578	0	35828	
2579	0	35162	
2580	0	34868	
2581	0	34439	
2582	0	35076	
2583	0	38508	
2584	0	37004	
2585	0	33408	
2586	0	27300	
2587	0	30898	
2588	0	32406	
2589	0	31595	
2590	0	28437	
2591	0	33113	
2592	0	38113	
2593	0	37725	
2594	0	31862	
2595	0	38774	
2596	0	39588	
2597	0	28730	
2598	0	23286	
2599	0	40750	
2600	0	34238	
2601	0	14301	
2602	0	14553	
2603	0	31508	
2604	0	35448	
2605	0	34674	
2606	0	33648	
2607	0	41690	
2608	0	47303	
2609	0	35408	
2610	0	20282	
2611	0	22360	
2612	0	33878	
2613	0	56784	
2614	0	56908	
2615	0	34375	
2616	0	11068	
2617	0	7492	
2618	0	23853	
2619	0	29472	
2620	0	31700	
2621	0	30693	
2622	0	35483	
2623	0	47448	
2624	0	59890	
2625	0	48347	
2626	0	21681	
2627	0	11328	
2628	0	23838	
2629	0	31710	
2630	0	40149	
2631	0	31286	
2632	0	21495	
2633	0	19786	
2634	0	29044	
2635	0	37069	
2636	0	39552	
2637	0	38291	
2638	0	35648	
2639	0	36096	
2640	0	36423	
2641	0	36338	
2642	0	32936	
2643	0	44844	
2644	0	50148	
2645	0	36999	
2646	0	20602	
2647	0	19535	
2648	0	30846	
2649	0	31296	
2650	0	25904	
2651	0	23079	
2652	0	23239	
2653	0	24736	
2654	0	30053	
2655	0	41736	
2656	0	41521	
2657	0	32112	
2658	0	36686	
2659	0	47919	
2660	0	43612	
2661	0	28262	
2662	0	39394	
2663	0	55908	
2664	0	54919	
2665	0	30384	
2666	0	27	
2667	0	6308	
2668	0	10012	
2669	0	23241	
2670	0	26770	
2671	0	29372	
2672	0	29991	
2673	0	35210	
2674	0	35575	
2675	0	35783	
2676	0	35844	
2677	0	38456	
2678	0	42320	
2679	0	40022	
2680	0	40955	
2681	0	44886	
2682	0	38352	
2683	0	28284	
2684	0	27495	
2685	0	28201	
2686	0	24928	
2687	0	29554	
2688	0	32733	
2689	0	32178	
2690	0	29581	
2691	0	30355	
2692	0	33085	
2693	0	34356	
2694	0	33378	
2695	0	30209	
2696	0	32798	
2697	0	36572	
2698	0	35532	
2699	0	33863	
2700	0	35000	
2701	0	33900	
2702	0	32929	
2703	0	34633	
2704	0	36009	
2705	0	36443	
2706	0	38919	
2707	0	35196	
2708	0	29612	
2709	0	25884	
2710	0	32474	
2711	0	35171	
2712	0	47309	
2713	0	51286	
2714	0	44620	
2715	0	19358	
2716	0	7411	
2717	0	4006	
2718	0	22243	
2719	0	35047	
2720	0	34897	
2721	0	31457	
2722	0	28464	
2723	0	41980	
2724	0	59887	
2725	0	59026	
2726	0	54982	
2727	0	5176	
2728	0	4246	
2729	0	16948	
2730	0	29292	
2731	0	33855	
2732	0	30658	
2733	0	29323	
2734	0	28227	
2735	0	31206	
2736	0	34695	
2737	0	37453	
2738	0	38652	
2739	0	38489	
2740	0	34857	
2741	0	30625	
2742	0	34367	
2743	0	41508	
2744	0	35974	
2745	0	28898	
2746	0	27008	
2747	0	29754	
2748	0	30312	
2749	0	33266	
2750	0	37325	
2751	0	39840	
2752	0	39902	
2753	0	33409	
2754	0	29030	
2755	0	28525	
2756	0	31921	
2757	0	34063	
2758	0	35458	
2759	0	35158	
2760	0	34428	
2761	0	42820	
2762	0	39717	
2763	0	29567	
2764	0	22402	
2765	0	35161	
2766	0	39960	
2767	0	54596	
2768	0	54996	
2769	0	48844	
2770	0	3353	
2771	0	9563	
2772	0	24895	
2773	0	31312	
2774	0	23301	
2775	0	7365	
2776	0	13744	
2777	0	26397	
2778	0	32828	
2779	0	28815	
2780	0	33196	
2781	0	37819	
2782	0	37846	
2783	0	37316	
2784	0	37040	
2785	0	37556	
2786	0	36792	
2787	0	34308	
2788	0	36419	
2789	0	38087	
2790	0	39128	
2791	0	35783	
2792	0	31750	
2793	0	36468	
2794	0	42818	
2795	0	43704	
2796	0	38586	
2797	0	26142	
2798	0	17974	
2799	0	26620	
2800	0	38906	
2801	0	32948	
2802	0	24531	
2803	0	25780	
2804	0	37138	
2805	0	56732	
2806	0	57449	
2807	0	54648	
2808	0	4325	
2809	0	24	
2810	0	3525	
2811	0	18655	
2812	0	29088	
2813	0	48182	
2814	0	44432	
2815	0	28433	
2816	0	24839	
2817	0	40480	
2818	0	43591	
2819	0	40713	
2820	0	26322	
2821	0	20628	
2822	0	31927	
2823	0	35772	
2824	0	36167	
2825	0	37754	
2826	0	38396	
2827	0	35732	
2828	0	34750	
2829	0	38438	
2830	0	35080	
2831	0	26784	
2832	0	25999	
2833	0	26269	
2834	0	27949	
2835	0	36408	
2836	0	37181	
2837	0	33309	
2838	0	32233	
2839	0	33082	
2840	0	32630	
2841	0	33594	
2842	0	47720	
2843	0	57972	
2844	0	56021	
2845	0	24871	
2846	0	8752	
2847	0	9168	
2848	0	21198	
2849	0	39120	
2850	0	25376	
2851	0	15613	
2852	0	29142	
2853	0	46241	
2854	0	46570	
2855	0	38192	
2856	0	26426	
2857	0	30924	
2858	0	29052	
2859	0	33965	
2860	0	32169	
2861	0	36802	
2862	0	39362	
2863	0	37332	
2864	0	29036	
2865	0	22941	
2866	0	30103	
2867	0	45228	
2868	0	43664	
2869	0	27425	
2870	0	12677	
2871	0	25084	
2872	0	46936	
2873	0	59804	
2874	0	57772	
2875	0	21932	
2876	0	10112	
2877	0	14224	
2878	0	16010	
2879	0	27213	
2880	0	32041	
2881	0	29161	
2882	0	29222	
2883	0	34351	
2884	0	37020	
2885	0	39366	
2886	0	40987	
2887	0	50567	
2888	0	44455	
2889	0	23129	
2890	0	12711	
2891	0	26607	
2892	0	33044	
2893	0	39722	
2894	0	43007	
2895	0	41028	
2896	0	38532	
2897	0	42860	
2898	0	36076	
2899	0	25359	
2900	0	22146	
2901	0	23835	
2902	0	26360	
2903	0	30020	
2904	0	52076	
2905	0	58756	
2906	0	56296	
2907	0	7869	
2908	0	23	
2909	0	3926	
2910	0	37560	
2911	0	35832	
2912	0	22472	
2913	0	9405	
2914	0	24738	
2915	0	36491	
2916	0	40239	
2917	0	39460	
2918	0	38355	
2919	0	38975	
2920	0	40365	
2921	0	38016	
2922	0	37025	
2923	0	44454	
2924	0	49221	
2925	0	45150	
2926	0	29686	
2927	0	17750	
2928	0	23252	
2929	0	28453	
2930	0	29578	
2931	0	30811	
2932	0	32076	
2933	0	33770	
2934	0	34817	
2935	0	34324	
2936	0	32535	
2937	0	32600	
2938	0	32940	
2939	0	33707	
2940	0	32886	
2941	0	32257	
2942	0	47496	
2943	0	57392	
2944	0	55652	
2945	0	17783	
2946	0	1828	
2947	0	11434	
2948	0	19956	
2949	0	22480	
2950	0	27271	
2951	0	33929	
2952	0	42823	
2953	0	43810	
2954	0	39476	
2955	0	33568	
2956	0	38696	
2957	0	57156	
2958	0	52672	
2959	0	16601	
2960	0	3268	
2961	0	23197	
2962	0	32672	
2963	0	41463	
2964	0	43172	
2965	0	35188	
2966	0	27714	
2967	0	20637	
2968	0	28736	
2969	0	34055	
2970	0	35097	
2971	0	42584	
2972	0	38676	
2973	0	22687	
2974	0	16963	
2975	0	25500	
2976	0	35342	
2977	0	40636	
2978	0	34506	
2979	0	28057	
2980	0	35248	
2981	0	37628	
2982	0	32868	
2983	0	36108	
2984	0	50912	
2985	0	50924	
2986	0	35401	
2987	0	33254	
2988	0	26873	
2989	0	43259	
2990	0	28896	
2991	0	6730	
2992	0	3330	
2993	0	23801	
2994	0	33304	
2995	0	33796	
2996	0	36574	
2997	0	38289	
2998	0	35480	
2999	0	29151	
3000	0	32340	
3001	0	33022	
3002	0	34036	
3003	0	43750	
3004	0	42282	
3005	0	32269	
3006	0	26567	
3007	0	28013	
3008	0	28780	
3009	0	34053	
3010	0	37948	
3011	0	38394	
3012	0	49655	
3013	0	55852	
3014	0	45592	
3015	0	18156	
3016	0	5713	
3017	0	26938	
3018	0	25544	
3019	0	19862	
3020	0	28522	
3021	0	32653	
3022	0	36135	
3023	0	37829	
3024	0	45810	
3025	0	50500	
3026	0	41820	
3027	0	27332	
3028	0	19488	
3029	0	18082	
3030	0	22360	
3031	0	55136	
3032	0	58885	
3033	0	37272	
3034	0	1825	
3035	0	3218	
3036	0	17405	
3037	0	26200	
3038	0	33766	
3039	0	38892	
3040	0	38204	
3041	0	37377	
3042	0	38998	
3043	0	43498	
3044	0	43782	
3045	0	35518	
3046	0	25564	
3047	0	32347	
3048	0	41120	
3049	0	37240	
3050	0	28044	
3051	0	26092	
3052	0	29185	
3053	0	44264	
3054	0	55111	
3055	0	33080	
3056	0	11677	
3057	0	21752	
3058	0	46096	
3059	0	55367	
3060	0	39400	
3061	0	25409	
3062	0	8621	
3063	0	16420	
3064	0	24864	
3065	0	28386	
3066	0	28041	
3067	0	34329	
3068	0	34413	
3069	0	27130	
3070	0	33252	
3071	0	52624	
3072	0	58887	
3073	0	33204	
3074	0	12027	
3075	0	14029	
3076	0	26308	
3077	0	50204	
3078	0	60742	
3079	0	42024	
3080	0	22822	
3081	0	18764	
3082	0	25271	
3083	0	23678	
3084	0	31146	
3085	0	37969	
3086	0	38909	
3087	0	35270	
3088	0	29749	
3089	0	32528	
3090	0	36022	
3091	0	45672	
3092	0	46908	
3093	0	30744	
3094	0	16048	
3095	0	20572	
3096	0	32389	
3097	0	38516	
3098	0	36579	
3099	0	32409	
3100	0	33207	
3101	0	46692	
3102	0	57007	
3103	0	32253	
3104	0	1673	
3105	0	2826	
3106	0	27911	
3107	0	30886	
3108	0	30106	
3109	0	32204	
3110	0	36640	
3111	0	36660	
3112	0	33991	
3113	0	35469	
3114	0	36594	
3115	0	35213	
3116	0	33874	
3117	0	33542	
3118	0	32284	
3119	0	32636	
3120	0	33769	
3121	0	33479	
3122	0	32499	
3123	0	33552	
3124	0	36266	
3125	0	38998	
3126	0	42960	
3127	0	45720	
3128	0	41287	
3129	0	39422	
3130	0	34818	
3131	0	25554	
3132	0	9980	
3133	0	10591	
3134	0	31408	
3135	0	51391	
3136	0	44526	
3137	0	20938	
3138	0	9042	
3139	0	15952	
3140	0	36998	
3141	0	46855	
3142	0	33716	
3143	0	21051	
3144	0	19144	
3145	0	31302	
3146	0	36864	
3147	0	51908	
3148	0	61216	
3149	0	58605	
3150	0	7942	
3151	0	2709	
3152	0	22114	
3153	0	29634	
3154	0	37158	
3155	0	38709	
3156	0	36604	
3157	0	35079	
3158	0	35372	
3159	0	35642	
3160	0	37076	
3161	0	39608	
3162	0	35718	
3163	0	29558	
3164	0	27936	
3165	0	32900	
3166	0	34866	
3167	0	32080	
3168	0	29810	
3169	0	33076	
3170	0	33223	
3171	0	34792	
3172	0	36151	
3173	0	37434	
3174	0	36991	
3175	0	43264	
3176	0	36972	
3177	0	23680	
3178	0	20498	
3179	0	20456	
3180	0	28684	
3181	0	35081	
3182	0	32474	
3183	0	29511	
3184	0	29683	
3185	0	33388	
3186	0	38822	
3187	0	37642	
3188	0	37764	
3189	0	56348	
3190	0	56804	
3191	0	29557	
3192	0	1064	
3193	0	38176	
3194	0	37104	
3195	0	18980	
3196	0	9035	
3197	0	24708	
3198	0	25220	
3199	0	28020	
3200	0	33115	
3201	0	35291	
3202	0	38929	
3203	0	40316	
3204	0	37008	
3205	0	32613	
3206	0	29858	
3207	0	30935	
3208	0	34816	
3209	0	43104	
3210	0	45669	
3211	0	46260	
3212	0	45860	
3213	0	43376	
3214	0	22212	
3215	0	10256	
3216	0	17846	
3217	0	32434	
3218	0	27252	
3219	0	25474	
3220	0	39415	
3221	0	48666	
3222	0	34944	
3223	0	22528	
3224	0	32406	
3225	0	38983	
3226	0	31305	
3227	0	19520	
3228	0	32576	
3229	0	57208	
3230	0	45316	
3231	0	15416	
3232	0	4344	
3233	0	16814	
3234	0	33112	
3235	0	40040	
3236	0	41270	
3237	0	41270	
3238	0	41103	
3239	0	39420	
3240	0	45106	
3241	0	44146	
3242	0	28640	
3243	0	14989	
3244	0	21484	
3245	0	26285	
3246	0	30281	
3247	0	32866	
3248	0	31895	
3249	0	38904	
3250	0	49534	
3251	0	41458	
3252	0	28900	
3253	0	26713	
3254	0	37325	
3255	0	35399	
3256	0	27699	
3257	0	26840	
3258	0	32900	
3259	0	30741	
3260	0	27794	
3261	0	26311	
3262	0	28588	
3263	0	30842	
3264	0	33350	
3265	0	34512	
3266	0	35463	
3267	0	36436	
3268	0	38336	
3269	0	38503	
3270	0	41688	
3271	0	56560	
3272	0	49289	
3273	0	14680	
3274	0	1685	
3275	0	16443	
3276	0	27610	
3277	0	33219	
3278	0	34417	
3279	0	34298	
3280	0	32412	
3281	0	31436	
3282	0	35480	
3283	0	36090	
3284	0	36492	
3285	0	36852	
3286	0	40088	
3287	0	33919	
3288	0	39094	
3289	0	33708	
3290	0	21812	
3291	0	25056	
3292	0	36863	
3293	0	44128	
3294	0	37432	
3295	0	24365	
3296	0	29365	
3297	0	28513	
3298	0	40213	
3299	0	51019	
3300	0	40096	
3301	0	12412	
3302	0	4493	
3303	0	20398	
3304	0	28980	
3305	0	33196	
3306	0	42964	
3307	0	49599	
3308	0	44220	
3309	0	30244	
3310	0	33830	
3311	0	42082	
3312	0	26476	
3313	0	8429	
3314	0	10154	
3315	0	50488	
3316	0	51910	
3317	0	36535	
3318	0	19356	
3319	0	22576	
3320	0	26276	
3321	0	30304	
3322	0	32510	
3323	0	34030	
3324	0	36662	
3325	0	36384	
3326	0	34445	
3327	0	39460	
3328	0	43504	
3329	0	41769	
3330	0	32014	
3331	0	31938	
3332	0	50946	
3333	0	48212	
3334	0	33133	
3335	0	9854	
3336	0	15480	
3337	0	32632	
3338	0	37466	
3339	0	28459	
3340	0	21276	
3341	0	38048	
3342	0	37610	
3343	0	34551	
3344	0	27228	
3345	0	22230	
3346	0	25440	
3347	0	33236	
3348	0	33692	
3349	0	40950	
3350	0	57246	
3351	0	50276	
3352	0	23372	
3353	0	13191	
3354	0	18416	
3355	0	29473	
3356	0	32398	
3357	0	28854	
3358	0	30632	
3359	0	37040	
3360	0	44960	
3361	0	39190	
3362	0	28731	
3363	0	24562	
3364	0	29289	
3365	0	37336	
3366	0	40068	
3367	0	33794	
3368	0	34206	
3369	0	38587	
3370	0	34144	
3371	0	20992	
3372	0	26071	
3373	0	34610	
3374	0	36612	
3375	0	35140	
3376	0	53220	
3377	0	51746	
3378	0	28487	
3379	0	6578	
3380	0	13958	
3381	0	25074	
3382	0	45686	
3383	0	58604	
3384	0	40588	
3385	0	17828	
3386	0	4248	
3387	0	6339	
3388	0	21836	
3389	0	29101	
3390	0	47480	
3391	0	64301	
3392	0	62066	
3393	0	26816	
3394	0	16242	
3395	0	21968	
3396	0	28871	
3397	0	36280	
3398	0	36758	
3399	0	32600	
3400	0	33391	
3401	0	32421	
3402	0	42033	
3403	0	45922	
3404	0	38824	
3405	0	23993	
3406	0	22942	
3407	0	25683	
3408	0	30390	
3409	0	35430	
3410	0	40103	
3411	0	40441	
3412	0	28039	
3413	0	24650	
3414	0	42968	
3415	0	45776	
3416	0	21734	
3417	0	7466	
3418	0	25276	
3419	0	31782	
3420	0	31998	
3421	0	35132	
3422	0	36350	
3423	0	35416	
3424	0	34601	
3425	0	34569	
3426	0	35472	
3427	0	36761	
3428	0	37033	
3429	0	34830	
3430	0	34602	
3431	0	34521	
3432	0	33799	
3433	0	31357	
3434	0	37124	
3435	0	46681	
3436	0	41065	
3437	0	25314	
3438	0	12590	
3439	0	26160	
3440	0	49604	
3441	0	57799	
3442	0	55652	
3443	0	11873	
3444	0	4397	
3445	0	12690	
3446	0	17380	
3447	0	24338	
3448	0	34146	
3449	0	47513	
3450	0	46456	
3451	0	31721	
3452	0	17409	
3453	0	14741	
3454	0	23734	
3455	0	35482	
3456	0	36855	
3457	0	37081	
3458	0	37812	
3459	0	38546	
3460	0	39910	
3461	0	44182	
3462	0	42159	
3463	0	32344	
3464	0	25278	
3465	0	26673	
3466	0	27694	
3467	0	32289	
3468	0	39933	
3469	0	35452	
3470	0	31207	
3471	0	55365	
3472	0	57748	
3473	0	55076	
3474	0	27312	
3475	0	6439	
3476	0	23	
3477	0	29229	
3478	0	31929	
3479	0	18896	
3480	0	36980	
3481	0	43904	
3482	0	32950	
3483	0	19358	
3484	0	24122	
3485	0	25537	
3486	0	36935	
3487	0	44672	
3488	0	37717	
3489	0	28736	
3490	0	31796	
3491	0	32132	
3492	0	39132	
3493	0	41594	
3494	0	38736	
3495	0	27684	
3496	0	23965	
3497	0	29760	
3498	0	33522	
3499	0	32897	
3500	0	36794	
3501	0	38215	
3502	0	31483	
3503	0	25632	
3504	0	32662	
3505	0	35252	
3506	0	33511	
3507	0	34778	
3508	0	35742	
3509	0	34883	
3510	0	33118	
3511	0	30657	
3512	0	32294	
3513	0	34666	
3514	0	33490	
3515	0	33624	
3516	0	36435	
3517	0	35959	
3518	0	37245	
3519	0	34872	
3520	0	29511	
3521	0	22732	
3522	0	24037	
3523	0	30440	
3524	0	32425	
3525	0	51252	
3526	0	58348	
3527	0	38534	
3528	0	5749	
3529	0	15090	
3530	0	26764	
3531	0	31968	
3532	0	45974	
3533	0	55344	
3534	0	44126	
3535	0	29544	
3536	0	27311	
3537	0	19556	
3538	0	9431	
3539	0	12839	
3540	0	20703	
3541	0	26311	
3542	0	33215	
3543	0	36377	
3544	0	29888	
3545	0	31520	
3546	0	41129	
3547	0	42800	
3548	0	40838	
3549	0	40477	
3550	0	38508	
3551	0	36166	
3552	0	33190	
3553	0	31781	
3554	0	33705	
3555	0	35124	
3556	0	32026	
3557	0	28338	
3558	0	47012	
3559	0	57916	
3560	0	45748	
3561	0	34682	
3562	0	38016	
3563	0	15077	
3564	0	384	
3565	0	9068	
3566	0	25453	
3567	0	27143	
3568	0	34226	
3569	0	38983	
3570	0	38332	
3571	0	48168	
3572	0	46724	
3573	0	35410	
3574	0	18298	
3575	0	19642	
3576	0	26817	
3577	0	33607	
3578	0	35819	
3579	0	34444	
3580	0	32766	
3581	0	37090	
3582	0	45191	
3583	0	39615	
3584	0	29929	
3585	0	30860	
3586	0	36162	
3587	0	32612	
3588	0	25739	
3589	0	29386	
3590	0	30287	
3591	0	31132	
3592	0	33767	
3593	0	34764	
3594	0	35016	
3595	0	34019	
3596	0	33652	
3597	0	33703	
3598	0	33095	
3599	0	32660	
3600	0	36973	
3601	0	34624	
3602	0	27676	
3603	0	20527	
3604	0	22996	
3605	0	28850	
3606	0	47834	
3607	0	52130	
3608	0	39992	
3609	0	22748	
3610	0	21078	
3611	0	23100	
3612	0	33788	
3613	0	57500	
3614	0	50769	
3615	0	20704	
3616	0	8903	
3617	0	21396	
3618	0	27993	
3619	0	39472	
3620	0	59096	
3621	0	58327	
3622	0	26386	
3623	0	21249	
3624	0	27170	
3625	0	12122	
3626	0	5631	
3627	0	27260	
3628	0	43753	
3629	0	49958	
3630	0	37166	
3631	0	31640	
3632	0	31578	
3633	0	44316	
3634	0	39460	
3635	0	41848	
3636	0	28084	
3637	0	22668	
3638	0	11492	
3639	0	20960	
3640	0	22252	
3641	0	32208	
3642	0	34968	
3643	0	40311	
3644	0	44268	
3645	0	41254	
3646	0	37220	
3647	0	39660	
3648	0	39128	
3649	0	33976	
3650	0	31316	
3651	0	29415	
3652	0	28007	
3653	0	30727	
3654	0	41896	
3655	0	49008	
3656	0	36964	
3657	0	22015	
3658	0	24236	
3659	0	27462	
3660	0	29890	
3661	0	31381	
3662	0	30736	
3663	0	31333	
3664	0	31510	
3665	0	34509	
3666	0	37031	
3667	0	33212	
3668	0	39106	
3669	0	38823	
3670	0	34109	
3671	0	22018	
3672	0	23811	
3673	0	28299	
3674	0	30410	
3675	0	32875	
3676	0	33293	
3677	0	32858	
3678	0	38309	
3679	0	57372	
3680	0	51850	
3681	0	20803	
3682	0	5259	
3683	0	18680	
3684	0	26128	
3685	0	45769	
3686	0	58442	
3687	0	57948	
3688	0	48108	
3689	0	13337	
3690	0	6622	
3691	0	13413	
3692	0	22428	
3693	0	23685	
3694	0	30738	
3695	0	37921	
3696	0	41212	
3697	0	37780	
3698	0	40934	
3699	0	40003	
3700	0	37434	
3701	0	39052	
3702	0	34806	
3703	0	13681	
3704	0	10791	
3705	0	21634	
3706	0	30951	
3707	0	34466	
3708	0	46640	
3709	0	45992	
3710	0	32000	
3711	0	43476	
3712	0	58344	
3713	0	42320	
3714	0	12648	
3715	0	16892	
3716	0	25295	
3717	0	27890	
3718	0	36295	
3719	0	45134	
3720	0	38109	
3721	0	22340	
3722	0	31488	
3723	0	45575	
3724	0	34301	
3725	0	16068	
3726	0	14555	
3727	0	27743	
3728	0	34108	
3729	0	37543	
3730	0	56162	
3731	0	55144	
3732	0	38249	
3733	0	22803	
3734	0	38056	
3735	0	30520	
3736	0	21720	
3737	0	17449	
3738	0	39506	
3739	0	36880	
3740	0	20032	
3741	0	18729	
3742	0	26450	
3743	0	30074	
3744	0	38535	
3745	0	41671	
3746	0	36650	
3747	0	30571	
3748	0	38172	
3749	0	42614	
3750	0	36637	
3751	0	33220	
3752	0	37280	
3753	0	45255	
3754	0	30489	
3755	0	10778	
3756	0	13507	
3757	0	25784	
3758	0	32050	
3759	0	35322	
3760	0	33917	
3761	0	34832	
3762	0	37974	
3763	0	38286	
3764	0	35147	
3765	0	33057	
3766	0	34260	
3767	0	36422	
3768	0	36256	
3769	0	45992	
3770	0	42758	
3771	0	28762	
3772	0	19483	
3773	0	32030	
3774	0	38406	
3775	0	32244	
3776	0	21469	
3777	0	24610	
3778	0	28156	
3779	0	31159	
3780	0	35496	
3781	0	37703	
3782	0	32690	
3783	0	36624	
3784	0	55513	
3785	0	57314	
3786	0	36288	
3787	0	22242	
3788	0	35988	
3789	0	49181	
3790	0	27076	
3791	0	30	
3792	0	1830	
3793	0	5963	
3794	0	11112	
3795	0	34446	
3796	0	37576	
3797	0	35220	
3798	0	34328	
3799	0	39492	
3800	0	40300	
3801	0	39943	
3802	0	51908	
3803	0	60256	
3804	0	50586	
3805	0	27869	
3806	0	18596	
3807	0	22686	
3808	0	36604	
3809	0	35538	
3810	0	17446	
3811	0	18804	
3812	0	35844	
3813	0	38750	
3814	0	40916	
3815	0	56537	
3816	0	56517	
3817	0	28125	
3818	0	2151	
3819	0	32456	
3820	0	40999	
3821	0	25474	
3822	0	6969	
3823	0	17850	
3824	0	31795	
3825	0	39380	
3826	0	42629	
3827	0	41776	
3828	0	35705	
3829	0	24699	
3830	0	13336	
3831	0	27376	
3832	0	32294	
3833	0	33297	
3834	0	38872	
3835	0	49189	
3836	0	49652	
3837	0	38452	
3838	0	24296	
3839	0	24894	
3840	0	31970	
3841	0	37833	
3842	0	49780	
3843	0	45280	
3844	0	32906	
3845	0	22842	
3846	0	20957	
3847	0	19148	
3848	0	26171	
3849	0	29712	
3850	0	31598	
3851	0	33171	
3852	0	34604	
3853	0	40071	
3854	0	37943	
3855	0	32322	
3856	0	33282	
3857	0	39532	
3858	0	38320	
3859	0	28953	
3860	0	23487	
3861	0	25126	
3862	0	27922	
3863	0	32364	
3864	0	34604	
3865	0	37880	
3866	0	38654	
3867	0	38256	
3868	0	32138	
3869	0	33364	
3870	0	42910	
3871	0	50096	
3872	0	37682	
3873	0	15849	
3874	0	14762	
3875	0	36530	
3876	0	36742	
3877	0	26479	
3878	0	27312	
3879	0	33026	
3880	0	31037	
3881	0	36576	
3882	0	45031	
3883	0	25729	
3884	0	16862	
3885	0	14238	
3886	0	19923	
3887	0	41488	
3888	0	45535	
3889	0	40804	
3890	0	27454	
3891	0	33960	
3892	0	36090	
3893	0	35861	
3894	0	35396	
3895	0	35796	
3896	0	36050	
3897	0	35736	
3898	0	32053	
3899	0	53510	
3900	0	57188	
3901	0	48160	
3902	0	818	
3903	0	1070	
3904	0	31260	
3905	0	35512	
3906	0	27773	
3907	0	20967	
3908	0	27110	
3909	0	33077	
3910	0	35923	
3911	0	36713	
3912	0	35800	
3913	0	34786	
3914	0	34148	
3915	0	34160	
3916	0	34463	
3917	0	33885	
3918	0	34448	
3919	0	34918	
3920	0	35136	
3921	0	34352	
3922	0	33958	
3923	0	34473	
3924	0	32660	
3925	0	34848	
3926	0	41915	
3927	0	36959	
3928	0	30881	
3929	0	28135	
3930	0	26865	
3931	0	33520	
3932	0	48254	
3933	0	38356	
3934	0	20347	
3935	0	33316	
3936	0	55860	
3937	0	47210	
3938	0	19488	
3939	0	17302	
3940	0	20356	
3941	0	7520	
3942	0	17287	
3943	0	25640	
3944	0	28240	
3945	0	35207	
3946	0	41404	
3947	0	39165	
3948	0	34847	
3949	0	39010	
3950	0	39780	
3951	0	37465	
3952	0	33655	
3953	0	32120	
3954	0	30354	
3955	0	38791	
3956	0	35435	
3957	0	22244	
3958	0	24231	
3959	0	34509	
3960	0	36212	
3961	0	36433	
3962	0	35233	
3963	0	31963	
3964	0	27545	
3965	0	33198	
3966	0	37605	
3967	0	39664	
3968	0	35668	
3969	0	34140	
3970	0	32727	
3971	0	30372	
3972	0	30712	
3973	0	40141	
3974	0	38937	
3975	0	39028	
3976	0	32488	
3977	0	39912	
3978	0	38844	
3979	0	41321	
3980	0	41596	
3981	0	20505	
3982	0	2855	
3983	0	17687	
3984	0	26036	
3985	0	22684	
3986	0	19301	
3987	0	27468	
3988	0	33194	
3989	0	36882	
3990	0	41222	
3991	0	47303	
3992	0	41084	
3993	0	29250	
3994	0	26428	
3995	0	32317	
3996	0	37756	
3997	0	36052	
3998	0	34663	
3999	0	33028	
4000	0	31806	
4001	0	32481	
4002	0	48397	
4003	0	52986	
4004	0	41367	
4005	0	23428	
4006	0	15738	
4007	0	22777	
4008	0	27785	
4009	0	30405	
4010	0	26721	
4011	0	27933	
4012	0	30975	
4013	0	32344	
4014	0	33831	
4015	0	35510	
4016	0	36858	
4017	0	37772	
4018	0	39156	
4019	0	38322	
4020	0	34214	
4021	0	29221	
4022	0	29777	
4023	0	31800	
4024	0	34972	
4025	0	37499	
4026	0	34521	
4027	0	28488	
4028	0	27380	
4029	0	30271	
4030	0	31800	
4031	0	33072	
4032	0	33991	
4033	0	34631	
4034	0	35251	
4035	0	34832	
4036	0	37662	
4037	0	35452	
4038	0	28813	
4039	0	26856	
4040	0	36536	
4041	0	33607	
4042	0	25943	
4043	0	26218	
4044	0	31047	
4045	0	32170	
4046	0	33274	
4047	0	33823	
4048	0	34332	
4049	0	33848	
4050	0	33590	
4051	0	30848	
4052	0	30098	
4053	0	31908	
4054	0	33788	
4055	0	34145	
4056	0	36596	
4057	0	37810	
4058	0	36061	
4059	0	36799	
4060	0	34236	
4061	0	36690	
4062	0	50981	
4063	0	39790	
4064	0	20100	
4065	0	13984	
4066	0	22888	
4067	0	27406	
4068	0	28652	
4069	0	30302	
4070	0	27255	
4071	0	30294	
4072	0	34949	
4073	0	43584	
4074	0	39054	
4075	0	35408	
4076	0	30617	
4077	0	33917	
4078	0	27167	
4079	0	27353	
4080	0	26545	
4081	0	31598	
4082	0	34075	
4083	0	35724	
4084	0	37222	
4085	0	37008	
4086	0	37452	
4087	0	38655	
4088	0	34277	
4089	0	28828	
4090	0	27312	
4091	0	29328	
4092	0	31064	
4093	0	32228	
4094	0	33169	
4095	0	33671	
4096	0	33351	
4097	0	33180	
4098	0	33639	
4099	0	34543	
4100	0	34248	
4101	0	33080	
4102	0	32226	
4103	0	32350	
4104	0	32263	
4105	0	32171	
4106	0	32320	
4107	0	32666	
4108	0	32956	
4109	0	33081	
4110	0	32958	
4111	0	32958	
4112	0	33136	
4113	0	34131	
4114	0	33235	
4115	0	31484	
4116	0	32954	
4117	0	33353	
4118	0	32711	
4119	0	32615	
4120	0	32459	
4121	0	32599	
4122	0	32767	
4123	0	32813	
4124	0	32711	
4125	0	32454	
4126	0	32475	
4127	0	32545	
4128	0	32808	
4129	0	32711	
4130	0	33143	
4131	0	32845	
4132	0	35392	
4133	0	35666	
4134	0	32768	
4135	0	29156	
4136	0	29383	
4137	0	31548	
4138	0	32536	
4139	0	32563	
4140	0	30871	
4141	0	36734	
4142	0	40868	
4143	0	40434	
4144	0	33718	
4145	0	28412	
4146	0	24207	
4147	0	25187	
4148	0	31087	
4149	0	33260	
4150	0	32263	
4151	0	32653	
4152	0	33318	
4153	0	33138	
4154	0	32647	
4155	0	32888	
4156	0	33505	
4157	0	34262	
4158	0	33950	
4159	0	33426	
4160	0	34725	
4161	0	35814	
4162	0	36709	
4163	0	37383	
4164	0	34119	
4165	0	28018	
4166	0	24475	
4167	0	26714	
4168	0	29318	
4169	0	33021	
4170	0	34383	
4171	0	34921	
4172	0	34794	
4173	0	33023	
4174	0	30610	
4175	0	29379	
4176	0	31516	
4177	0	33529	
4178	0	33814	
4179	0	33491	
4180	0	33330	
4181	0	33550	
4182	0	33618	
4183	0	33442	
4184	0	33376	
4185	0	33319	
4186	0	32902	
4187	0	32910	
4188	0	33024	
4189	0	33006	
4190	0	32954	
4191	0	32951	
4192	0	32848	
4193	0	32519	
4194	0	32598	
4195	0	32787	
4196	0	32925	
4197	0	33030	
4198	0	32927	
4199	0	32755	
4200	0	32636	
4201	0	32519	
4202	0	32504	
4203	0	32593	
4204	0	32809	
4205	0	32991	
4206	0	32945	
4207	0	32820	
4208	0	32800	
4209	0	32694	
4210	0	32709	
4211	0	32774	
4212	0	32873	
4213	0	32720	
4214	0	32571	
4215	0	32627	
4216	0	32602	
4217	0	32575	
4218	0	32634	
4219	0	32871	
4220	0	32870	
4221	0	32909	
4222	0	32829	
4223	0	32647	
4224	0	32511	
4225	0	32568	
4226	0	32771	
4227	0	32957	
4228	0	32806	
4229	0	32760	
4230	0	32865	
4231	0	32805	
4232	0	32815	
4233	0	32693	
4234	0	32667	
4235	0	32647	
4236	0	32702	
4237	0	32730	
4238	0	32722	
4239	0	32711	
4240	0	32699	
4241	0	32668	
4242	0	32767	
4243	0	32839	
4244	0	32807	
4245	0	32775	
4246	0	32685	
4247	0	32688	
4248	0	32669	
4249	0	32670	
4250	0	32621	
4251	0	32692	
4252	0	32753	
4253	0	32767	
4254	0	32710	
4255	0	32710	
4256	0	32736	
4257	0	32809	
4258	0	32798	
4259	0	32720	
4260	0	32744	
4261	0	32799	
4262	0	32719	
4263	0	32677	
4264	0	32689	
4265	0	32800	
4266	0	32736	
4267	0	32690	
4268	0	32706	
4269	0	32751	
4270	0	32707	
4271	0	32699	
4272	0	32668	
4273	0	32663	
4274	0	32764	
4275	0	32731	
4276	0	32721	
4277	0	32678	
4278	0	32711	
4279	0	32764	
4280	0	32751	
4281	0	32724	
4282	0	32700	
4283	0	32690	
4284	0	32892	
4285	0	32891	
4286	0	32547	
4287	0	32647	
4288	0	32775	
4289	0	32774	
4290	0	32519	
4291	0	32710	
4292	0	32990	
4293	0	32907	
4294	0	32884	
4295	0	32751	
4296	0	32704	
4297	0	32742	
4298	0	32714	
4299	0	32770	
4300	0	32828	
4301	0	32961	
4302	0	32925	
4303	0	32775	
4304	0	32711	
4305	0	32754	
4306	0	32721	
4307	0	32759	
4308	0	32752	
4309	0	32690	
4310	0	32700	
4311	0	32733	
4312	0	32692	
4313	0	32644	
4314	0	32754	
4315	0	32855	
4316	0	32818	
4317	0	32869	
4318	0	32834	
4319	0	32797	
4320	0	32812	
4321	0	32766	
4322	0	32763	
4323	0	32722	
4324	0	32775	
4325	0	32732	
4326	0	32717	
4327	0	32700	
4328	0	32891	
4329	0	32962	
4330	0	32891	
4331	0	32775	
4332	0	32752	
4333	0	32723	
4334	0	32641	
4335	0	32716	
4336	0	32722	
4337	0	32757	
4338	0	32762	
4339	0	32726	
4340	0	32743	
4341	0	32762	
4342	0	32755	
4343	0	32767	
4344	0	32709	
4345	0	32729	
4346	0	32775	
4347	0	32782	
4348	0	32793	
4349	0	32775	
4350	0	32792	
4351	0	32766	
4352	0	32775	
4353	0	32741	
4354	0	32659	
4355	0	32655	
4356	0	32644	
4357	0	32725	
4358	0	32687	
4359	0	32605	
4360	0	32656	
4361	0	32921	
4362	0	32839	
4363	0	32818	
4364	0	32935	
4365	0	32929	
4366	0	32888	
4367	0	32837	
4368	0	32792	
4369	0	32734	
4370	0	32588	
4371	0	32659	
4372	0	32873	
4373	0	32948	
4374	0	32750	
4375	0	32711	
4376	0	32703	
4377	0	32594	
4378	0	32680	
4379	0	32708	
4380	0	32706	
4381	0	32761	
4382	0	32775	
4383	0	32652	
4384	0	32651	
4385	0	32689	
4386	0	32692	
4387	0	32722	
4388	0	32743	
4389	0	32791	
4390	0	32791	
4391	0	32757	
4392	0	32646	
4393	0	32704	
4394	0	32710	
4395	0	32839	
4396	0	32857	
4397	0	32812	
4398	0	32627	
4399	0	32668	
4400	0	32631	
4401	0	32711	
4402	0	32799	
4403	0	32757	
4404	0	32742	
4405	0	32743	
4406	0	32792	
4407	0	32739	
4408	0	32710	
4409	0	32825	
4410	0	33027	
4411	0	32763	
4412	0	32618	
4413	0	32616	
4414	0	32736	
4415	0	32951	
4416	0	32898	
4417	0	32812	
4418	0	32612	
4419	0	32706	
4420	0	32692	
4421	0	32724	
4422	0	32892	
4423	0	32943	
4424	0	32773	
4425	0	32738	
4426	0	32797	
4427	0	32664	
4428	0	32639	
4429	0	32672	
4430	0	32669	
4431	0	32727	
4432	0	32755	
4433	0	32761	
4434	0	32737	
4435	0	32711	
4436	0	32640	
4437	0	32703	
4438	0	32775	
4439	0	32682	
4440	0	32647	
4441	0	32762	
4442	0	32845	
4443	0	32871	
4444	0	32751	
4445	0	32765	
4446	0	32748	
4447	0	32849	
4448	0	32849	
4449	0	32785	
4450	0	32810	
4451	0	32653	
4452	0	32760	
4453	0	32828	
4454	0	32807	
4455	0	32720	
4456	0	32596	
4457	0	32634	
4458	0	32694	
4459	0	32667	
4460	0	32799	
4461	0	32872	
4462	0	32865	
4463	0	32832	
4464	0	32804	
4465	0	32699	
4466	0	32695	
4467	0	32759	
4468	0	32967	
4469	0	32878	
4470	0	32712	
4471	0	32674	
4472	0	32699	
4473	0	32743	
4474	0	32786	
4475	0	32815	
4476	0	32792	
4477	0	32801	
4478	0	32732	
4479	0	32733	
4480	0	32715	
4481	0	32772	
4482	0	32724	
4483	0	32719	
4484	0	32903	
4485	0	32693	
4486	0	32621	
4487	0	32730	
4488	0	32676	
4489	0	32830	
4490	0	32990	
4491	0	32860	
4492	0	32784	
4493	0	32822	
4494	0	32804	
4495	0	32754	
4496	0	32723	
4497	0	32775	
4498	0	32785	
4499	0	32847	
4500	0	32786	
4501	0	32711	
4502	0	32670	
4503	0	32598	
4504	0	32691	
4505	0	32734	
4506	0	32800	
4507	0	32759	
4508	0	32768	
4509	0	32812	
4510	0	32775	
4511	0	32752	
4512	0	32697	
4513	0	32775	
4514	0	32895	
4515	0	32738	
4516	0	32690	
4517	0	32805	
4518	0	32728	
4519	0	32839	
4520	0	32958	
4521	0	32871	
4522	0	32723	
4523	0	32679	
4524	0	32723	
4525	0	32710	
4526	0	32627	
4527	0	32698	
4528	0	32626	
4529	0	32559	
4530	0	32786	
4531	0	32800	
4532	0	32722	
4533	0	32770	
4534	0	32813	
4535	0	32696	
4536	0	32614	
4537	0	32807	
4538	0	32845	
4539	0	32831	
4540	0	32751	
4541	0	32775	
4542	0	32775	
4543	0	32666	
4544	0	32692	
4545	0	32693	
4546	0	32775	
4547	0	32829	
4548	0	32689	
4549	0	32617	
4550	0	32822	
4551	0	32871	
4552	0	32794	
4553	0	32816	
4554	0	32869	
4555	0	32662	
4556	0	32716	
4557	0	32727	
4558	0	32646	
4559	0	32762	
4560	0	32775	
4561	0	32775	
4562	0	32749	
4563	0	32688	
4564	0	32795	
4565	0	32696	
4566	0	32640	
4567	0	32775	
4568	0	32854	
4569	0	32918	
4570	0	32873	
4571	0	32731	
4572	0	32666	
4573	0	32664	
4574	0	32736	
4575	0	32615	
4576	0	32629	
4577	0	32742	
4578	0	32775	
4579	0	32775	
4580	0	32742	
4581	0	32753	
4582	0	32806	
4583	0	32688	
4584	0	32710	
4585	0	32756	
4586	0	32606	
4587	0	32796	
4588	0	32886	
4589	0	32755	
4590	0	32525	
4591	0	32575	
4592	0	32720	
4593	0	32752	
4594	0	33009	
4595	0	32978	
4596	0	32740	
4597	0	32719	
4598	0	32732	
4599	0	32735	
4600	0	32647	
4601	0	32524	
4602	0	32800	
4603	0	33055	
4604	0	32929	
4605	0	32807	
4606	0	32761	
4607	0	32647	
4608	0	32725	
4609	0	32726	
4610	0	32739	
4611	0	32775	
4612	0	32761	
4613	0	32642	
4614	0	32695	
4615	0	32725	
4616	0	32730	
4617	0	32709	
4618	0	32755	
4619	0	32775	
4620	0	32749	
4621	0	32768	
4622	0	32796	
4623	0	32886	
4624	0	32679	
4625	0	32698	
4626	0	32770	
4627	0	32796	
4628	0	32749	
4629	0	32642	
4630	0	32637	
4631	0	32809	
4632	0	32816	
4633	0	32900	
4634	0	32885	
4635	0	32839	
4636	0	32709	
4637	0	32661	
4638	0	32811	
4639	0	32749	
4640	0	32768	
4641	0	32788	
4642	0	32739	
4643	0	32673	
4644	0	32627	
4645	0	32838	
4646	0	32800	
4647	0	32761	
4648	0	32711	
4649	0	32632	
4650	0	32574	
4651	0	32758	
4652	0	32855	
4653	0	32796	
4654	0	32882	
4655	0	32751	
4656	0	32729	
4657	0	32734	
4658	0	32704	
4659	0	32790	
4660	0	32720	
4661	0	32684	
4662	0	32718	
4663	0	32703	
4664	0	32740	
4665	0	32791	
4666	0	32869	
4667	0	32836	
4668	0	32832	
4669	0	32734	
4670	0	32672	
4671	0	32685	
4672	0	32815	
4673	0	32711	
4674	0	32614	
4675	0	32737	
4676	0	32676	
4677	0	32948	
4678	0	32985	
4679	0	32798	
4680	0	32647	
4681	0	32668	
4682	0	32847	
4683	0	32823	
4684	0	32748	
4685	0	32724	
4686	0	32732	
4687	0	32727	
4688	0	32622	
4689	0	32711	
4690	0	32932	
4691	0	32813	
4692	0	32680	
4693	0	32631	
4694	0	32630	
4695	0	32668	
4696	0	32775	
4697	0	32807	
4698	0	32782	
4699	0	32707	
4700	0	32738	
4701	0	32814	
4702	0	32788	
4703	0	32771	
4704	0	32807	
4705	0	32679	
4706	0	32737	
4707	0	32815	
4708	0	32775	
4709	0	32735	
4710	0	32720	
4711	0	32731	
4712	0	32745	
4713	0	32787	
4714	0	32773	
4715	0	32766	
4716	0	32730	
4717	0	32745	
4718	0	32736	
4719	0	32789	
4720	0	32671	
4721	0	32690	
4722	0	32628	
4723	0	32734	
4724	0	32801	
4725	0	32900	
4726	0	32861	
4727	0	32731	
4728	0	32625	
4729	0	32896	
4730	0	32935	
4731	0	32836	
4732	0	32743	
4733	0	32718	
4734	0	32618	
4735	0	32631	
4736	0	32703	
4737	0	32788	
4738	0	32742	
4739	0	32731	
4740	0	32722	
4741	0	32765	
4742	0	32742	
4743	0	32749	
4744	0	32772	
4745	0	32763	
4746	0	32590	
4747	0	32671	
4748	0	32733	
4749	0	32773	
4750	0	32870	
4751	0	32813	
4752	0	32839	
4753	0	32726	
4754	0	32753	
4755	0	32766	
4756	0	32732	
4757	0	32733	
4758	0	32742	
4759	0	32784	
4760	0	32775	
4761	0	32753	
4762	0	32813	
4763	0	32743	
4764	0	32716	
4765	0	32659	
4766	0	32656	
4767	0	32730	
4768	0	32750	
4769	0	32801	
4770	0	32773	
4771	0	32739	
4772	0	32732	
4773	0	32692	
4774	0	32682	
4775	0	32654	
4776	0	32799	
4777	0	32890	
4778	0	32796	
4779	0	32751	
4780	0	32755	
4781	0	32767	
4782	0	32814	
4783	0	32695	
4784	0	32775	
4785	0	32811	
4786	0	32773	
4787	0	32711	
4788	0	32810	
4789	0	32802	
4790	0	32714	
4791	0	32846	
4792	0	32679	
4793	0	32701	
4794	0	32737	
4795	0	32789	
4796	0	32760	
4797	0	32711	
4798	0	32783	
4799	0	32797	
4800	0	32782	
4801	0	32839	
4802	0	32775	
4803	0	32796	
4804	0	32805	
4805	0	32790	
4806	0	32709	
4807	0	32676	
4808	0	32671	
4809	0	32710	
4810	0	32807	
4811	0	32790	
4812	0	32756	
4813	0	32699	
4814	0	32650	
4815	0	32717	
4816	0	32826	
4817	0	32861	
4818	0	32888	
4819	0	32873	
4820	0	32801	
4821	0	32743	
4822	0	32834	
4823	0	32738	
4824	0	32738	
4825	0	32745	
4826	0	32766	
4827	0	32719	
4828	0	32724	
4829	0	32637	
4830	0	32492	
4831	0	32489	
4832	0	32703	
4833	0	32889	
4834	0	32856	
4835	0	32839	
4836	0	32791	
4837	0	32748	
4838	0	32748	
4839	0	32728	
4840	0	32688	
4841	0	32694	
4842	0	32760	
4843	0	32837	
4844	0	32775	
4845	0	32692	
4846	0	32701	
4847	0	32720	
4848	0	32807	
4849	0	32823	
4850	0	32775	
4851	0	32764	
4852	0	32749	
4853	0	32690	
4854	0	32653	
4855	0	32694	
4856	0	32679	
4857	0	32772	
4858	0	32786	
4859	0	32830	
4860	0	32791	
4861	0	32919	
4862	0	32783	
4863	0	32679	
4864	0	32612	
4865	0	32711	
4866	0	32746	
4867	0	32662	
4868	0	32731	
4869	0	32855	
4870	0	32797	
4871	0	32775	
4872	0	32673	
4873	0	32688	
4874	0	32806	
4875	0	32876	
4876	0	32802	
4877	0	32707	
4878	0	32679	
4879	0	32775	
4880	0	32847	
4881	0	32829	
4882	0	32687	
4883	0	32735	
4884	0	32742	
4885	0	32759	
4886	0	32685	
4887	0	32758	
4888	0	32760	
4889	0	32799	
4890	0	32788	
4891	0	32688	
4892	0	32707	
4893	0	32672	
4894	0	32730	
4895	0	32805	
4896	0	32669	
4897	0	32676	
4898	0	32681	
4899	0	32735	
4900	0	32882	
4901	0	32890	
4902	0	32766	
4903	0	32718	
4904	0	32796	
4905	0	32771	
4906	0	32837	
4907	0	32831	
4908	0	32834	
4909	0	32847	
4910	0	32694	
4911	0	32709	
4912	0	32826	
4913	0	32775	
4914	0	32745	
4915	0	32738	
4916	0	32677	
4917	0	32615	
4918	0	32680	
4919	0	32804	
4920	0	32775	
4921	0	32745	
4922	0	32727	
4923	0	32640	
4924	0	32634	
4925	0	32889	
4926	0	32754	
4927	0	32813	
4928	0	32903	
4929	0	32846	
4930	0	32738	
4931	0	32706	
4932	0	32763	
4933	0	32709	
4934	0	32640	
4935	0	32647	
4936	0	32647	
4937	0	32672	
4938	0	32719	
4939	0	32690	
4940	0	32678	
4941	0	32771	
4942	0	32786	
4943	0	32733	
4944	0	32761	
4945	0	32793	
4946	0	32894	
4947	0	32896	
4948	0	32879	
4949	0	32806	
4950	0	32774	
4951	0	32775	
4952	0	32748	
4953	0	32735	
4954	0	32686	
4955	0	32647	
4956	0	32680	
4957	0	32730	
4958	0	32752	
4959	0	32847	
4960	0	32761	
4961	0	32745	
4962	0	32687	
4963	0	32701	
4964	0	32744	
4965	0	32705	
4966	0	32734	
4967	0	32772	
4968	0	32735	
4969	0	32724	
4970	0	32758	
4971	0	32709	
4972	0	32772	
4973	0	32836	
4974	0	32759	
4975	0	32823	
4976	0	32761	
4977	0	32775	
4978	0	32736	
4979	0	32702	
4980	0	32727	
4981	0	32689	
4982	0	32794	
4983	0	32774	
4984	0	32647	
4985	0	32681	
4986	0	32720	
4987	0	32670	
4988	0	32805	
4989	0	32827	
4990	0	32785	
4991	0	32855	
4992	0	32859	
4993	0	32827	
4994	0	32721	
4995	0	32716	
4996	0	32823	
4997	0	32794	
4998	0	32682	
4999	0	32730	
5000	0	32684	
5001	0	32668	
5002	0	32775	
5003	0	32770	
5004	0	32566	
5005	0	32583	
5006	0	32797	
5007	0	33051	
5008	0	32930	
5009	0	32772	
5010	0	32756	
5011	0	32716	
5012	0	32734	
5013	0	32685	
5014	0	32606	
5015	0	32755	
5016	0	32832	
5017	0	32815	
5018	0	32772	
5019	0	32719	
5020	0	32676	
5021	0	32694	
5022	0	32755	
5023	0	32791	
5024	0	32837	
5025	0	32794	
5026	0	32751	
5027	0	32745	
5028	0	32671	
5029	0	32663	
5030	0	32647	
5031	0	32610	
5032	0	32671	
5033	0	32733	
5034	0	32863	
5035	0	32868	
5036	0	32775	
5037	0	32690	
5038	0	32684	
5039	0	32815	
5040	0	32842	
5041	0	32743	
5042	0	32740	
5043	0	32745	
5044	0	32788	
5045	0	32775	
5046	0	32775	
5047	0	32681	
5048	0	32736	
5049	0	32764	
5050	0	32759	
5051	0	32699	
5052	0	32761	
5053	0	32766	
5054	0	32764	
5055	0	32711	
5056	0	32672	
5057	0	32749	
5058	0	32720	
5059	0	32746	
5060	0	32826	
5061	0	32761	
5062	0	32681	
5063	0	32743	
5064	0	32700	
5065	0	32807	
5066	0	32876	
5067	0	32813	
5068	0	32815	
5069	0	32854	
5070	0	32758	
5071	0	32703	
5072	0	32711	
5073	0	32710	
5074	0	32561	
5075	0	32716	
5076	0	32758	
5077	0	32813	
5078	0	32891	
5079	0	32831	
5080	0	32799	
5081	0	32714	
5082	0	32583	
5083	0	32594	
5084	0	32842	
5085	0	32888	
5086	0	32624	
5087	0	32588	
5088	0	32836	
5089	0	32871	
5090	0	32870	
5091	0	32836	
5092	0	32775	
5093	0	32754	
5094	0	32750	
5095	0	32775	
5096	0	32770	
5097	0	32689	
5098	0	32659	
5099	0	32696	
5100	0	32711	
5101	0	32668	
5102	0	32647	
5103	0	32690	
5104	0	32726	
5105	0	32775	
5106	0	32637	
5107	0	32703	
5108	0	32877	
5109	0	32933	
5110	0	32822	
5111	0	32770	
5112	0	32745	
5113	0	32770	
5114	0	32717	
5115	0	32732	
5116	0	32839	
5117	0	32837	
5118	0	32768	
5119	0	32696	
5120	0	32733	
5121	0	32656	
5122	0	32644	
5123	0	32738	
5124	0	32818	
5125	0	32834	
5126	0	32964	
5127	0	32976	
5128	0	32793	
5129	0	32759	
5130	0	32706	
5131	0	32719	
5132	0	32626	
5133	0	32744	
5134	0	32807	
5135	0	32748	
5136	0	32770	
5137	0	32711	
5138	0	32807	
5139	0	32816	
5140	0	32766	
5141	0	32752	
5142	0	32702	
5143	0	32625	
5144	0	32670	
5145	0	32786	
5146	0	32810	
5147	0	32711	
5148	0	32678	
5149	0	32646	
5150	0	32726	
5151	0	32761	
5152	0	32770	
5153	0	32813	
5154	0	32743	
5155	0	32701	
5156	0	32715	
5157	0	32733	
5158	0	32749	
5159	0	32775	
5160	0	32791	
5161	0	32694	
5162	0	32724	
5163	0	32821	
5164	0	32775	
5165	0	32763	
5166	0	32677	
5167	0	32676	
5168	0	32644	
5169	0	32775	
5170	0	32986	
5171	0	32943	
5172	0	32871	
5173	0	32847	
5174	0	32794	
5175	0	32743	
5176	0	32678	
5177	0	32644	
5178	0	32685	
5179	0	32766	
5180	0	32743	
5181	0	32677	
5182	0	32647	
5183	0	32775	
5184	0	32761	
5185	0	32742	
5186	0	32749	
5187	0	32743	
5188	0	32753	
5189	0	32858	
5190	0	32743	
5191	0	32700	
5192	0	32664	
5193	0	32719	
5194	0	32803	
5195	0	32775	
5196	0	32831	
5197	0	32683	
5198	0	32633	
5199	0	32697	
5200	0	32788	
5201	0	32785	
5202	0	32805	
5203	0	32749	
5204	0	32663	
5205	0	32560	
5206	0	32817	
5207	0	32949	
5208	0	32768	
5209	0	32703	
5210	0	32823	
5211	0	32839	
5212	0	32775	
5213	0	32699	
5214	0	32596	
5215	0	32632	
5216	0	32887	
5217	0	32772	
5218	0	32679	
5219	0	32737	
5220	0	32685	
5221	0	32804	
5222	0	32834	
5223	0	32722	
5224	0	32677	
5225	0	32826	
5226	0	32895	
5227	0	32809	
5228	0	32775	
5229	0	32718	
5230	0	32683	
5231	0	32664	
5232	0	32772	
5233	0	32868	
5234	0	32900	
5235	0	32804	
5236	0	32768	
5237	0	32734	
5238	0	32762	
5239	0	32807	
5240	0	32658	
5241	0	32647	
5242	0	32754	
5243	0	32571	
5244	0	32672	
5245	0	32740	
5246	0	32756	
5247	0	32717	
5248	0	32789	
5249	0	32765	
5250	0	32688	
5251	0	32608	
5252	0	32660	
5253	0	32860	
5254	0	32876	
5255	0	32852	
5256	0	32796	
5257	0	32718	
5258	0	32761	
5259	0	32772	
5260	0	32696	
5261	0	32708	
5262	0	32823	
5263	0	32821	
5264	0	32738	
5265	0	32752	
5266	0	32747	
5267	0	32602	
5268	0	32647	
5269	0	32698	
5270	0	32787	
5271	0	32705	
5272	0	32768	
5273	0	32707	
5274	0	32720	
5275	0	32775	
5276	0	32745	
5277	0	32804	
5278	0	32829	
5279	0	32767	
5280	0	32720	
5281	0	32734	
5282	0	32741	
5283	0	32743	
5284	0	32749	
5285	0	32705	
5286	0	32717	
5287	0	32701	
5288	0	32675	
5289	0	32775	
5290	0	32775	
5291	0	32795	
5292	0	32748	
5293	0	32847	
5294	0	32823	
5295	0	32802	
5296	0	32757	
5297	0	32734	
5298	0	32794	
5299	0	32654	
5300	0	32591	
5301	0	32741	
5302	0	32830	
5303	0	32792	
5304	0	32807	
5305	0	32951	
5306	0	32863	
5307	0	32774	
5308	0	32767	
5309	0	32759	
5310	0	32708	
5311	0	32694	
5312	0	32698	
5313	0	32774	
5314	0	32756	
5315	0	32743	
5316	0	32756	
5317	0	32654	
5318	0	32710	
5319	0	32767	
5320	0	32662	
5321	0	32674	
5322	0	32815	
5323	0	32791	
5324	0	32809	
5325	0	32676	
5326	0	32711	
5327	0	32733	
5328	0	32799	
5329	0	32804	
5330	0	32719	
5331	0	32736	
5332	0	32754	
5333	0	32772	
5334	0	32700	
5335	0	32706	
5336	0	32755	
5337	0	32699	
5338	0	32753	
5339	0	32816	
5340	0	32802	
5341	0	32798	
5342	0	32786	
5343	0	32735	
5344	0	32835	
5345	0	32836	
5346	0	32820	
5347	0	32775	
5348	0	32714	
5349	0	32703	
5350	0	32823	
5351	0	32819	
5352	0	32775	
5353	0	32668	
5354	0	32732	
5355	0	32764	
5356	0	32752	
5357	0	32706	
5358	0	32844	
5359	0	32823	
5360	0	32697	
5361	0	32677	
5362	0	32775	
5363	0	32797	
5364	0	32679	
5365	0	32746	
5366	0	32740	
5367	0	32733	
5368	0	32701	
5369	0	32699	
5370	0	32710	
5371	0	32671	
5372	0	32576	
5373	0	32766	
5374	0	32908	
5375	0	32785	
5376	0	32731	
5377	0	32677	
5378	0	32754	
5379	0	32667	
5380	0	32676	
5381	0	32735	
5382	0	32966	
5383	0	32881	
5384	0	32742	
5385	0	32653	
5386	0	32706	
5387	0	32760	
5388	0	32806	
5389	0	32703	
5390	0	32671	
5391	0	32863	
5392	0	32854	
5393	0	32813	
5394	0	32803	
5395	0	32789	
5396	0	32800	
5397	0	32721	
5398	0	32615	
5399	0	32581	
