# OpenSignals Text File Format
# {"00:07:80:FC:57:23": {"sensor": ["EMG"], "device name": "00:07:80:FC:57:23", "column": ["nSeq", "DI", "peitoral"], "sync interval": 2, "time": "12:52:14.918", "comments": "", "device connection": "BTH00:07:80:FC:57:23", "channels": [3], "keywords": "", "convertedValues": 0, "digital IO": [0, 1], "mode": 0, "date": "2018-7-9", "firmware version": 773, "device": "biosignalsplux", "position": 0, "sampling rate": 1000, "label": ["peitoral"], "resolution": [16], "forcePlatform values": [0.0, 0.0, 0.0, 0.0, 0.0, 0.0, 0.0, 0.0], "special": [{}]}}
# EndOfHeader
0	0	32887	
1	0	32852	
2	0	32833	
3	0	32842	
4	0	32772	
5	0	32727	
6	0	32744	
7	0	32732	
8	0	32768	
9	0	32768	
10	0	32869	
11	0	32850	
12	0	32839	
13	0	32786	
14	0	32812	
15	0	32833	
16	0	32858	
17	0	32830	
18	0	32809	
19	0	32828	
20	0	32848	
21	0	32794	
22	0	32804	
23	0	32759	
24	0	32824	
25	0	32828	
26	0	32812	
27	0	32832	
28	0	32877	
29	0	32807	
30	0	32807	
31	0	32842	
32	0	32800	
33	0	32744	
34	0	32760	
35	0	32826	
36	0	32813	
37	0	32874	
38	0	32919	
39	0	32932	
40	0	32838	
41	0	32775	
42	0	32739	
43	0	32807	
44	0	32800	
45	0	32775	
46	0	32823	
47	0	32857	
48	0	32839	
49	0	32818	
50	0	32822	
51	0	32862	
52	0	32820	
53	0	32793	
54	0	32809	
55	0	32858	
56	0	32836	
57	0	32816	
58	0	32807	
59	0	32797	
60	0	32732	
61	0	32773	
62	0	32886	
63	0	32807	
64	0	32800	
65	0	32823	
66	0	32834	
67	0	32827	
68	0	32752	
69	0	32797	
70	0	32749	
71	0	32738	
72	0	32802	
73	0	32845	
74	0	32823	
75	0	32809	
76	0	32813	
77	0	32926	
78	0	32903	
79	0	32871	
80	0	32858	
81	0	32827	
82	0	32802	
83	0	32808	
84	0	32839	
85	0	32707	
86	0	32715	
87	0	32757	
88	0	32771	
89	0	32902	
90	0	32797	
91	0	32834	
92	0	32807	
93	0	32788	
94	0	32788	
95	0	32761	
96	0	32704	
97	0	32739	
98	0	32775	
99	0	32791	
100	0	32828	
101	0	32838	
102	0	32944	
103	0	32857	
104	0	32903	
105	0	32865	
106	0	32894	
107	0	32926	
108	0	32848	
109	0	32812	
110	0	32812	
111	0	32730	
112	0	32860	
113	0	32810	
114	0	32752	
115	0	32814	
116	0	32857	
117	0	32845	
118	0	32805	
119	0	32807	
120	0	32839	
121	0	32860	
122	0	32838	
123	0	32851	
124	0	32799	
125	0	32760	
126	0	32835	
127	0	32771	
128	0	32761	
129	0	32781	
130	0	32808	
131	0	32837	
132	0	32775	
133	0	32827	
134	0	32820	
135	0	32868	
136	0	32802	
137	0	32837	
138	0	32815	
139	0	32839	
140	0	32806	
141	0	32775	
142	0	32787	
143	0	32882	
144	0	32815	
145	0	32846	
146	0	32835	
147	0	32881	
148	0	32851	
149	0	32756	
150	0	32754	
151	0	32802	
152	0	32852	
153	0	32825	
154	0	32772	
155	0	32732	
156	0	32763	
157	0	32783	
158	0	32749	
159	0	32759	
160	0	32801	
161	0	32801	
162	0	32809	
163	0	32909	
164	0	32896	
165	0	32839	
166	0	32871	
167	0	32892	
168	0	32870	
169	0	32856	
170	0	32775	
171	0	32775	
172	0	32827	
173	0	32807	
174	0	32817	
175	0	32799	
176	0	32820	
177	0	32783	
178	0	32752	
179	0	32854	
180	0	32845	
181	0	32920	
182	0	32810	
183	0	32839	
184	0	32793	
185	0	32702	
186	0	32766	
187	0	32760	
188	0	32798	
189	0	32859	
190	0	32822	
191	0	32847	
192	0	32831	
193	0	32885	
194	0	32853	
195	0	32890	
196	0	32854	
197	0	32799	
198	0	32763	
199	0	32723	
200	0	32743	
201	0	32782	
202	0	32828	
203	0	32805	
204	0	32855	
205	0	32832	
206	0	32845	
207	0	32801	
208	0	32775	
209	0	32775	
210	0	32752	
211	0	32775	
212	0	32774	
213	0	32742	
214	0	32808	
215	0	32844	
216	0	32825	
217	0	32766	
218	0	32837	
219	0	32830	
220	0	32858	
221	0	32856	
222	0	32867	
223	0	32866	
224	0	32825	
225	0	32847	
226	0	32755	
227	0	32822	
228	0	32775	
229	0	32814	
230	0	32772	
231	0	32864	
232	0	32892	
233	0	32891	
234	0	32820	
235	0	32743	
236	0	32764	
237	0	32796	
238	0	32809	
239	0	32791	
240	0	32867	
241	0	32759	
242	0	32901	
243	0	32860	
244	0	32823	
245	0	32831	
246	0	32799	
247	0	32823	
248	0	32817	
249	0	32786	
250	0	32791	
251	0	32831	
252	0	32870	
253	0	32793	
254	0	32794	
255	0	32756	
256	0	32775	
257	0	32806	
258	0	32837	
259	0	32775	
260	0	32823	
261	0	32849	
262	0	32816	
263	0	32815	
264	0	32813	
265	0	32788	
266	0	32835	
267	0	32903	
268	0	32863	
269	0	32845	
270	0	32836	
271	0	32816	
272	0	32770	
273	0	32828	
274	0	32835	
275	0	32807	
276	0	32820	
277	0	32808	
278	0	32820	
279	0	32861	
280	0	32800	
281	0	32743	
282	0	32862	
283	0	32838	
284	0	32902	
285	0	32884	
286	0	32902	
287	0	32909	
288	0	32903	
289	0	32911	
290	0	32903	
291	0	32807	
292	0	32863	
293	0	32853	
294	0	32855	
295	0	32889	
296	0	32962	
297	0	32967	
298	0	32985	
299	0	33049	
300	0	33031	
301	0	33026	
302	0	33043	
303	0	33053	
304	0	33008	
305	0	32967	
306	0	32995	
307	0	32946	
308	0	32878	
309	0	32885	
310	0	32783	
311	0	32707	
312	0	32721	
313	0	32656	
314	0	32637	
315	0	32590	
316	0	32574	
317	0	32566	
318	0	32358	
319	0	32425	
320	0	32322	
321	0	32343	
322	0	32258	
323	0	32234	
324	0	32231	
325	0	32284	
326	0	32318	
327	0	32306	
328	0	32358	
329	0	32350	
330	0	32470	
331	0	32573	
332	0	32683	
333	0	32907	
334	0	33006	
335	0	33129	
336	0	33159	
337	0	33196	
338	0	33165	
339	0	33118	
340	0	33195	
341	0	33174	
342	0	33245	
343	0	33222	
344	0	33183	
345	0	33106	
346	0	33019	
347	0	33054	
348	0	32998	
349	0	32959	
350	0	32854	
351	0	32758	
352	0	32755	
353	0	32847	
354	0	32830	
355	0	32774	
356	0	32792	
357	0	32775	
358	0	32775	
359	0	32749	
360	0	32854	
361	0	32807	
362	0	32821	
363	0	32823	
364	0	32800	
365	0	32791	
366	0	32808	
367	0	32802	
368	0	32823	
369	0	32805	
370	0	32813	
371	0	32743	
372	0	32741	
373	0	32761	
374	0	32818	
375	0	32837	
376	0	32847	
377	0	32904	
378	0	32903	
379	0	32839	
380	0	32775	
381	0	32837	
382	0	32805	
383	0	32775	
384	0	32829	
385	0	32863	
386	0	32770	
387	0	32768	
388	0	32822	
389	0	32839	
390	0	32898	
391	0	32838	
392	0	32839	
393	0	32786	
394	0	32775	
395	0	32716	
396	0	32768	
397	0	32809	
398	0	32826	
399	0	32877	
400	0	32872	
401	0	32873	
402	0	32882	
403	0	32787	
404	0	32871	
405	0	32855	
406	0	32828	
407	0	32818	
408	0	32813	
409	0	32798	
410	0	32752	
411	0	32762	
412	0	32847	
413	0	32811	
414	0	32720	
415	0	32726	
416	0	32784	
417	0	32861	
418	0	32873	
419	0	32812	
420	0	32790	
421	0	32836	
422	0	32848	
423	0	32813	
424	0	32755	
425	0	32718	
426	0	32725	
427	0	32765	
428	0	32854	
429	0	32772	
430	0	32775	
431	0	32822	
432	0	32856	
433	0	32862	
434	0	32863	
435	0	32836	
436	0	32833	
437	0	32903	
438	0	32847	
439	0	32861	
440	0	32833	
441	0	32733	
442	0	32768	
443	0	32772	
444	0	32815	
445	0	32856	
446	0	32819	
447	0	32818	
448	0	32833	
449	0	32823	
450	0	32830	
451	0	32811	
452	0	32833	
453	0	32841	
454	0	32800	
455	0	32749	
456	0	32775	
457	0	32764	
458	0	32743	
459	0	32851	
460	0	32847	
461	0	32858	
462	0	32830	
463	0	32816	
464	0	32742	
465	0	32843	
466	0	32808	
467	0	32844	
468	0	32843	
469	0	32924	
470	0	32852	
471	0	32844	
472	0	32866	
473	0	32781	
474	0	32762	
475	0	32868	
476	0	32768	
477	0	32788	
478	0	32823	
479	0	32810	
480	0	32859	
481	0	32855	
482	0	32888	
483	0	32812	
484	0	32797	
485	0	32852	
486	0	32793	
487	0	32828	
488	0	32726	
489	0	32765	
490	0	32764	
491	0	32810	
492	0	32805	
493	0	32853	
494	0	32859	
495	0	32931	
496	0	32857	
497	0	32823	
498	0	32807	
499	0	32762	
500	0	32795	
501	0	32755	
502	0	32774	
503	0	32795	
504	0	32820	
505	0	32775	
506	0	32839	
507	0	32863	
508	0	32845	
509	0	32884	
510	0	32768	
511	0	32872	
512	0	32791	
513	0	32807	
514	0	32741	
515	0	32800	
516	0	32802	
517	0	32804	
518	0	32744	
519	0	32796	
520	0	32886	
521	0	32804	
522	0	32813	
523	0	32789	
524	0	32831	
525	0	32792	
526	0	32762	
527	0	32744	
528	0	32806	
529	0	32785	
530	0	32808	
531	0	32815	
532	0	32768	
533	0	32826	
534	0	32850	
535	0	32839	
536	0	32824	
537	0	32807	
538	0	32844	
539	0	32871	
540	0	32775	
541	0	32772	
542	0	32775	
543	0	32850	
544	0	32764	
545	0	32739	
546	0	32815	
547	0	32801	
548	0	32846	
549	0	32758	
550	0	32735	
551	0	32692	
552	0	32686	
553	0	32713	
554	0	32738	
555	0	32808	
556	0	32794	
557	0	32756	
558	0	32772	
559	0	32837	
560	0	32775	
561	0	32740	
562	0	32827	
563	0	32855	
564	0	32903	
565	0	32765	
566	0	32783	
567	0	32819	
568	0	32833	
569	0	32829	
570	0	32735	
571	0	32719	
572	0	32775	
573	0	32846	
574	0	32820	
575	0	32839	
576	0	32822	
577	0	32828	
578	0	32810	
579	0	32765	
580	0	32833	
581	0	32839	
582	0	32844	
583	0	32871	
584	0	32833	
585	0	32882	
586	0	32821	
587	0	32807	
588	0	32837	
589	0	32771	
590	0	32868	
591	0	32890	
592	0	32955	
593	0	32869	
594	0	32882	
595	0	32882	
596	0	32863	
597	0	32866	
598	0	32811	
599	0	32786	
600	0	32828	
601	0	32821	
602	0	32811	
603	0	32749	
604	0	32775	
605	0	32796	
606	0	32658	
607	0	32692	
608	0	32769	
609	0	32884	
610	0	32849	
611	0	32899	
612	0	32895	
613	0	32888	
614	0	32864	
615	0	32774	
616	0	32733	
617	0	32772	
618	0	32864	
619	0	32882	
620	0	32887	
621	0	32886	
622	0	32880	
623	0	32836	
624	0	32825	
625	0	32786	
626	0	32762	
627	0	32747	
628	0	32786	
629	0	32768	
630	0	32775	
631	0	32775	
632	0	32869	
633	0	32916	
634	0	32871	
635	0	32821	
636	0	32825	
637	0	32817	
638	0	32821	
639	0	32825	
640	0	32807	
641	0	32810	
642	0	32788	
643	0	32807	
644	0	32813	
645	0	32871	
646	0	32877	
647	0	32828	
648	0	32839	
649	0	32807	
650	0	32813	
651	0	32768	
652	0	32662	
653	0	32676	
654	0	32775	
655	0	32789	
656	0	32745	
657	0	32895	
658	0	32970	
659	0	32890	
660	0	32882	
661	0	32936	
662	0	32880	
663	0	32831	
664	0	32698	
665	0	32706	
666	0	32685	
667	0	32767	
668	0	32775	
669	0	32794	
670	0	32828	
671	0	32813	
672	0	32804	
673	0	32839	
674	0	32830	
675	0	32830	
676	0	32833	
677	0	32839	
678	0	32812	
679	0	32733	
680	0	32848	
681	0	32847	
682	0	32873	
683	0	32808	
684	0	32868	
685	0	32935	
686	0	32834	
687	0	32824	
688	0	32800	
689	0	32797	
690	0	32820	
691	0	32866	
692	0	32775	
693	0	32755	
694	0	32703	
695	0	32721	
696	0	32715	
697	0	32719	
698	0	32711	
699	0	32766	
700	0	32847	
701	0	32856	
702	0	32817	
703	0	32830	
704	0	32856	
705	0	32807	
706	0	32860	
707	0	32882	
708	0	32876	
709	0	32805	
710	0	32957	
711	0	32850	
712	0	32813	
713	0	32823	
714	0	32729	
715	0	32775	
716	0	32816	
717	0	32837	
718	0	32799	
719	0	32799	
720	0	32821	
721	0	32774	
722	0	32834	
723	0	32717	
724	0	32786	
725	0	32773	
726	0	32829	
727	0	32843	
728	0	32818	
729	0	32761	
730	0	32821	
731	0	32791	
732	0	32886	
733	0	32839	
734	0	32750	
735	0	32808	
736	0	32788	
737	0	32787	
738	0	32825	
739	0	32851	
740	0	32853	
741	0	32866	
742	0	32833	
743	0	32826	
744	0	32772	
745	0	32746	
746	0	32775	
747	0	32758	
748	0	32826	
749	0	32801	
750	0	32839	
751	0	32807	
752	0	32855	
753	0	32822	
754	0	32814	
755	0	32799	
756	0	32734	
757	0	32863	
758	0	32768	
759	0	32727	
760	0	32732	
761	0	32827	
762	0	32909	
763	0	32868	
764	0	32774	
765	0	32858	
766	0	32830	
767	0	32889	
768	0	32853	
769	0	32884	
770	0	32853	
771	0	32896	
772	0	32806	
773	0	32861	
774	0	32804	
775	0	32786	
776	0	32755	
777	0	32775	
778	0	32845	
779	0	32789	
780	0	32791	
781	0	32775	
782	0	32742	
783	0	32868	
784	0	32836	
785	0	32791	
786	0	32867	
787	0	32844	
788	0	32803	
789	0	32855	
790	0	32823	
791	0	32775	
792	0	32836	
793	0	32787	
794	0	32756	
795	0	32744	
796	0	32736	
797	0	32870	
798	0	32792	
799	0	32952	
800	0	32763	
801	0	32773	
802	0	32798	
803	0	32805	
804	0	32857	
805	0	32851	
806	0	32839	
807	0	32795	
808	0	32744	
809	0	32749	
810	0	32800	
811	0	32828	
812	0	32799	
813	0	32751	
814	0	32882	
815	0	32813	
816	0	32752	
817	0	32830	
818	0	32803	
819	0	32768	
820	0	32770	
821	0	32783	
822	0	32826	
823	0	32843	
824	0	32874	
825	0	32831	
826	0	32874	
827	0	32770	
828	0	32754	
829	0	32786	
830	0	32736	
831	0	32733	
832	0	32768	
833	0	32785	
834	0	32797	
835	0	32827	
836	0	32796	
837	0	32815	
838	0	32797	
839	0	32826	
840	0	32850	
841	0	32762	
842	0	32908	
843	0	32853	
844	0	32735	
845	0	32800	
846	0	32925	
847	0	32839	
848	0	32880	
849	0	32868	
850	0	32856	
851	0	32788	
852	0	32846	
853	0	32903	
854	0	32839	
855	0	32823	
856	0	32754	
857	0	32775	
858	0	32792	
859	0	32840	
860	0	32715	
861	0	32711	
862	0	32774	
863	0	32852	
864	0	32808	
865	0	32816	
866	0	32834	
867	0	32871	
868	0	32836	
869	0	32809	
870	0	32863	
871	0	32824	
872	0	32737	
873	0	32864	
874	0	32876	
875	0	32921	
876	0	32914	
877	0	32861	
878	0	32835	
879	0	32733	
880	0	32756	
881	0	32880	
882	0	32744	
883	0	32775	
884	0	32791	
885	0	32795	
886	0	32823	
887	0	32839	
888	0	32624	
889	0	32860	
890	0	32867	
891	0	32753	
892	0	32871	
893	0	32937	
894	0	32982	
895	0	32978	
896	0	32830	
897	0	32907	
898	0	32983	
899	0	32966	
900	0	32942	
901	0	32925	
902	0	32827	
903	0	32839	
904	0	32952	
905	0	33055	
906	0	32962	
907	0	32924	
908	0	32897	
909	0	33023	
910	0	32850	
911	0	32863	
912	0	32843	
913	0	32871	
914	0	32913	
915	0	32856	
916	0	32708	
917	0	32661	
918	0	32716	
919	0	32582	
920	0	32658	
921	0	32657	
922	0	32641	
923	0	32672	
924	0	32533	
925	0	32391	
926	0	32429	
927	0	32503	
928	0	32399	
929	0	32447	
930	0	32655	
931	0	32543	
932	0	32361	
933	0	32356	
934	0	32399	
935	0	32513	
936	0	32505	
937	0	32583	
938	0	32605	
939	0	32832	
940	0	32952	
941	0	33071	
942	0	33069	
943	0	33112	
944	0	33171	
945	0	33095	
946	0	33223	
947	0	33212	
948	0	33138	
949	0	33113	
950	0	33089	
951	0	32940	
952	0	32954	
953	0	33014	
954	0	32967	
955	0	32867	
956	0	32885	
957	0	32871	
958	0	32925	
959	0	32907	
960	0	32882	
961	0	32854	
962	0	32789	
963	0	32785	
964	0	32897	
965	0	32903	
966	0	32824	
967	0	32848	
968	0	32835	
969	0	32743	
970	0	32742	
971	0	32735	
972	0	32773	
973	0	32775	
974	0	32856	
975	0	32835	
976	0	32879	
977	0	32719	
978	0	32718	
979	0	32773	
980	0	32775	
981	0	32647	
982	0	32773	
983	0	32850	
984	0	32792	
985	0	32805	
986	0	32839	
987	0	32809	
988	0	32775	
989	0	32892	
990	0	32869	
991	0	32909	
992	0	32860	
993	0	32884	
994	0	32856	
995	0	32849	
996	0	32717	
997	0	32737	
998	0	32742	
999	0	32774	
1000	0	32854	
1001	0	32728	
1002	0	32806	
1003	0	32960	
1004	0	32903	
1005	0	32694	
1006	0	32764	
1007	0	32742	
1008	0	32903	
1009	0	32916	
1010	0	32889	
1011	0	32775	
1012	0	32839	
1013	0	32813	
1014	0	32647	
1015	0	32732	
1016	0	32855	
1017	0	32810	
1018	0	32876	
1019	0	32732	
1020	0	32794	
1021	0	32811	
1022	0	32858	
1023	0	32742	
1024	0	32734	
1025	0	32871	
1026	0	32811	
1027	0	32790	
1028	0	32825	
1029	0	32829	
1030	0	32874	
1031	0	32900	
1032	0	32902	
1033	0	32839	
1034	0	32823	
1035	0	32791	
1036	0	32775	
1037	0	32775	
1038	0	32790	
1039	0	32856	
1040	0	32835	
1041	0	32828	
1042	0	32748	
1043	0	32756	
1044	0	32871	
1045	0	32801	
1046	0	32819	
1047	0	32914	
1048	0	32903	
1049	0	32791	
1050	0	32774	
1051	0	32740	
1052	0	32710	
1053	0	32817	
1054	0	32856	
1055	0	32918	
1056	0	32784	
1057	0	32900	
1058	0	32799	
1059	0	32788	
1060	0	32706	
1061	0	32761	
1062	0	32760	
1063	0	32704	
1064	0	32824	
1065	0	32792	
1066	0	32903	
1067	0	32887	
1068	0	32749	
1069	0	32783	
1070	0	32878	
1071	0	32809	
1072	0	32855	
1073	0	32790	
1074	0	32824	
1075	0	32900	
1076	0	32932	
1077	0	32769	
1078	0	32832	
1079	0	32802	
1080	0	32851	
1081	0	32767	
1082	0	32775	
1083	0	32806	
1084	0	32775	
1085	0	32820	
1086	0	32741	
1087	0	32813	
1088	0	32926	
1089	0	32802	
1090	0	32873	
1091	0	32837	
1092	0	32915	
1093	0	32861	
1094	0	32908	
1095	0	32792	
1096	0	32770	
1097	0	32709	
1098	0	32794	
1099	0	32850	
1100	0	32891	
1101	0	32790	
1102	0	32933	
1103	0	32924	
1104	0	32774	
1105	0	32711	
1106	0	32894	
1107	0	32847	
1108	0	32768	
1109	0	32732	
1110	0	32883	
1111	0	32837	
1112	0	32766	
1113	0	32787	
1114	0	32834	
1115	0	32799	
1116	0	32824	
1117	0	32828	
1118	0	32719	
1119	0	32761	
1120	0	32764	
1121	0	32917	
1122	0	32928	
1123	0	32865	
1124	0	32850	
1125	0	32816	
1126	0	32711	
1127	0	32697	
1128	0	32775	
1129	0	32791	
1130	0	32743	
1131	0	32767	
1132	0	32839	
1133	0	32786	
1134	0	32751	
1135	0	32845	
1136	0	32711	
1137	0	32722	
1138	0	32833	
1139	0	32847	
1140	0	32820	
1141	0	32717	
1142	0	32833	
1143	0	32871	
1144	0	32914	
1145	0	32830	
1146	0	32766	
1147	0	32738	
1148	0	32679	
1149	0	32694	
1150	0	32784	
1151	0	32775	
1152	0	32807	
1153	0	32829	
1154	0	32877	
1155	0	32855	
1156	0	32894	
1157	0	32912	
1158	0	32818	
1159	0	32711	
1160	0	32831	
1161	0	32749	
1162	0	32775	
1163	0	32750	
1164	0	32716	
1165	0	32720	
1166	0	32762	
1167	0	32828	
1168	0	32805	
1169	0	32925	
1170	0	32936	
1171	0	32825	
1172	0	32832	
1173	0	32784	
1174	0	32946	
1175	0	32825	
1176	0	32615	
1177	0	32749	
1178	0	32839	
1179	0	32858	
1180	0	32770	
1181	0	32734	
1182	0	32840	
1183	0	32821	
1184	0	32701	
1185	0	32720	
1186	0	32836	
1187	0	32852	
1188	0	32809	
1189	0	32958	
1190	0	32902	
1191	0	32847	
1192	0	32736	
1193	0	32848	
1194	0	32878	
1195	0	32702	
1196	0	32815	
1197	0	32974	
1198	0	32929	
1199	0	32860	
1200	0	32930	
1201	0	32829	
1202	0	32698	
1203	0	32814	
1204	0	32872	
1205	0	32797	
1206	0	32707	
1207	0	32786	
1208	0	32824	
1209	0	32890	
1210	0	32807	
1211	0	32792	
1212	0	32932	
1213	0	32838	
1214	0	32882	
1215	0	32800	
1216	0	32774	
1217	0	32839	
1218	0	32764	
1219	0	32901	
1220	0	32799	
1221	0	32925	
1222	0	32756	
1223	0	32834	
1224	0	32775	
1225	0	32720	
1226	0	32818	
1227	0	32935	
1228	0	32751	
1229	0	32767	
1230	0	32817	
1231	0	32762	
1232	0	32819	
1233	0	32819	
1234	0	32775	
1235	0	32728	
1236	0	32920	
1237	0	32791	
1238	0	32850	
1239	0	32884	
1240	0	32863	
1241	0	32824	
1242	0	32716	
1243	0	32775	
1244	0	32815	
1245	0	32856	
1246	0	32761	
1247	0	32656	
1248	0	32735	
1249	0	32849	
1250	0	32831	
1251	0	32791	
1252	0	32812	
1253	0	32796	
1254	0	32829	
1255	0	32825	
1256	0	32899	
1257	0	32854	
1258	0	32848	
1259	0	32951	
1260	0	32885	
1261	0	32972	
1262	0	32884	
1263	0	32730	
1264	0	32799	
1265	0	32814	
1266	0	32790	
1267	0	32724	
1268	0	32773	
1269	0	32784	
1270	0	32765	
1271	0	32858	
1272	0	32772	
1273	0	32715	
1274	0	32750	
1275	0	32886	
1276	0	32844	
1277	0	32847	
1278	0	32765	
1279	0	32913	
1280	0	32766	
1281	0	32786	
1282	0	32895	
1283	0	32813	
1284	0	32725	
1285	0	32726	
1286	0	32902	
1287	0	32815	
1288	0	32717	
1289	0	32829	
1290	0	32823	
1291	0	32786	
1292	0	32789	
1293	0	32861	
1294	0	32831	
1295	0	32834	
1296	0	32912	
1297	0	32752	
1298	0	32828	
1299	0	32784	
1300	0	32799	
1301	0	32809	
1302	0	32963	
1303	0	32861	
1304	0	32716	
1305	0	32734	
1306	0	32866	
1307	0	32896	
1308	0	32914	
1309	0	32866	
1310	0	32787	
1311	0	32787	
1312	0	32684	
1313	0	32742	
1314	0	32850	
1315	0	32879	
1316	0	32755	
1317	0	32692	
1318	0	32715	
1319	0	32807	
1320	0	32925	
1321	0	32950	
1322	0	32857	
1323	0	32857	
1324	0	32775	
1325	0	32788	
1326	0	32775	
1327	0	32775	
1328	0	32805	
1329	0	32839	
1330	0	32869	
1331	0	32809	
1332	0	32853	
1333	0	32794	
1334	0	32734	
1335	0	32690	
1336	0	32795	
1337	0	32807	
1338	0	32768	
1339	0	32803	
1340	0	32839	
1341	0	32814	
1342	0	32752	
1343	0	32743	
1344	0	32863	
1345	0	32854	
1346	0	32859	
1347	0	32809	
1348	0	32783	
1349	0	32874	
1350	0	32795	
1351	0	32664	
1352	0	32687	
1353	0	32768	
1354	0	32884	
1355	0	32883	
1356	0	32890	
1357	0	32884	
1358	0	32945	
1359	0	32931	
1360	0	32915	
1361	0	32834	
1362	0	32800	
1363	0	32773	
1364	0	32851	
1365	0	32784	
1366	0	32853	
1367	0	32877	
1368	0	32650	
1369	0	32719	
1370	0	32759	
1371	0	32775	
1372	0	32891	
1373	0	32902	
1374	0	32834	
1375	0	32810	
1376	0	32822	
1377	0	32846	
1378	0	32791	
1379	0	32873	
1380	0	32991	
1381	0	32878	
1382	0	32819	
1383	0	32711	
1384	0	32668	
1385	0	32717	
1386	0	32756	
1387	0	32802	
1388	0	32759	
1389	0	32698	
1390	0	32803	
1391	0	32815	
1392	0	32836	
1393	0	32847	
1394	0	32857	
1395	0	32865	
1396	0	32743	
1397	0	32816	
1398	0	32924	
1399	0	32770	
1400	0	32883	
1401	0	32803	
1402	0	32863	
1403	0	32738	
1404	0	32715	
1405	0	32712	
1406	0	32775	
1407	0	32748	
1408	0	32731	
1409	0	32794	
1410	0	32762	
1411	0	32801	
1412	0	32801	
1413	0	32880	
1414	0	32910	
1415	0	32839	
1416	0	32812	
1417	0	32749	
1418	0	32806	
1419	0	32775	
1420	0	32736	
1421	0	32737	
1422	0	32838	
1423	0	32802	
1424	0	32833	
1425	0	32863	
1426	0	32788	
1427	0	32919	
1428	0	32944	
1429	0	32903	
1430	0	32871	
1431	0	32825	
1432	0	32854	
1433	0	32818	
1434	0	32808	
1435	0	32846	
1436	0	32835	
1437	0	32756	
1438	0	32832	
1439	0	32886	
1440	0	32868	
1441	0	32764	
1442	0	32797	
1443	0	32834	
1444	0	32932	
1445	0	32869	
1446	0	32829	
1447	0	32831	
1448	0	32794	
1449	0	32788	
1450	0	32786	
1451	0	32786	
1452	0	32807	
1453	0	32820	
1454	0	32807	
1455	0	32775	
1456	0	32913	
1457	0	32807	
1458	0	32728	
1459	0	32768	
1460	0	32871	
1461	0	32807	
1462	0	32770	
1463	0	32717	
1464	0	32804	
1465	0	32824	
1466	0	32828	
1467	0	32806	
1468	0	32815	
1469	0	32849	
1470	0	32910	
1471	0	32843	
1472	0	32685	
1473	0	32803	
1474	0	32845	
1475	0	32911	
1476	0	32869	
1477	0	32839	
1478	0	32879	
1479	0	32822	
1480	0	32851	
1481	0	32694	
1482	0	32717	
1483	0	32807	
1484	0	32901	
1485	0	32999	
1486	0	32912	
1487	0	32891	
1488	0	32949	
1489	0	32992	
1490	0	32920	
1491	0	32983	
1492	0	32870	
1493	0	32937	
1494	0	32950	
1495	0	32862	
1496	0	32886	
1497	0	33025	
1498	0	32923	
1499	0	32793	
1500	0	32903	
1501	0	32923	
1502	0	32770	
1503	0	32788	
1504	0	32816	
1505	0	32839	
1506	0	32828	
1507	0	32710	
1508	0	32684	
1509	0	32687	
1510	0	32620	
1511	0	32573	
1512	0	32525	
1513	0	32480	
1514	0	32545	
1515	0	32506	
1516	0	32513	
1517	0	32551	
1518	0	32531	
1519	0	32455	
1520	0	32455	
1521	0	32561	
1522	0	32609	
1523	0	32647	
1524	0	32599	
1525	0	32585	
1526	0	32640	
1527	0	32759	
1528	0	32992	
1529	0	33031	
1530	0	32950	
1531	0	32973	
1532	0	33137	
1533	0	33071	
1534	0	33088	
1535	0	33065	
1536	0	33069	
1537	0	33060	
1538	0	33069	
1539	0	32990	
1540	0	32919	
1541	0	32917	
1542	0	32959	
1543	0	32962	
1544	0	32998	
1545	0	32940	
1546	0	32900	
1547	0	32822	
1548	0	32775	
1549	0	32978	
1550	0	32924	
1551	0	32837	
1552	0	32902	
1553	0	32839	
1554	0	32784	
1555	0	32793	
1556	0	32730	
1557	0	32699	
1558	0	32658	
1559	0	32711	
1560	0	32802	
1561	0	32756	
1562	0	32786	
1563	0	32773	
1564	0	32793	
1565	0	32827	
1566	0	32888	
1567	0	32818	
1568	0	32781	
1569	0	32761	
1570	0	32853	
1571	0	32756	
1572	0	32728	
1573	0	32791	
1574	0	32861	
1575	0	32928	
1576	0	32903	
1577	0	32883	
1578	0	32761	
1579	0	32740	
1580	0	32679	
1581	0	32718	
1582	0	32839	
1583	0	32790	
1584	0	32879	
1585	0	32845	
1586	0	32775	
1587	0	32760	
1588	0	32770	
1589	0	32848	
1590	0	32893	
1591	0	32773	
1592	0	32807	
1593	0	32812	
1594	0	32798	
1595	0	32764	
1596	0	32842	
1597	0	32823	
1598	0	32782	
1599	0	32787	
1600	0	32865	
1601	0	32839	
1602	0	32827	
1603	0	32820	
1604	0	32774	
1605	0	32775	
1606	0	32809	
1607	0	32930	
1608	0	32835	
1609	0	32827	
1610	0	32802	
1611	0	32743	
1612	0	32742	
1613	0	32824	
1614	0	32836	
1615	0	32823	
1616	0	32821	
1617	0	32775	
1618	0	32805	
1619	0	32806	
1620	0	32794	
1621	0	32770	
1622	0	32842	
1623	0	32743	
1624	0	32862	
1625	0	32847	
1626	0	32775	
1627	0	32835	
1628	0	32859	
1629	0	32819	
1630	0	32839	
1631	0	32808	
1632	0	32851	
1633	0	32813	
1634	0	32857	
1635	0	32793	
1636	0	32812	
1637	0	32834	
1638	0	32799	
1639	0	32884	
1640	0	32866	
1641	0	32804	
1642	0	32830	
1643	0	32843	
1644	0	32835	
1645	0	32899	
1646	0	32857	
1647	0	32762	
1648	0	32852	
1649	0	32827	
1650	0	32758	
1651	0	32761	
1652	0	32775	
1653	0	32797	
1654	0	32844	
1655	0	32775	
1656	0	32785	
1657	0	32750	
1658	0	32766	
1659	0	32882	
1660	0	32853	
1661	0	32856	
1662	0	32830	
1663	0	32791	
1664	0	32820	
1665	0	32824	
1666	0	32793	
1667	0	32740	
1668	0	32839	
1669	0	32744	
1670	0	32818	
1671	0	32813	
1672	0	32872	
1673	0	32818	
1674	0	32853	
1675	0	32798	
1676	0	32823	
1677	0	32818	
1678	0	32835	
1679	0	32792	
1680	0	32760	
1681	0	32860	
1682	0	32792	
1683	0	32870	
1684	0	32845	
1685	0	32806	
1686	0	32790	
1687	0	32858	
1688	0	32808	
1689	0	32856	
1690	0	32824	
1691	0	32870	
1692	0	32877	
1693	0	32832	
1694	0	32862	
1695	0	32843	
1696	0	32743	
1697	0	32743	
1698	0	32755	
1699	0	32790	
1700	0	32813	
1701	0	32809	
1702	0	32751	
1703	0	32739	
1704	0	32808	
1705	0	32944	
1706	0	32941	
1707	0	32868	
1708	0	32774	
1709	0	32790	
1710	0	32760	
1711	0	32812	
1712	0	32782	
1713	0	32770	
1714	0	32880	
1715	0	32854	
1716	0	32898	
1717	0	32807	
1718	0	32743	
1719	0	32714	
1720	0	32745	
1721	0	32794	
1722	0	32756	
1723	0	32775	
1724	0	32768	
1725	0	32726	
1726	0	32807	
1727	0	32789	
1728	0	32839	
1729	0	32788	
1730	0	32686	
1731	0	32753	
1732	0	32865	
1733	0	32870	
1734	0	32838	
1735	0	32748	
1736	0	32869	
1737	0	32811	
1738	0	32759	
1739	0	32711	
1740	0	32765	
1741	0	32791	
1742	0	32768	
1743	0	32834	
1744	0	32805	
1745	0	32802	
1746	0	32774	
1747	0	32741	
1748	0	32763	
1749	0	32775	
1750	0	32746	
1751	0	32885	
1752	0	32716	
1753	0	32801	
1754	0	32795	
1755	0	32849	
1756	0	32842	
1757	0	32854	
1758	0	32855	
1759	0	32848	
1760	0	32757	
1761	0	32804	
1762	0	32788	
1763	0	32841	
1764	0	32856	
1765	0	32940	
1766	0	32868	
1767	0	32804	
1768	0	32830	
1769	0	32885	
1770	0	32831	
1771	0	32812	
1772	0	32876	
1773	0	32684	
1774	0	32731	
1775	0	32896	
1776	0	32787	
1777	0	32706	
1778	0	32837	
1779	0	32755	
1780	0	32751	
1781	0	32814	
1782	0	32815	
1783	0	32847	
1784	0	32876	
1785	0	32897	
1786	0	32832	
1787	0	32831	
1788	0	32848	
1789	0	32868	
1790	0	32813	
1791	0	32824	
1792	0	32808	
1793	0	32935	
1794	0	32915	
1795	0	32839	
1796	0	32796	
1797	0	32839	
1798	0	32798	
1799	0	32839	
1800	0	32759	
1801	0	32796	
1802	0	32826	
1803	0	32775	
1804	0	32790	
1805	0	32766	
1806	0	32938	
1807	0	32887	
1808	0	32815	
1809	0	32817	
1810	0	32848	
1811	0	32762	
1812	0	32775	
1813	0	32790	
1814	0	32845	
1815	0	32807	
1816	0	32841	
1817	0	32911	
1818	0	32850	
1819	0	32871	
1820	0	32871	
1821	0	32874	
1822	0	32848	
1823	0	32818	
1824	0	32815	
1825	0	32775	
1826	0	32741	
1827	0	32704	
1828	0	32813	
1829	0	32774	
1830	0	32848	
1831	0	32820	
1832	0	32784	
1833	0	32859	
1834	0	32861	
1835	0	32817	
1836	0	32801	
1837	0	32855	
1838	0	32791	
1839	0	32809	
1840	0	32866	
1841	0	32802	
1842	0	32882	
1843	0	32837	
1844	0	32852	
1845	0	32765	
1846	0	32676	
1847	0	32681	
1848	0	32797	
1849	0	32790	
1850	0	32795	
1851	0	32856	
1852	0	32849	
1853	0	32900	
1854	0	32856	
1855	0	32842	
1856	0	32738	
1857	0	32770	
1858	0	32862	
1859	0	32872	
1860	0	32903	
1861	0	32808	
1862	0	32826	
1863	0	32743	
1864	0	32694	
1865	0	32764	
1866	0	32805	
1867	0	32890	
1868	0	32850	
1869	0	32786	
1870	0	32829	
1871	0	32878	
1872	0	32873	
1873	0	32699	
1874	0	32807	
1875	0	32767	
1876	0	32750	
1877	0	32833	
1878	0	32839	
1879	0	32814	
1880	0	32846	
1881	0	32784	
1882	0	32801	
1883	0	32847	
1884	0	32845	
1885	0	32818	
1886	0	32959	
1887	0	32830	
1888	0	32671	
1889	0	32696	
1890	0	32754	
1891	0	32775	
1892	0	32804	
1893	0	32789	
1894	0	32859	
1895	0	32838	
1896	0	32876	
1897	0	32852	
1898	0	32884	
1899	0	32851	
1900	0	32893	
1901	0	32867	
1902	0	32748	
1903	0	32796	
1904	0	32829	
1905	0	32847	
1906	0	32921	
1907	0	32852	
1908	0	32850	
1909	0	32886	
1910	0	32895	
1911	0	32719	
1912	0	32667	
1913	0	32805	
1914	0	32858	
1915	0	32811	
1916	0	32760	
1917	0	32828	
1918	0	32828	
1919	0	32857	
1920	0	32768	
1921	0	32761	
1922	0	32738	
1923	0	32744	
1924	0	32770	
1925	0	32872	
1926	0	32818	
1927	0	32865	
1928	0	32816	
1929	0	32826	
1930	0	32858	
1931	0	32903	
1932	0	32894	
1933	0	32832	
1934	0	32896	
1935	0	32829	
1936	0	32774	
1937	0	32860	
1938	0	32774	
1939	0	32834	
1940	0	32775	
1941	0	32631	
1942	0	32647	
1943	0	32768	
1944	0	32775	
1945	0	32796	
1946	0	32787	
1947	0	32816	
1948	0	32810	
1949	0	32762	
1950	0	32807	
1951	0	32785	
1952	0	32829	
1953	0	32802	
1954	0	32863	
1955	0	32831	
1956	0	32823	
1957	0	32859	
1958	0	32843	
1959	0	32813	
1960	0	32876	
1961	0	32851	
1962	0	32882	
1963	0	32839	
1964	0	32875	
1965	0	32770	
1966	0	32823	
1967	0	32760	
1968	0	32748	
1969	0	32751	
1970	0	32807	
1971	0	32853	
1972	0	32896	
1973	0	32807	
1974	0	32741	
1975	0	32792	
1976	0	32819	
1977	0	32795	
1978	0	32816	
1979	0	32775	
1980	0	32807	
1981	0	32899	
1982	0	32870	
1983	0	32884	
1984	0	32892	
1985	0	32868	
1986	0	32803	
1987	0	32785	
1988	0	32845	
1989	0	32826	
1990	0	32831	
1991	0	32750	
1992	0	32799	
1993	0	32743	
1994	0	32775	
1995	0	32719	
1996	0	32710	
1997	0	32697	
1998	0	32775	
1999	0	32710	
2000	0	32842	
2001	0	32813	
2002	0	32829	
2003	0	32843	
2004	0	32820	
2005	0	32775	
2006	0	32795	
2007	0	32790	
2008	0	32730	
2009	0	32857	
2010	0	32763	
2011	0	32868	
2012	0	32764	
2013	0	32787	
2014	0	32783	
2015	0	32759	
2016	0	32957	
2017	0	32918	
2018	0	32947	
2019	0	32902	
2020	0	32839	
2021	0	32876	
2022	0	32775	
2023	0	32735	
2024	0	32767	
2025	0	32771	
2026	0	32677	
2027	0	32775	
2028	0	32886	
2029	0	32796	
2030	0	32867	
2031	0	33042	
2032	0	32985	
2033	0	32711	
2034	0	32703	
2035	0	32713	
2036	0	32695	
2037	0	32743	
2038	0	32820	
2039	0	32819	
2040	0	32896	
2041	0	32839	
2042	0	32855	
2043	0	32903	
2044	0	32791	
2045	0	32845	
2046	0	32828	
2047	0	32775	
2048	0	32817	
2049	0	32775	
2050	0	32847	
2051	0	32891	
2052	0	32889	
2053	0	32820	
2054	0	32818	
2055	0	32822	
2056	0	32839	
2057	0	32892	
2058	0	32839	
2059	0	32821	
2060	0	32774	
2061	0	32746	
2062	0	32847	
2063	0	32790	
2064	0	32783	
2065	0	32866	
2066	0	32857	
2067	0	32802	
2068	0	32715	
2069	0	32723	
2070	0	32741	
2071	0	32747	
2072	0	32748	
2073	0	32791	
2074	0	32768	
2075	0	32839	
2076	0	32830	
2077	0	32863	
2078	0	32803	
2079	0	32839	
2080	0	32827	
2081	0	32862	
2082	0	32874	
2083	0	32879	
2084	0	32909	
2085	0	32915	
2086	0	32980	
2087	0	32975	
2088	0	32948	
2089	0	32930	
2090	0	32924	
2091	0	32859	
2092	0	32921	
2093	0	32960	
2094	0	32835	
2095	0	32903	
2096	0	32952	
2097	0	32915	
2098	0	32820	
2099	0	32826	
2100	0	32972	
2101	0	32964	
2102	0	32850	
2103	0	32886	
2104	0	32836	
2105	0	32804	
2106	0	32774	
2107	0	32738	
2108	0	32706	
2109	0	32722	
2110	0	32747	
2111	0	32704	
2112	0	32589	
2113	0	32459	
2114	0	32595	
2115	0	32551	
2116	0	32463	
2117	0	32434	
2118	0	32413	
2119	0	32463	
2120	0	32419	
2121	0	32413	
2122	0	32478	
2123	0	32507	
2124	0	32580	
2125	0	32596	
2126	0	32612	
2127	0	32679	
2128	0	32830	
2129	0	32911	
2130	0	33073	
2131	0	33087	
2132	0	33095	
2133	0	33121	
2134	0	33122	
2135	0	32983	
2136	0	33018	
2137	0	33124	
2138	0	33092	
2139	0	33037	
2140	0	33047	
2141	0	32967	
2142	0	33004	
2143	0	32919	
2144	0	32932	
2145	0	32955	
2146	0	32990	
2147	0	32888	
2148	0	32828	
2149	0	32839	
2150	0	32846	
2151	0	32839	
2152	0	32797	
2153	0	32752	
2154	0	32766	
2155	0	32749	
2156	0	32804	
2157	0	32839	
2158	0	32834	
2159	0	32820	
2160	0	32735	
2161	0	32804	
2162	0	32775	
2163	0	32690	
2164	0	32782	
2165	0	32827	
2166	0	32834	
2167	0	32735	
2168	0	32704	
2169	0	32784	
2170	0	32924	
2171	0	32926	
2172	0	32895	
2173	0	32917	
2174	0	32889	
2175	0	32916	
2176	0	32823	
2177	0	32775	
2178	0	32740	
2179	0	32722	
2180	0	32676	
2181	0	32744	
2182	0	32722	
2183	0	32745	
2184	0	32713	
2185	0	32839	
2186	0	32854	
2187	0	32908	
2188	0	32868	
2189	0	32873	
2190	0	32815	
2191	0	32756	
2192	0	32758	
2193	0	32775	
2194	0	32796	
2195	0	32791	
2196	0	32798	
2197	0	32826	
2198	0	32850	
2199	0	32818	
2200	0	32838	
2201	0	32839	
2202	0	32854	
2203	0	32839	
2204	0	32812	
2205	0	32793	
2206	0	32666	
2207	0	32800	
2208	0	32836	
2209	0	32768	
2210	0	32815	
2211	0	32839	
2212	0	32839	
2213	0	32809	
2214	0	32865	
2215	0	32785	
2216	0	32753	
2217	0	32775	
2218	0	32873	
2219	0	32935	
2220	0	32889	
2221	0	32806	
2222	0	32856	
2223	0	32820	
2224	0	32882	
2225	0	32861	
2226	0	32785	
2227	0	32751	
2228	0	32708	
2229	0	32775	
2230	0	32818	
2231	0	32853	
2232	0	32831	
2233	0	32834	
2234	0	32837	
2235	0	32834	
2236	0	32852	
2237	0	32867	
2238	0	32913	
2239	0	32870	
2240	0	32684	
2241	0	32678	
2242	0	32666	
2243	0	32686	
2244	0	32713	
2245	0	32752	
2246	0	32796	
2247	0	32849	
2248	0	32897	
2249	0	32921	
2250	0	32838	
2251	0	32844	
2252	0	32818	
2253	0	32775	
2254	0	32870	
2255	0	32887	
2256	0	32944	
2257	0	32889	
2258	0	32775	
2259	0	32854	
2260	0	32864	
2261	0	32911	
2262	0	32801	
2263	0	32886	
2264	0	32867	
2265	0	32730	
2266	0	32850	
2267	0	32887	
2268	0	32761	
2269	0	32717	
2270	0	32740	
2271	0	32706	
2272	0	32739	
2273	0	32775	
2274	0	32743	
2275	0	32796	
2276	0	32871	
2277	0	32860	
2278	0	32874	
2279	0	32884	
2280	0	32869	
2281	0	32844	
2282	0	32876	
2283	0	32813	
2284	0	32785	
2285	0	32706	
2286	0	32722	
2287	0	32761	
2288	0	32704	
2289	0	32852	
2290	0	32918	
2291	0	32949	
2292	0	32911	
2293	0	32874	
2294	0	32923	
2295	0	32812	
2296	0	32807	
2297	0	32876	
2298	0	32807	
2299	0	32703	
2300	0	32708	
2301	0	32752	
2302	0	32755	
2303	0	32839	
2304	0	32824	
2305	0	32697	
2306	0	32756	
2307	0	32806	
2308	0	32735	
2309	0	32775	
2310	0	32829	
2311	0	32847	
2312	0	32820	
2313	0	32887	
2314	0	32959	
2315	0	32823	
2316	0	32774	
2317	0	32775	
2318	0	32763	
2319	0	32758	
2320	0	32733	
2321	0	32804	
2322	0	32811	
2323	0	32858	
2324	0	32766	
2325	0	32744	
2326	0	32790	
2327	0	32837	
2328	0	32809	
2329	0	32866	
2330	0	32807	
2331	0	32795	
2332	0	32911	
2333	0	32839	
2334	0	32764	
2335	0	32793	
2336	0	32852	
2337	0	32871	
2338	0	32775	
2339	0	32740	
2340	0	32727	
2341	0	32631	
2342	0	32680	
2343	0	32746	
2344	0	32655	
2345	0	32725	
2346	0	32801	
2347	0	32844	
2348	0	32879	
2349	0	32818	
2350	0	32848	
2351	0	32939	
2352	0	32890	
2353	0	32794	
2354	0	32821	
2355	0	32771	
2356	0	32820	
2357	0	32818	
2358	0	32798	
2359	0	32788	
2360	0	32871	
2361	0	32835	
2362	0	32735	
2363	0	32726	
2364	0	32788	
2365	0	32785	
2366	0	32802	
2367	0	32788	
2368	0	32845	
2369	0	32859	
2370	0	32791	
2371	0	32727	
2372	0	32827	
2373	0	32774	
2374	0	32855	
2375	0	32962	
2376	0	32810	
2377	0	32848	
2378	0	32860	
2379	0	32826	
2380	0	32797	
2381	0	32861	
2382	0	32830	
2383	0	32845	
2384	0	32785	
2385	0	32785	
2386	0	32759	
2387	0	32805	
2388	0	32966	
2389	0	32847	
2390	0	32865	
2391	0	32957	
2392	0	32891	
2393	0	32848	
2394	0	32860	
2395	0	32849	
2396	0	32742	
2397	0	32725	
2398	0	32647	
2399	0	32711	
2400	0	32810	
2401	0	32814	
2402	0	32835	
2403	0	32765	
2404	0	32836	
2405	0	32808	
2406	0	32822	
2407	0	32862	
2408	0	32909	
2409	0	32789	
2410	0	32806	
2411	0	32859	
2412	0	32839	
2413	0	32852	
2414	0	32827	
2415	0	32812	
2416	0	32871	
2417	0	32874	
2418	0	32916	
2419	0	32755	
2420	0	32783	
2421	0	32749	
2422	0	32767	
2423	0	32799	
2424	0	32706	
2425	0	32622	
2426	0	32724	
2427	0	32785	
2428	0	32839	
2429	0	32927	
2430	0	32932	
2431	0	32872	
2432	0	32878	
2433	0	32753	
2434	0	32839	
2435	0	32818	
2436	0	32834	
2437	0	32944	
2438	0	32995	
2439	0	33113	
2440	0	33055	
2441	0	32570	
2442	0	32489	
2443	0	32554	
2444	0	32751	
2445	0	32887	
2446	0	32706	
2447	0	32551	
2448	0	32495	
2449	0	32654	
2450	0	32799	
2451	0	32903	
2452	0	32932	
2453	0	32922	
2454	0	32957	
2455	0	32999	
2456	0	32976	
2457	0	32924	
2458	0	32856	
2459	0	32862	
2460	0	32920	
2461	0	33000	
2462	0	33030	
2463	0	32790	
2464	0	32839	
2465	0	32852	
2466	0	32882	
2467	0	32813	
2468	0	32710	
2469	0	32729	
2470	0	32720	
2471	0	32742	
2472	0	32720	
2473	0	32735	
2474	0	32743	
2475	0	32828	
2476	0	32837	
2477	0	32844	
2478	0	32825	
2479	0	32876	
2480	0	32807	
2481	0	32719	
2482	0	32687	
2483	0	32770	
2484	0	32736	
2485	0	32735	
2486	0	32784	
2487	0	32839	
2488	0	32876	
2489	0	32899	
2490	0	32827	
2491	0	32753	
2492	0	32775	
2493	0	32838	
2494	0	32868	
2495	0	32754	
2496	0	32707	
2497	0	32733	
2498	0	32807	
2499	0	32824	
2500	0	33004	
2501	0	32940	
2502	0	32898	
2503	0	32936	
2504	0	32925	
2505	0	32832	
2506	0	32853	
2507	0	32895	
2508	0	32615	
2509	0	32572	
2510	0	32665	
2511	0	32799	
2512	0	32775	
2513	0	32861	
2514	0	32695	
2515	0	32902	
2516	0	32896	
2517	0	32915	
2518	0	32752	
2519	0	32576	
2520	0	32786	
2521	0	32823	
2522	0	32795	
2523	0	32787	
2524	0	32878	
2525	0	32830	
2526	0	32743	
2527	0	32752	
2528	0	32814	
2529	0	33228	
2530	0	33025	
2531	0	32804	
2532	0	33085	
2533	0	33213	
2534	0	32616	
2535	0	32226	
2536	0	32052	
2537	0	32248	
2538	0	32519	
2539	0	32772	
2540	0	32982	
2541	0	32858	
2542	0	32911	
2543	0	32875	
2544	0	33049	
2545	0	33077	
2546	0	33140	
2547	0	33238	
2548	0	33366	
2549	0	33342	
2550	0	33132	
2551	0	33038	
2552	0	33010	
2553	0	32775	
2554	0	32609	
2555	0	32625	
2556	0	32459	
2557	0	32455	
2558	0	32597	
2559	0	32711	
2560	0	32792	
2561	0	32952	
2562	0	32895	
2563	0	32878	
2564	0	33006	
2565	0	32956	
2566	0	33051	
2567	0	32628	
2568	0	32509	
2569	0	32605	
2570	0	32517	
2571	0	32546	
2572	0	32630	
2573	0	32538	
2574	0	32624	
2575	0	32737	
2576	0	32884	
2577	0	33055	
2578	0	33044	
2579	0	32954	
2580	0	32813	
2581	0	32701	
2582	0	32737	
2583	0	32701	
2584	0	32658	
2585	0	32626	
2586	0	32742	
2587	0	32892	
2588	0	33046	
2589	0	32988	
2590	0	33112	
2591	0	33175	
2592	0	33231	
2593	0	33311	
2594	0	33210	
2595	0	32775	
2596	0	32720	
2597	0	32413	
2598	0	31911	
2599	0	32027	
2600	0	32896	
2601	0	33175	
2602	0	32894	
2603	0	33287	
2604	0	33704	
2605	0	33601	
2606	0	33090	
2607	0	32639	
2608	0	32208	
2609	0	32216	
2610	0	31940	
2611	0	31609	
2612	0	31672	
2613	0	32045	
2614	0	32380	
2615	0	32833	
2616	0	33141	
2617	0	33509	
2618	0	33543	
2619	0	33449	
2620	0	33358	
2621	0	33287	
2622	0	33133	
2623	0	32975	
2624	0	32970	
2625	0	32963	
2626	0	32967	
2627	0	33044	
2628	0	33000	
2629	0	32849	
2630	0	32685	
2631	0	32655	
2632	0	32613	
2633	0	32738	
2634	0	32711	
2635	0	32647	
2636	0	32580	
2637	0	32687	
2638	0	32671	
2639	0	32790	
2640	0	32646	
2641	0	32724	
2642	0	32706	
2643	0	32741	
2644	0	33026	
2645	0	33078	
2646	0	32922	
2647	0	32538	
2648	0	32402	
2649	0	32639	
2650	0	32807	
2651	0	33129	
2652	0	33268	
2653	0	33106	
2654	0	33053	
2655	0	32774	
2656	0	32760	
2657	0	32783	
2658	0	32665	
2659	0	32684	
2660	0	32655	
2661	0	32472	
2662	0	32055	
2663	0	32069	
2664	0	32578	
2665	0	33026	
2666	0	33503	
2667	0	33447	
2668	0	33357	
2669	0	33504	
2670	0	33079	
2671	0	32967	
2672	0	32735	
2673	0	32525	
2674	0	32346	
2675	0	32113	
2676	0	32025	
2677	0	32259	
2678	0	32647	
2679	0	32751	
2680	0	32962	
2681	0	33090	
2682	0	32616	
2683	0	32695	
2684	0	32839	
2685	0	32958	
2686	0	33079	
2687	0	33093	
2688	0	33124	
2689	0	32839	
2690	0	32580	
2691	0	32820	
2692	0	32850	
2693	0	33146	
2694	0	33386	
2695	0	33579	
2696	0	33264	
2697	0	33053	
2698	0	31881	
2699	0	30674	
2700	0	30599	
2701	0	32450	
2702	0	34359	
2703	0	35556	
2704	0	35824	
2705	0	35568	
2706	0	34919	
2707	0	33847	
2708	0	32420	
2709	0	31479	
2710	0	31351	
2711	0	30918	
2712	0	30967	
2713	0	31039	
2714	0	30828	
2715	0	30719	
2716	0	31934	
2717	0	31986	
2718	0	31745	
2719	0	32338	
2720	0	32751	
2721	0	32957	
2722	0	33065	
2723	0	33631	
2724	0	34437	
2725	0	34100	
2726	0	32711	
2727	0	32263	
2728	0	32711	
2729	0	33188	
2730	0	34091	
2731	0	34111	
2732	0	33694	
2733	0	33625	
2734	0	34119	
2735	0	33220	
2736	0	32848	
2737	0	32409	
2738	0	31751	
2739	0	31575	
2740	0	31541	
2741	0	31023	
2742	0	30527	
2743	0	29543	
2744	0	30343	
2745	0	32410	
2746	0	34874	
2747	0	36741	
2748	0	37607	
2749	0	37680	
2750	0	37017	
2751	0	35559	
2752	0	33947	
2753	0	32620	
2754	0	31652	
2755	0	30248	
2756	0	29790	
2757	0	29393	
2758	0	29037	
2759	0	29586	
2760	0	30321	
2761	0	31138	
2762	0	32199	
2763	0	33511	
2764	0	34257	
2765	0	34567	
2766	0	34350	
2767	0	33940	
2768	0	33342	
2769	0	33769	
2770	0	34098	
2771	0	34544	
2772	0	34779	
2773	0	34738	
2774	0	34195	
2775	0	33894	
2776	0	33381	
2777	0	32868	
2778	0	32452	
2779	0	31656	
2780	0	31433	
2781	0	31793	
2782	0	32128	
2783	0	32338	
2784	0	32550	
2785	0	32553	
2786	0	32167	
2787	0	32188	
2788	0	32060	
2789	0	31742	
2790	0	31397	
2791	0	31143	
2792	0	31727	
2793	0	32439	
2794	0	33270	
2795	0	33921	
2796	0	33453	
2797	0	33239	
2798	0	33264	
2799	0	33064	
2800	0	32642	
2801	0	32237	
2802	0	32106	
2803	0	32148	
2804	0	32618	
2805	0	32993	
2806	0	33120	
2807	0	33442	
2808	0	33387	
2809	0	32797	
2810	0	32252	
2811	0	32452	
2812	0	32228	
2813	0	32704	
2814	0	33058	
2815	0	33091	
2816	0	33536	
2817	0	33669	
2818	0	33747	
2819	0	33414	
2820	0	33351	
2821	0	33749	
2822	0	33620	
2823	0	32896	
2824	0	32480	
2825	0	32249	
2826	0	32254	
2827	0	31734	
2828	0	32033	
2829	0	32195	
2830	0	32626	
2831	0	32230	
2832	0	32151	
2833	0	31774	
2834	0	31399	
2835	0	32775	
2836	0	34295	
2837	0	35540	
2838	0	36368	
2839	0	36097	
2840	0	35515	
2841	0	34709	
2842	0	33702	
2843	0	32775	
2844	0	32039	
2845	0	31478	
2846	0	30949	
2847	0	31045	
2848	0	30444	
2849	0	29638	
2850	0	29332	
2851	0	29916	
2852	0	28692	
2853	0	27326	
2854	0	28008	
2855	0	30418	
2856	0	34445	
2857	0	38054	
2858	0	39325	
2859	0	39520	
2860	0	39633	
2861	0	37940	
2862	0	36602	
2863	0	35556	
2864	0	33481	
2865	0	31932	
2866	0	30347	
2867	0	28862	
2868	0	28880	
2869	0	29273	
2870	0	30048	
2871	0	30246	
2872	0	31278	
2873	0	32359	
2874	0	32374	
2875	0	33214	
2876	0	34022	
2877	0	35131	
2878	0	35911	
2879	0	36484	
2880	0	36351	
2881	0	35648	
2882	0	34374	
2883	0	32364	
2884	0	30944	
2885	0	30264	
2886	0	29957	
2887	0	29940	
2888	0	29926	
2889	0	30837	
2890	0	30420	
2891	0	30807	
2892	0	31410	
2893	0	31751	
2894	0	32571	
2895	0	33287	
2896	0	33212	
2897	0	33061	
2898	0	33108	
2899	0	34317	
2900	0	35818	
2901	0	35672	
2902	0	35623	
2903	0	35366	
2904	0	34504	
2905	0	33977	
2906	0	33078	
2907	0	31545	
2908	0	30697	
2909	0	31014	
2910	0	32356	
2911	0	32707	
2912	0	32437	
2913	0	31032	
2914	0	31419	
2915	0	31378	
2916	0	31668	
2917	0	31788	
2918	0	32546	
2919	0	34128	
2920	0	34566	
2921	0	35660	
2922	0	37014	
2923	0	38242	
2924	0	38478	
2925	0	38210	
2926	0	36816	
2927	0	33678	
2928	0	30722	
2929	0	27994	
2930	0	27296	
2931	0	28762	
2932	0	27887	
2933	0	27405	
2934	0	27878	
2935	0	29062	
2936	0	30068	
2937	0	30803	
2938	0	32010	
2939	0	33280	
2940	0	34368	
2941	0	34300	
2942	0	33607	
2943	0	33784	
2944	0	34178	
2945	0	34573	
2946	0	34048	
2947	0	34348	
2948	0	34454	
2949	0	34592	
2950	0	34471	
2951	0	34624	
2952	0	34810	
2953	0	34649	
2954	0	34622	
2955	0	34080	
2956	0	33261	
2957	0	31790	
2958	0	30831	
2959	0	30092	
2960	0	29730	
2961	0	31504	
2962	0	33452	
2963	0	33338	
2964	0	33127	
2965	0	33400	
2966	0	33517	
2967	0	33452	
2968	0	33524	
2969	0	33069	
2970	0	32300	
2971	0	32208	
2972	0	31886	
2973	0	32167	
2974	0	32080	
2975	0	31833	
2976	0	32337	
2977	0	31805	
2978	0	31947	
2979	0	31727	
2980	0	32643	
2981	0	32774	
2982	0	33012	
2983	0	34240	
2984	0	35450	
2985	0	35472	
2986	0	35369	
2987	0	34681	
2988	0	33882	
2989	0	32876	
2990	0	31751	
2991	0	31328	
2992	0	31066	
2993	0	30514	
2994	0	30104	
2995	0	29757	
2996	0	29652	
2997	0	31327	
2998	0	33287	
2999	0	35204	
3000	0	35824	
3001	0	35380	
3002	0	34427	
3003	0	33286	
3004	0	32573	
3005	0	33224	
3006	0	33388	
3007	0	33346	
3008	0	33596	
3009	0	32910	
3010	0	32928	
3011	0	32668	
3012	0	31367	
3013	0	31281	
3014	0	31374	
3015	0	31056	
3016	0	30368	
3017	0	30712	
3018	0	31410	
3019	0	32703	
3020	0	34044	
3021	0	35198	
3022	0	36155	
3023	0	35637	
3024	0	34034	
3025	0	32868	
3026	0	32829	
3027	0	33220	
3028	0	34599	
3029	0	33671	
3030	0	32260	
3031	0	31740	
3032	0	32020	
3033	0	31739	
3034	0	30788	
3035	0	31054	
3036	0	31490	
3037	0	31989	
3038	0	33014	
3039	0	33959	
3040	0	32951	
3041	0	32872	
3042	0	33812	
3043	0	34114	
3044	0	33399	
3045	0	32425	
3046	0	31917	
3047	0	31907	
3048	0	32391	
3049	0	33554	
3050	0	34692	
3051	0	34183	
3052	0	33572	
3053	0	32979	
3054	0	33079	
3055	0	33477	
3056	0	31436	
3057	0	30548	
3058	0	30447	
3059	0	29798	
3060	0	27271	
3061	0	29352	
3062	0	32723	
3063	0	34909	
3064	0	37980	
3065	0	39822	
3066	0	39806	
3067	0	38592	
3068	0	36316	
3069	0	34040	
3070	0	31834	
3071	0	31396	
3072	0	31655	
3073	0	30788	
3074	0	30264	
3075	0	29209	
3076	0	28125	
3077	0	28660	
3078	0	30736	
3079	0	32061	
3080	0	33212	
3081	0	33298	
3082	0	32007	
3083	0	32130	
3084	0	32374	
3085	0	32444	
3086	0	31460	
3087	0	31111	
3088	0	32698	
3089	0	33842	
3090	0	34704	
3091	0	34723	
3092	0	35020	
3093	0	35556	
3094	0	36167	
3095	0	36774	
3096	0	36557	
3097	0	35285	
3098	0	33926	
3099	0	32556	
3100	0	31194	
3101	0	30187	
3102	0	29831	
3103	0	30095	
3104	0	30183	
3105	0	30567	
3106	0	31596	
3107	0	32663	
3108	0	33216	
3109	0	32360	
3110	0	32024	
3111	0	31913	
3112	0	32026	
3113	0	32609	
3114	0	33269	
3115	0	34556	
3116	0	35177	
3117	0	35497	
3118	0	35911	
3119	0	34695	
3120	0	33889	
3121	0	33092	
3122	0	31767	
3123	0	31559	
3124	0	30151	
3125	0	30249	
3126	0	30829	
3127	0	31522	
3128	0	32187	
3129	0	31751	
3130	0	30984	
3131	0	31133	
3132	0	31318	
3133	0	31915	
3134	0	34420	
3135	0	37058	
3136	0	38711	
3137	0	38533	
3138	0	37599	
3139	0	35770	
3140	0	33009	
3141	0	31197	
3142	0	31111	
3143	0	29559	
3144	0	28975	
3145	0	29455	
3146	0	30727	
3147	0	31181	
3148	0	31375	
3149	0	31853	
3150	0	32391	
3151	0	32422	
3152	0	32912	
3153	0	33650	
3154	0	34286	
3155	0	34143	
3156	0	33975	
3157	0	33602	
3158	0	32868	
3159	0	33772	
3160	0	33884	
3161	0	32872	
3162	0	32172	
3163	0	32831	
3164	0	33516	
3165	0	33763	
3166	0	32631	
3167	0	31852	
3168	0	32174	
3169	0	32512	
3170	0	32754	
3171	0	32697	
3172	0	32301	
3173	0	31623	
3174	0	31266	
3175	0	30791	
3176	0	31200	
3177	0	33124	
3178	0	34980	
3179	0	35880	
3180	0	35399	
3181	0	34408	
3182	0	33925	
3183	0	33658	
3184	0	32543	
3185	0	31849	
3186	0	32314	
3187	0	32598	
3188	0	31692	
3189	0	30492	
3190	0	30895	
3191	0	32641	
3192	0	33730	
3193	0	33054	
3194	0	30306	
3195	0	29506	
3196	0	31591	
3197	0	34407	
3198	0	35866	
3199	0	36843	
3200	0	37872	
3201	0	37545	
3202	0	36160	
3203	0	33266	
3204	0	30384	
3205	0	28433	
3206	0	26508	
3207	0	27049	
3208	0	30632	
3209	0	32956	
3210	0	34089	
3211	0	34228	
3212	0	33918	
3213	0	34650	
3214	0	35305	
3215	0	34559	
3216	0	32796	
3217	0	31680	
3218	0	31802	
3219	0	31999	
3220	0	31327	
3221	0	30168	
3222	0	30158	
3223	0	31065	
3224	0	31206	
3225	0	33114	
3226	0	35565	
3227	0	37352	
3228	0	37764	
3229	0	37277	
3230	0	35750	
3231	0	33903	
3232	0	32473	
3233	0	31852	
3234	0	31423	
3235	0	30322	
3236	0	30215	
3237	0	30638	
3238	0	30847	
3239	0	31260	
3240	0	31673	
3241	0	32041	
3242	0	31282	
3243	0	31599	
3244	0	33140	
3245	0	35221	
3246	0	36255	
3247	0	36326	
3248	0	35422	
3249	0	34302	
3250	0	32752	
3251	0	31518	
3252	0	30402	
3253	0	31013	
3254	0	31504	
3255	0	30974	
3256	0	32116	
3257	0	33554	
3258	0	34549	
3259	0	34695	
3260	0	33790	
3261	0	31801	
3262	0	30316	
3263	0	30657	
3264	0	31664	
3265	0	32295	
3266	0	35262	
3267	0	35719	
3268	0	34797	
3269	0	32259	
3270	0	28314	
3271	0	27312	
3272	0	28060	
3273	0	31292	
3274	0	35223	
3275	0	38104	
3276	0	38637	
3277	0	36359	
3278	0	34497	
3279	0	34996	
3280	0	35164	
3281	0	34869	
3282	0	34074	
3283	0	34524	
3284	0	32898	
3285	0	30906	
3286	0	29811	
3287	0	29626	
3288	0	30278	
3289	0	30510	
3290	0	29734	
3291	0	29947	
3292	0	30555	
3293	0	29937	
3294	0	31623	
3295	0	33956	
3296	0	35163	
3297	0	36686	
3298	0	37358	
3299	0	36738	
3300	0	35158	
3301	0	33445	
3302	0	32480	
3303	0	31725	
3304	0	30777	
3305	0	30910	
3306	0	31332	
3307	0	31196	
3308	0	31980	
3309	0	32515	
3310	0	32663	
3311	0	33133	
3312	0	33660	
3313	0	34356	
3314	0	33490	
3315	0	32044	
3316	0	32050	
3317	0	32786	
3318	0	32642	
3319	0	32098	
3320	0	32801	
3321	0	33910	
3322	0	34783	
3323	0	34945	
3324	0	33863	
3325	0	32655	
3326	0	30919	
3327	0	31108	
3328	0	31644	
3329	0	32239	
3330	0	33577	
3331	0	32546	
3332	0	31728	
3333	0	31327	
3334	0	31168	
3335	0	30188	
3336	0	29932	
3337	0	30224	
3338	0	32979	
3339	0	35137	
3340	0	37786	
3341	0	39750	
3342	0	40285	
3343	0	38469	
3344	0	36999	
3345	0	34863	
3346	0	32034	
3347	0	30393	
3348	0	28789	
3349	0	27500	
3350	0	27710	
3351	0	27039	
3352	0	26653	
3353	0	28480	
3354	0	31190	
3355	0	34375	
3356	0	36479	
3357	0	36313	
3358	0	34636	
3359	0	34181	
3360	0	34556	
3361	0	33608	
3362	0	32755	
3363	0	33331	
3364	0	34525	
3365	0	34963	
3366	0	34060	
3367	0	32611	
3368	0	30460	
3369	0	31110	
3370	0	31321	
3371	0	30692	
3372	0	31050	
3373	0	30983	
3374	0	31594	
3375	0	32568	
3376	0	32770	
3377	0	31832	
3378	0	31218	
3379	0	31116	
3380	0	34580	
3381	0	39236	
3382	0	41632	
3383	0	40305	
3384	0	36924	
3385	0	33705	
3386	0	30567	
3387	0	29491	
3388	0	29670	
3389	0	28291	
3390	0	24261	
3391	0	22726	
3392	0	26046	
3393	0	32092	
3394	0	38997	
3395	0	43744	
3396	0	44052	
3397	0	41682	
3398	0	37051	
3399	0	32858	
3400	0	30652	
3401	0	28326	
3402	0	23873	
3403	0	22482	
3404	0	22982	
3405	0	23195	
3406	0	28764	
3407	0	35211	
3408	0	40544	
3409	0	41640	
3410	0	42128	
3411	0	42631	
3412	0	41781	
3413	0	39796	
3414	0	35212	
3415	0	30852	
3416	0	28224	
3417	0	26188	
3418	0	25238	
3419	0	25244	
3420	0	25828	
3421	0	27483	
3422	0	28999	
3423	0	30200	
3424	0	33164	
3425	0	34181	
3426	0	34599	
3427	0	34458	
3428	0	33320	
3429	0	34174	
3430	0	36145	
3431	0	38072	
3432	0	39480	
3433	0	38352	
3434	0	37165	
3435	0	36908	
3436	0	34080	
3437	0	32438	
3438	0	31845	
3439	0	29600	
3440	0	28151	
3441	0	27911	
3442	0	28252	
3443	0	29321	
3444	0	30956	
3445	0	32821	
3446	0	33296	
3447	0	33720	
3448	0	33429	
3449	0	34150	
3450	0	34857	
3451	0	34847	
3452	0	34080	
3453	0	33776	
3454	0	32949	
3455	0	32896	
3456	0	30983	
3457	0	29604	
3458	0	28889	
3459	0	29069	
3460	0	30174	
3461	0	35015	
3462	0	38569	
3463	0	39040	
3464	0	37743	
3465	0	33640	
3466	0	31115	
3467	0	30998	
3468	0	32688	
3469	0	34722	
3470	0	34662	
3471	0	34302	
3472	0	31250	
3473	0	28173	
3474	0	26908	
3475	0	27945	
3476	0	29292	
3477	0	33587	
3478	0	37535	
3479	0	38424	
3480	0	37660	
3481	0	35191	
3482	0	33569	
3483	0	31681	
3484	0	30151	
3485	0	29703	
3486	0	30881	
3487	0	31765	
3488	0	33396	
3489	0	34066	
3490	0	33584	
3491	0	32302	
3492	0	31655	
3493	0	31942	
3494	0	32445	
3495	0	33360	
3496	0	33770	
3497	0	32902	
3498	0	32137	
3499	0	30635	
3500	0	29848	
3501	0	30468	
3502	0	32030	
3503	0	33330	
3504	0	33817	
3505	0	33683	
3506	0	35826	
3507	0	36869	
3508	0	35952	
3509	0	34584	
3510	0	33735	
3511	0	32173	
3512	0	30764	
3513	0	30344	
3514	0	31020	
3515	0	31917	
3516	0	31028	
3517	0	28150	
3518	0	28015	
3519	0	31291	
3520	0	36673	
3521	0	38528	
3522	0	37873	
3523	0	37444	
3524	0	36838	
3525	0	35879	
3526	0	34849	
3527	0	33049	
3528	0	32004	
3529	0	30688	
3530	0	30680	
3531	0	31180	
3532	0	30011	
3533	0	28581	
3534	0	26316	
3535	0	26382	
3536	0	27798	
3537	0	29540	
3538	0	33478	
3539	0	38631	
3540	0	40926	
3541	0	40308	
3542	0	38055	
3543	0	35318	
3544	0	31179	
3545	0	27261	
3546	0	25490	
3547	0	27602	
3548	0	34465	
3549	0	37962	
3550	0	39044	
3551	0	38900	
3552	0	39145	
3553	0	35975	
3554	0	32208	
3555	0	30373	
3556	0	28009	
3557	0	27652	
3558	0	26923	
3559	0	25718	
3560	0	26040	
3561	0	28596	
3562	0	32896	
3563	0	36615	
3564	0	36356	
3565	0	33506	
3566	0	34412	
3567	0	36663	
3568	0	38652	
3569	0	40237	
3570	0	39898	
3571	0	38101	
3572	0	33690	
3573	0	29596	
3574	0	28351	
3575	0	28178	
3576	0	28262	
3577	0	29151	
3578	0	30843	
3579	0	30680	
3580	0	30060	
3581	0	30204	
3582	0	31715	
3583	0	33886	
3584	0	34693	
3585	0	34130	
3586	0	34419	
3587	0	33916	
3588	0	34023	
3589	0	33716	
3590	0	32526	
3591	0	31190	
3592	0	28199	
3593	0	30471	
3594	0	34215	
3595	0	36601	
3596	0	37130	
3597	0	39204	
3598	0	39480	
3599	0	38077	
3600	0	33377	
3601	0	29111	
3602	0	25327	
3603	0	26100	
3604	0	28525	
3605	0	31772	
3606	0	34178	
3607	0	35416	
3608	0	34496	
3609	0	31186	
3610	0	30652	
3611	0	30016	
3612	0	26076	
3613	0	26896	
3614	0	31718	
3615	0	37668	
3616	0	40807	
3617	0	41407	
3618	0	40617	
3619	0	38636	
3620	0	36623	
3621	0	34839	
3622	0	30582	
3623	0	26887	
3624	0	24752	
3625	0	21806	
3626	0	23275	
3627	0	26439	
3628	0	31680	
3629	0	38119	
3630	0	42110	
3631	0	42224	
3632	0	39494	
3633	0	37450	
3634	0	32681	
3635	0	27416	
3636	0	27616	
3637	0	30456	
3638	0	31942	
3639	0	31342	
3640	0	32656	
3641	0	32652	
3642	0	31326	
3643	0	32626	
3644	0	35227	
3645	0	36218	
3646	0	37157	
3647	0	36899	
3648	0	34606	
3649	0	30583	
3650	0	28973	
3651	0	28751	
3652	0	28312	
3653	0	29373	
3654	0	30745	
3655	0	32858	
3656	0	33159	
3657	0	34264	
3658	0	35698	
3659	0	36180	
3660	0	36556	
3661	0	36536	
3662	0	33230	
3663	0	29868	
3664	0	27877	
3665	0	28820	
3666	0	30013	
3667	0	32180	
3668	0	33271	
3669	0	33792	
3670	0	34762	
3671	0	36663	
3672	0	36551	
3673	0	35794	
3674	0	36941	
3675	0	36374	
3676	0	35007	
3677	0	33735	
3678	0	30014	
3679	0	26469	
3680	0	26939	
3681	0	29252	
3682	0	30179	
3683	0	29979	
3684	0	31793	
3685	0	32802	
3686	0	33698	
3687	0	33847	
3688	0	34473	
3689	0	35567	
3690	0	35684	
3691	0	34726	
3692	0	30510	
3693	0	29852	
3694	0	31437	
3695	0	34328	
3696	0	35841	
3697	0	36374	
3698	0	35584	
3699	0	34844	
3700	0	33714	
3701	0	31924	
3702	0	31198	
3703	0	30645	
3704	0	30887	
3705	0	30724	
3706	0	30373	
3707	0	30454	
3708	0	29882	
3709	0	28938	
3710	0	29895	
3711	0	29880	
3712	0	32559	
3713	0	35109	
3714	0	35206	
3715	0	34473	
3716	0	35213	
3717	0	36662	
3718	0	38628	
3719	0	38913	
3720	0	37654	
3721	0	34708	
3722	0	32834	
3723	0	30503	
3724	0	29875	
3725	0	30453	
3726	0	31806	
3727	0	32658	
3728	0	32732	
3729	0	32934	
3730	0	32956	
3731	0	30494	
3732	0	25822	
3733	0	24319	
3734	0	26285	
3735	0	30718	
3736	0	34693	
3737	0	39088	
3738	0	40804	
3739	0	40420	
3740	0	38542	
3741	0	37350	
3742	0	35814	
3743	0	33042	
3744	0	30616	
3745	0	28612	
3746	0	27650	
3747	0	27996	
3748	0	27574	
3749	0	28312	
3750	0	29600	
3751	0	32663	
3752	0	35062	
3753	0	35219	
3754	0	32594	
3755	0	29912	
3756	0	30971	
3757	0	33397	
3758	0	35520	
3759	0	36576	
3760	0	36642	
3761	0	36928	
3762	0	36709	
3763	0	33998	
3764	0	32397	
3765	0	31929	
3766	0	32382	
3767	0	33765	
3768	0	33684	
3769	0	32630	
3770	0	32719	
3771	0	31792	
3772	0	31598	
3773	0	31687	
3774	0	31232	
3775	0	29957	
3776	0	28094	
3777	0	27560	
3778	0	28050	
3779	0	30040	
3780	0	33878	
3781	0	38002	
3782	0	38973	
3783	0	38535	
3784	0	37004	
3785	0	36949	
3786	0	33544	
3787	0	28866	
3788	0	28838	
3789	0	31225	
3790	0	35225	
3791	0	37860	
3792	0	38200	
3793	0	34823	
3794	0	29367	
3795	0	28347	
3796	0	28964	
3797	0	28916	
3798	0	26710	
3799	0	28300	
3800	0	33437	
3801	0	35881	
3802	0	36226	
3803	0	34989	
3804	0	33393	
3805	0	32066	
3806	0	30458	
3807	0	30997	
3808	0	31989	
3809	0	33148	
3810	0	34634	
3811	0	36558	
3812	0	37549	
3813	0	36018	
3814	0	31970	
3815	0	29843	
3816	0	32453	
3817	0	32664	
3818	0	32253	
3819	0	32101	
3820	0	32470	
3821	0	35677	
3822	0	36613	
3823	0	36818	
3824	0	35152	
3825	0	31785	
3826	0	29954	
3827	0	29332	
3828	0	28774	
3829	0	28898	
3830	0	30464	
3831	0	30429	
3832	0	28479	
3833	0	28570	
3834	0	31975	
3835	0	34928	
3836	0	34472	
3837	0	32396	
3838	0	31942	
3839	0	35468	
3840	0	37837	
3841	0	39450	
3842	0	38714	
3843	0	37325	
3844	0	36014	
3845	0	34693	
3846	0	34744	
3847	0	33465	
3848	0	31674	
3849	0	29012	
3850	0	28217	
3851	0	28812	
3852	0	27974	
3853	0	27069	
3854	0	27984	
3855	0	28996	
3856	0	30797	
3857	0	32185	
3858	0	33361	
3859	0	35629	
3860	0	36314	
3861	0	36592	
3862	0	37818	
3863	0	38176	
3864	0	37200	
3865	0	33726	
3866	0	31678	
3867	0	29423	
3868	0	28574	
3869	0	31254	
3870	0	33270	
3871	0	32582	
3872	0	32856	
3873	0	33386	
3874	0	33274	
3875	0	31254	
3876	0	30280	
3877	0	31672	
3878	0	34274	
3879	0	36793	
3880	0	37697	
3881	0	37554	
3882	0	36582	
3883	0	34690	
3884	0	31648	
3885	0	29040	
3886	0	28492	
3887	0	28100	
3888	0	28797	
3889	0	29664	
3890	0	30500	
3891	0	31690	
3892	0	32347	
3893	0	32007	
3894	0	28960	
3895	0	28897	
3896	0	31824	
3897	0	36905	
3898	0	39474	
3899	0	39454	
3900	0	38796	
3901	0	37062	
3902	0	35254	
3903	0	34796	
3904	0	35537	
3905	0	34767	
3906	0	33309	
3907	0	30554	
3908	0	28894	
3909	0	27666	
3910	0	27393	
3911	0	26796	
3912	0	27714	
3913	0	29832	
3914	0	31196	
3915	0	28320	
3916	0	25575	
3917	0	28788	
3918	0	34668	
3919	0	40684	
3920	0	43760	
3921	0	45132	
3922	0	44905	
3923	0	41479	
3924	0	37241	
3925	0	32784	
3926	0	29916	
3927	0	28258	
3928	0	26706	
3929	0	25728	
3930	0	22631	
3931	0	20749	
3932	0	23442	
3933	0	29575	
3934	0	32738	
3935	0	35346	
3936	0	38764	
3937	0	40632	
3938	0	40074	
3939	0	40480	
3940	0	40854	
3941	0	39212	
3942	0	35852	
3943	0	27825	
3944	0	25974	
3945	0	27314	
3946	0	30108	
3947	0	33010	
3948	0	34712	
3949	0	35852	
3950	0	35404	
3951	0	32864	
3952	0	30439	
3953	0	27945	
3954	0	26281	
3955	0	25850	
3956	0	26600	
3957	0	29146	
3958	0	32253	
3959	0	34810	
3960	0	37148	
3961	0	39878	
3962	0	39098	
3963	0	37400	
3964	0	36738	
3965	0	33959	
3966	0	31312	
3967	0	31696	
3968	0	32710	
3969	0	33680	
3970	0	34721	
3971	0	35751	
3972	0	34797	
3973	0	32572	
3974	0	28948	
3975	0	25656	
3976	0	26528	
3977	0	29498	
3978	0	32057	
3979	0	34498	
3980	0	36020	
3981	0	34524	
3982	0	33175	
3983	0	29932	
3984	0	27374	
3985	0	29616	
3986	0	32231	
3987	0	36186	
3988	0	38176	
3989	0	38742	
3990	0	38396	
3991	0	36983	
3992	0	35608	
3993	0	33573	
3994	0	33357	
3995	0	32028	
3996	0	30014	
3997	0	28853	
3998	0	28360	
3999	0	26800	
4000	0	27924	
4001	0	28629	
4002	0	27799	
4003	0	29782	
4004	0	33490	
4005	0	36844	
4006	0	38362	
4007	0	40990	
4008	0	42288	
4009	0	39888	
4010	0	35482	
4011	0	31266	
4012	0	29042	
4013	0	26210	
4014	0	27768	
4015	0	30203	
4016	0	31266	
4017	0	32947	
4018	0	33786	
4019	0	34542	
4020	0	34462	
4021	0	34706	
4022	0	34300	
4023	0	34140	
4024	0	34096	
4025	0	33640	
4026	0	33668	
4027	0	31988	
4028	0	29348	
4029	0	27168	
4030	0	25298	
4031	0	24096	
4032	0	23859	
4033	0	26888	
4034	0	34432	
4035	0	41774	
4036	0	46576	
4037	0	46284	
4038	0	43887	
4039	0	40385	
4040	0	36429	
4041	0	34656	
4042	0	31929	
4043	0	29895	
4044	0	27253	
4045	0	24886	
4046	0	25931	
4047	0	27607	
4048	0	27956	
4049	0	29205	
4050	0	30588	
4051	0	32524	
4052	0	32866	
4053	0	32995	
4054	0	33651	
4055	0	32711	
4056	0	32095	
4057	0	33504	
4058	0	33808	
4059	0	34174	
4060	0	35350	
4061	0	37735	
4062	0	38562	
4063	0	37689	
4064	0	35150	
4065	0	30599	
4066	0	29684	
4067	0	30196	
4068	0	30809	
4069	0	31303	
4070	0	34221	
4071	0	35661	
4072	0	34847	
4073	0	32389	
4074	0	29445	
4075	0	28588	
4076	0	29849	
4077	0	30313	
4078	0	31151	
4079	0	33462	
4080	0	34482	
4081	0	32501	
4082	0	31882	
4083	0	33089	
4084	0	33496	
4085	0	32351	
4086	0	31828	
4087	0	32876	
4088	0	36042	
4089	0	36620	
4090	0	36509	
4091	0	35608	
4092	0	34478	
4093	0	34247	
4094	0	33644	
4095	0	33972	
4096	0	33074	
4097	0	32348	
4098	0	30021	
4099	0	26759	
4100	0	24476	
4101	0	24602	
4102	0	26856	
4103	0	28918	
4104	0	33108	
4105	0	37146	
4106	0	39838	
4107	0	41719	
4108	0	41154	
4109	0	41542	
4110	0	40992	
4111	0	39148	
4112	0	35078	
4113	0	30491	
4114	0	27034	
4115	0	24652	
4116	0	23709	
4117	0	24836	
4118	0	26267	
4119	0	25876	
4120	0	26966	
4121	0	30190	
4122	0	32823	
4123	0	36269	
4124	0	39696	
4125	0	41430	
4126	0	39448	
4127	0	36308	
4128	0	34082	
4129	0	33752	
4130	0	33712	
4131	0	34393	
4132	0	33458	
4133	0	30940	
4134	0	30435	
4135	0	31192	
4136	0	31775	
4137	0	29534	
4138	0	29871	
4139	0	32782	
4140	0	35718	
4141	0	36786	
4142	0	37255	
4143	0	36425	
4144	0	34032	
4145	0	31326	
4146	0	29950	
4147	0	29224	
4148	0	28849	
4149	0	29664	
4150	0	30333	
4151	0	28636	
4152	0	26833	
4153	0	30279	
4154	0	33874	
4155	0	35704	
4156	0	36672	
4157	0	37146	
4158	0	39257	
4159	0	39476	
4160	0	38237	
4161	0	36448	
4162	0	34921	
4163	0	33005	
4164	0	30777	
4165	0	28908	
4166	0	28506	
4167	0	28609	
4168	0	28967	
4169	0	30203	
4170	0	30591	
4171	0	31003	
4172	0	31141	
4173	0	29728	
4174	0	29667	
4175	0	31790	
4176	0	33601	
4177	0	33620	
4178	0	34276	
4179	0	35399	
4180	0	34317	
4181	0	33915	
4182	0	33881	
4183	0	35581	
4184	0	37535	
4185	0	38214	
4186	0	36668	
4187	0	34882	
4188	0	33385	
4189	0	32244	
4190	0	31498	
4191	0	30004	
4192	0	28972	
4193	0	29200	
4194	0	29065	
4195	0	30136	
4196	0	30823	
4197	0	31632	
4198	0	32411	
4199	0	30045	
4200	0	28093	
4201	0	29446	
4202	0	32858	
4203	0	37479	
4204	0	40548	
4205	0	41550	
4206	0	41683	
4207	0	38696	
4208	0	34532	
4209	0	31738	
4210	0	31068	
4211	0	31458	
4212	0	32262	
4213	0	32578	
4214	0	30740	
4215	0	28831	
4216	0	28457	
4217	0	28300	
4218	0	28623	
4219	0	29600	
4220	0	30165	
4221	0	30973	
4222	0	29321	
4223	0	29912	
4224	0	32516	
4225	0	35819	
4226	0	38226	
4227	0	39199	
4228	0	37315	
4229	0	35032	
4230	0	34616	
4231	0	34345	
4232	0	33559	
4233	0	32346	
4234	0	32292	
4235	0	33410	
4236	0	34864	
4237	0	35736	
4238	0	36238	
4239	0	34999	
4240	0	32056	
4241	0	29588	
4242	0	28691	
4243	0	29058	
4244	0	28890	
4245	0	29807	
4246	0	29233	
4247	0	29015	
4248	0	27460	
4249	0	27446	
4250	0	31277	
4251	0	36487	
4252	0	39608	
4253	0	41194	
4254	0	40920	
4255	0	39234	
4256	0	36556	
4257	0	31632	
4258	0	26413	
4259	0	26919	
4260	0	31455	
4261	0	34084	
4262	0	35572	
4263	0	33117	
4264	0	31239	
4265	0	29488	
4266	0	29324	
4267	0	30053	
4268	0	32988	
4269	0	36544	
4270	0	37056	
4271	0	36236	
4272	0	35280	
4273	0	35800	
4274	0	34720	
4275	0	28478	
4276	0	23956	
4277	0	25012	
4278	0	32047	
4279	0	37728	
4280	0	41128	
4281	0	41543	
4282	0	40493	
4283	0	37435	
4284	0	31930	
4285	0	27475	
4286	0	25784	
4287	0	25426	
4288	0	25991	
4289	0	26201	
4290	0	26096	
4291	0	28135	
4292	0	31772	
4293	0	35300	
4294	0	38652	
4295	0	40056	
4296	0	39722	
4297	0	38606	
4298	0	36745	
4299	0	33392	
4300	0	31068	
4301	0	29778	
4302	0	30283	
4303	0	30765	
4304	0	31516	
4305	0	32207	
4306	0	31884	
4307	0	31821	
4308	0	32196	
4309	0	31811	
4310	0	31590	
4311	0	31744	
4312	0	32549	
4313	0	32623	
4314	0	34327	
4315	0	35807	
4316	0	34268	
4317	0	32692	
4318	0	32820	
4319	0	34183	
4320	0	35594	
4321	0	36664	
4322	0	36604	
4323	0	34661	
4324	0	33829	
4325	0	32852	
4326	0	32388	
4327	0	32160	
4328	0	31943	
4329	0	29991	
4330	0	25290	
4331	0	23521	
4332	0	21617	
4333	0	24156	
4334	0	30228	
4335	0	37345	
4336	0	42928	
4337	0	46263	
4338	0	44039	
4339	0	40080	
4340	0	36426	
4341	0	33084	
4342	0	31587	
4343	0	29910	
4344	0	28431	
4345	0	26960	
4346	0	26546	
4347	0	29496	
4348	0	31730	
4349	0	31840	
4350	0	30880	
4351	0	33368	
4352	0	36544	
4353	0	38167	
4354	0	35452	
4355	0	32537	
4356	0	31068	
4357	0	31751	
4358	0	32208	
4359	0	33923	
4360	0	35080	
4361	0	35806	
4362	0	35460	
4363	0	32665	
4364	0	30320	
4365	0	30486	
4366	0	31494	
4367	0	32263	
4368	0	32181	
4369	0	31401	
4370	0	31641	
4371	0	31209	
4372	0	31144	
4373	0	31605	
4374	0	32041	
4375	0	32089	
4376	0	30525	
4377	0	28880	
4378	0	27496	
4379	0	31124	
4380	0	35322	
4381	0	38640	
4382	0	40448	
4383	0	41661	
4384	0	40420	
4385	0	38056	
4386	0	34476	
4387	0	31608	
4388	0	30546	
4389	0	30101	
4390	0	29828	
4391	0	29980	
4392	0	30110	
4393	0	30569	
4394	0	31194	
4395	0	30201	
4396	0	29831	
4397	0	30348	
4398	0	30529	
4399	0	32130	
4400	0	31623	
4401	0	32729	
4402	0	32076	
4403	0	30045	
4404	0	27298	
4405	0	29004	
4406	0	31916	
4407	0	33997	
4408	0	39276	
4409	0	45682	
4410	0	48050	
4411	0	46322	
4412	0	41678	
4413	0	36566	
4414	0	31804	
4415	0	28594	
4416	0	25740	
4417	0	23609	
4418	0	23644	
4419	0	25696	
4420	0	28255	
4421	0	28924	
4422	0	27540	
4423	0	26194	
4424	0	26055	
4425	0	29839	
4426	0	37592	
4427	0	43668	
4428	0	44684	
4429	0	42391	
4430	0	39884	
4431	0	37620	
4432	0	33740	
4433	0	31130	
4434	0	30231	
4435	0	29844	
4436	0	30700	
4437	0	28824	
4438	0	26412	
4439	0	25113	
4440	0	26252	
4441	0	29652	
4442	0	34234	
4443	0	38215	
4444	0	39734	
4445	0	38742	
4446	0	37668	
4447	0	35106	
4448	0	33028	
4449	0	31547	
4450	0	29785	
4451	0	30272	
4452	0	31060	
4453	0	30065	
4454	0	29388	
4455	0	30800	
4456	0	32804	
4457	0	32680	
4458	0	33028	
4459	0	32757	
4460	0	35788	
4461	0	37861	
4462	0	38636	
4463	0	38354	
4464	0	36814	
4465	0	33628	
4466	0	30456	
4467	0	28252	
4468	0	27278	
4469	0	27652	
4470	0	26222	
4471	0	25381	
4472	0	29476	
4473	0	33932	
4474	0	34774	
4475	0	35269	
4476	0	36097	
4477	0	37112	
4478	0	36854	
4479	0	36076	
4480	0	36222	
4481	0	35314	
4482	0	32709	
4483	0	30071	
4484	0	31068	
4485	0	33186	
4486	0	35042	
4487	0	36454	
4488	0	36269	
4489	0	35881	
4490	0	34383	
4491	0	32868	
4492	0	32416	
4493	0	30441	
4494	0	29230	
4495	0	29247	
4496	0	28738	
4497	0	26976	
4498	0	26561	
4499	0	27800	
4500	0	30371	
4501	0	31677	
4502	0	33408	
4503	0	32904	
4504	0	32578	
4505	0	32727	
4506	0	29332	
4507	0	31120	
4508	0	37306	
4509	0	42877	
4510	0	45394	
4511	0	44848	
4512	0	42689	
4513	0	37795	
4514	0	33265	
4515	0	28999	
4516	0	25476	
4517	0	24377	
4518	0	25076	
4519	0	26392	
4520	0	28044	
4521	0	30057	
4522	0	31903	
4523	0	32736	
4524	0	32805	
4525	0	33200	
4526	0	33351	
4527	0	33137	
4528	0	31557	
4529	0	30897	
4530	0	32926	
4531	0	35376	
4532	0	36630	
4533	0	36580	
4534	0	33296	
4535	0	31713	
4536	0	31786	
4537	0	34840	
4538	0	37139	
4539	0	38669	
4540	0	38524	
4541	0	36444	
4542	0	34545	
4543	0	30941	
4544	0	28447	
4545	0	28106	
4546	0	28672	
4547	0	29469	
4548	0	30266	
4549	0	31128	
4550	0	31040	
4551	0	31376	
4552	0	31317	
4553	0	31209	
4554	0	32103	
4555	0	31774	
4556	0	31012	
4557	0	30362	
4558	0	32963	
4559	0	35693	
4560	0	37002	
4561	0	38282	
4562	0	36396	
4563	0	36627	
4564	0	35168	
4565	0	35385	
4566	0	35808	
4567	0	35891	
4568	0	33278	
4569	0	31293	
4570	0	29831	
4571	0	28828	
4572	0	27969	
4573	0	27170	
4574	0	28340	
4575	0	30657	
4576	0	33543	
4577	0	36060	
4578	0	36968	
4579	0	36258	
4580	0	33959	
4581	0	30714	
4582	0	29591	
4583	0	30132	
4584	0	31943	
4585	0	33741	
4586	0	34648	
4587	0	33254	
4588	0	32386	
4589	0	33380	
4590	0	33999	
4591	0	34248	
4592	0	34852	
4593	0	33932	
4594	0	32487	
4595	0	32569	
4596	0	32732	
4597	0	32839	
4598	0	31001	
4599	0	29458	
4600	0	27682	
4601	0	29645	
4602	0	32530	
4603	0	35394	
4604	0	37831	
4605	0	38233	
4606	0	37169	
4607	0	36295	
4608	0	34145	
4609	0	31568	
4610	0	28830	
4611	0	28917	
4612	0	29118	
4613	0	29994	
4614	0	31442	
4615	0	32775	
4616	0	33909	
4617	0	34279	
4618	0	32956	
4619	0	31284	
4620	0	30226	
4621	0	28647	
4622	0	29187	
4623	0	32475	
4624	0	37340	
4625	0	40345	
4626	0	40594	
4627	0	39298	
4628	0	38108	
4629	0	35701	
4630	0	29821	
4631	0	24008	
4632	0	23593	
4633	0	27956	
4634	0	32940	
4635	0	36546	
4636	0	38454	
4637	0	37334	
4638	0	33929	
4639	0	29100	
4640	0	27504	
4641	0	28279	
4642	0	29942	
4643	0	33607	
4644	0	36288	
4645	0	36759	
4646	0	35912	
4647	0	35699	
4648	0	35988	
4649	0	35069	
4650	0	32820	
4651	0	31192	
4652	0	30499	
4653	0	28754	
4654	0	27877	
4655	0	28743	
4656	0	29681	
4657	0	29910	
4658	0	29931	
4659	0	31965	
4660	0	34626	
4661	0	36342	
4662	0	36808	
4663	0	36888	
4664	0	36716	
4665	0	35956	
4666	0	35059	
4667	0	34242	
4668	0	32847	
4669	0	31594	
4670	0	30657	
4671	0	30420	
4672	0	30424	
4673	0	30833	
4674	0	29689	
4675	0	29286	
4676	0	30432	
4677	0	34005	
4678	0	36413	
4679	0	36004	
4680	0	35432	
4681	0	34951	
4682	0	32071	
4683	0	29212	
4684	0	28931	
4685	0	31655	
4686	0	34393	
4687	0	36288	
4688	0	35676	
4689	0	35151	
4690	0	34804	
4691	0	34576	
4692	0	33653	
4693	0	32108	
4694	0	31588	
4695	0	30650	
4696	0	30300	
4697	0	30188	
4698	0	31011	
4699	0	31161	
4700	0	30422	
4701	0	31936	
4702	0	34516	
4703	0	35505	
4704	0	35017	
4705	0	33970	
4706	0	32214	
4707	0	29732	
4708	0	28153	
4709	0	30384	
4710	0	34988	
4711	0	38533	
4712	0	40144	
4713	0	41120	
4714	0	38799	
4715	0	35564	
4716	0	32547	
4717	0	30446	
4718	0	28370	
4719	0	26848	
4720	0	26240	
4721	0	26752	
4722	0	27059	
4723	0	27980	
4724	0	29516	
4725	0	32151	
4726	0	35089	
4727	0	36741	
4728	0	37882	
4729	0	37888	
4730	0	35968	
4731	0	34390	
4732	0	34055	
4733	0	33097	
4734	0	32527	
4735	0	32029	
4736	0	31952	
4737	0	32088	
4738	0	32464	
4739	0	33140	
4740	0	33128	
4741	0	32630	
4742	0	32519	
4743	0	32221	
4744	0	32361	
4745	0	32159	
4746	0	31951	
4747	0	31628	
4748	0	32086	
4749	0	33097	
4750	0	33922	
4751	0	34802	
4752	0	34998	
4753	0	33967	
4754	0	33681	
4755	0	32969	
4756	0	31440	
4757	0	28237	
4758	0	26230	
4759	0	27993	
4760	0	32113	
4761	0	35968	
4762	0	37864	
4763	0	38201	
4764	0	37936	
4765	0	37652	
4766	0	36567	
4767	0	32602	
4768	0	28793	
4769	0	27686	
4770	0	28653	
4771	0	31384	
4772	0	32663	
4773	0	34068	
4774	0	33799	
4775	0	33648	
4776	0	32624	
4777	0	31425	
4778	0	29610	
4779	0	27993	
4780	0	27919	
4781	0	30782	
4782	0	33318	
4783	0	35159	
4784	0	37297	
4785	0	38904	
4786	0	38952	
4787	0	37844	
4788	0	36359	
4789	0	35054	
4790	0	33332	
4791	0	32219	
4792	0	31879	
4793	0	31486	
4794	0	31101	
4795	0	29714	
4796	0	29182	
4797	0	28759	
4798	0	28775	
4799	0	29247	
4800	0	30676	
4801	0	31501	
4802	0	31398	
4803	0	29567	
4804	0	30541	
4805	0	33544	
4806	0	37352	
4807	0	38424	
4808	0	38444	
4809	0	37970	
4810	0	37186	
4811	0	36395	
4812	0	35140	
4813	0	33744	
4814	0	32028	
4815	0	30477	
4816	0	29904	
4817	0	29408	
4818	0	29212	
4819	0	29294	
4820	0	30087	
4821	0	31683	
4822	0	32354	
4823	0	33190	
4824	0	33535	
4825	0	32832	
4826	0	33100	
4827	0	32987	
4828	0	33343	
4829	0	34136	
4830	0	33817	
4831	0	32876	
4832	0	31098	
4833	0	30749	
4834	0	32692	
4835	0	34132	
4836	0	33074	
4837	0	32805	
4838	0	33596	
4839	0	34836	
4840	0	34064	
4841	0	33708	
4842	0	33308	
4843	0	33682	
4844	0	33821	
4845	0	33708	
4846	0	33447	
4847	0	31733	
4848	0	30322	
4849	0	29989	
4850	0	29715	
4851	0	31227	
4852	0	33415	
4853	0	34815	
4854	0	35216	
4855	0	34923	
4856	0	33142	
4857	0	30514	
4858	0	28917	
4859	0	28193	
4860	0	30215	
4861	0	31704	
4862	0	33531	
4863	0	36217	
4864	0	38191	
4865	0	39981	
4866	0	40498	
4867	0	39495	
4868	0	37191	
4869	0	34650	
4870	0	31784	
4871	0	29539	
4872	0	28164	
4873	0	26810	
4874	0	25694	
4875	0	26288	
4876	0	27613	
4877	0	29833	
4878	0	32460	
4879	0	33514	
4880	0	33903	
4881	0	34738	
4882	0	36044	
4883	0	36199	
4884	0	34999	
4885	0	33724	
4886	0	32525	
4887	0	31853	
4888	0	32519	
4889	0	32285	
4890	0	31970	
4891	0	32101	
4892	0	32871	
4893	0	33334	
4894	0	33425	
4895	0	33671	
4896	0	33630	
4897	0	33718	
4898	0	33523	
4899	0	33473	
4900	0	33112	
4901	0	32965	
4902	0	32550	
4903	0	32079	
4904	0	32096	
4905	0	32239	
4906	0	32485	
4907	0	32999	
4908	0	33496	
4909	0	33889	
4910	0	33098	
4911	0	32791	
4912	0	32852	
4913	0	32693	
4914	0	32482	
4915	0	31256	
4916	0	30490	
4917	0	31252	
4918	0	31670	
4919	0	32688	
4920	0	34294	
4921	0	35346	
4922	0	35351	
4923	0	34033	
4924	0	33080	
4925	0	30268	
4926	0	29117	
4927	0	30524	
4928	0	32349	
4929	0	34964	
4930	0	34756	
4931	0	33738	
4932	0	35130	
4933	0	35923	
4934	0	36993	
4935	0	36542	
4936	0	36329	
4937	0	34843	
4938	0	31421	
4939	0	27817	
4940	0	26598	
4941	0	27538	
4942	0	28470	
4943	0	29737	
4944	0	31716	
4945	0	32816	
4946	0	33492	
4947	0	34103	
4948	0	34044	
4949	0	33756	
4950	0	33164	
4951	0	32907	
4952	0	33021	
4953	0	33268	
4954	0	33248	
4955	0	33440	
4956	0	33572	
4957	0	33647	
4958	0	33668	
4959	0	33456	
4960	0	33078	
4961	0	32833	
4962	0	32140	
4963	0	31657	
4964	0	31878	
4965	0	32602	
4966	0	33287	
4967	0	33587	
4968	0	34492	
4969	0	35216	
4970	0	35081	
4971	0	34743	
4972	0	33661	
4973	0	32263	
4974	0	31252	
4975	0	30241	
4976	0	29920	
4977	0	30561	
4978	0	31207	
4979	0	31810	
4980	0	32535	
4981	0	33393	
4982	0	34141	
4983	0	33991	
4984	0	34166	
4985	0	33863	
4986	0	31965	
4987	0	29789	
4988	0	30479	
4989	0	32246	
4990	0	33322	
4991	0	34266	
4992	0	35525	
4993	0	33338	
4994	0	32343	
4995	0	32682	
4996	0	35590	
4997	0	36528	
4998	0	35564	
4999	0	34670	
5000	0	32756	
5001	0	29853	
5002	0	28639	
5003	0	29718	
5004	0	31714	
5005	0	33380	
5006	0	34098	
5007	0	34088	
5008	0	34002	
5009	0	34087	
5010	0	33415	
5011	0	32240	
5012	0	31421	
5013	0	30538	
5014	0	30359	
5015	0	30321	
5016	0	31709	
5017	0	33220	
5018	0	33512	
5019	0	32727	
5020	0	32354	
5021	0	33329	
5022	0	34085	
5023	0	34401	
5024	0	33399	
5025	0	32902	
5026	0	32756	
5027	0	32488	
5028	0	32756	
5029	0	33570	
5030	0	33230	
5031	0	32726	
5032	0	32685	
5033	0	32923	
5034	0	33446	
5035	0	33440	
5036	0	33178	
5037	0	32948	
5038	0	33458	
5039	0	33104	
5040	0	32481	
5041	0	32324	
5042	0	32302	
5043	0	32517	
5044	0	32416	
5045	0	31344	
5046	0	30912	
5047	0	30959	
5048	0	31516	
5049	0	32784	
5050	0	34159	
5051	0	34973	
5052	0	35428	
5053	0	34846	
5054	0	34147	
5055	0	33624	
5056	0	33030	
5057	0	32290	
5058	0	31597	
5059	0	30965	
5060	0	30705	
5061	0	30833	
5062	0	30925	
5063	0	30969	
5064	0	33031	
5065	0	34135	
5066	0	34635	
5067	0	34076	
5068	0	33925	
5069	0	33982	
5070	0	32988	
5071	0	31751	
5072	0	31054	
5073	0	33287	
5074	0	35348	
5075	0	35591	
5076	0	35196	
5077	0	33287	
5078	0	31377	
5079	0	29735	
5080	0	27559	
5081	0	28919	
5082	0	30834	
5083	0	31771	
5084	0	32279	
5085	0	33938	
5086	0	36136	
5087	0	38173	
5088	0	39623	
5089	0	38609	
5090	0	36895	
5091	0	34466	
5092	0	31897	
5093	0	29726	
5094	0	28202	
5095	0	27628	
5096	0	28558	
5097	0	29133	
5098	0	29735	
5099	0	30948	
5100	0	32239	
5101	0	32798	
5102	0	32694	
5103	0	33048	
5104	0	33874	
5105	0	34513	
5106	0	34199	
5107	0	33048	
5108	0	32945	
5109	0	34567	
5110	0	35154	
5111	0	34924	
5112	0	35975	
5113	0	35579	
5114	0	34413	
5115	0	32491	
5116	0	31510	
5117	0	31721	
5118	0	32093	
5119	0	33093	
5120	0	32575	
5121	0	30948	
5122	0	31029	
5123	0	31583	
5124	0	32279	
5125	0	32731	
5126	0	32258	
5127	0	32248	
5128	0	32519	
5129	0	32208	
5130	0	32508	
5131	0	32913	
5132	0	33458	
5133	0	33942	
5134	0	33844	
5135	0	33788	
5136	0	33620	
5137	0	32568	
5138	0	31444	
5139	0	30660	
5140	0	29657	
5141	0	30111	
5142	0	32481	
5143	0	35111	
5144	0	37279	
5145	0	35959	
5146	0	33189	
5147	0	32837	
5148	0	34646	
5149	0	34746	
5150	0	34870	
5151	0	34341	
5152	0	33124	
5153	0	31955	
5154	0	31879	
5155	0	31545	
5156	0	31724	
5157	0	32117	
5158	0	32032	
5159	0	31562	
5160	0	30178	
5161	0	29864	
5162	0	29225	
5163	0	29592	
5164	0	30908	
5165	0	32384	
5166	0	33919	
5167	0	34768	
5168	0	34695	
5169	0	34521	
5170	0	34481	
5171	0	34448	
5172	0	34537	
5173	0	34384	
5174	0	34160	
5175	0	33311	
5176	0	32592	
5177	0	33095	
5178	0	33172	
5179	0	32919	
5180	0	32361	
5181	0	32105	
5182	0	32698	
5183	0	32801	
5184	0	32434	
5185	0	31877	
5186	0	31530	
5187	0	31581	
5188	0	31822	
5189	0	32307	
5190	0	32549	
5191	0	33005	
5192	0	33434	
5193	0	33618	
5194	0	33415	
5195	0	32015	
5196	0	31347	
5197	0	30900	
5198	0	32318	
5199	0	33868	
5200	0	35626	
5201	0	35762	
5202	0	35216	
5203	0	35058	
5204	0	33828	
5205	0	32876	
5206	0	31969	
5207	0	31716	
5208	0	31672	
5209	0	31811	
5210	0	32606	
5211	0	33216	
5212	0	32621	
5213	0	31785	
5214	0	30980	
5215	0	30776	
5216	0	31480	
5217	0	32164	
5218	0	32625	
5219	0	32898	
5220	0	33055	
5221	0	32564	
5222	0	32097	
5223	0	31734	
5224	0	31897	
5225	0	31849	
5226	0	32984	
5227	0	33671	
5228	0	34779	
5229	0	35470	
5230	0	37096	
5231	0	37799	
5232	0	37334	
5233	0	36145	
5234	0	33901	
5235	0	30781	
5236	0	29506	
5237	0	29159	
5238	0	29694	
5239	0	30440	
5240	0	30913	
5241	0	31425	
5242	0	31468	
5243	0	31324	
5244	0	31804	
5245	0	32720	
5246	0	33200	
5247	0	33593	
5248	0	33938	
5249	0	33666	
5250	0	33243	
5251	0	32515	
5252	0	31766	
5253	0	32602	
5254	0	33590	
5255	0	34405	
5256	0	35012	
5257	0	34638	
5258	0	34168	
5259	0	33462	
5260	0	32328	
5261	0	31536	
5262	0	31731	
5263	0	32425	
5264	0	32538	
5265	0	32575	
5266	0	32881	
5267	0	33098	
5268	0	32475	
5269	0	31894	
5270	0	31585	
5271	0	32411	
5272	0	31702	
5273	0	31492	
5274	0	32546	
5275	0	34222	
5276	0	35250	
5277	0	35031	
5278	0	34074	
5279	0	33163	
5280	0	32864	
5281	0	32277	
5282	0	31986	
5283	0	31992	
5284	0	31975	
5285	0	32128	
5286	0	32109	
5287	0	32327	
5288	0	32226	
5289	0	31976	
5290	0	31967	
5291	0	32583	
5292	0	33089	
5293	0	33964	
5294	0	34583	
5295	0	34503	
5296	0	33927	
5297	0	33350	
5298	0	32647	
5299	0	32193	
5300	0	31672	
5301	0	31181	
5302	0	31239	
5303	0	32391	
5304	0	33597	
5305	0	34352	
5306	0	34653	
5307	0	34198	
5308	0	33308	
5309	0	32574	
5310	0	32620	
5311	0	32839	
5312	0	32548	
5313	0	32263	
5314	0	32302	
5315	0	32194	
5316	0	31883	
5317	0	32335	
5318	0	32553	
5319	0	32986	
5320	0	32960	
5321	0	31878	
5322	0	30927	
5323	0	31122	
5324	0	32063	
5325	0	33479	
5326	0	34439	
5327	0	35040	
5328	0	34908	
5329	0	34361	
5330	0	33351	
5331	0	32711	
5332	0	32668	
5333	0	32899	
5334	0	32753	
5335	0	32646	
5336	0	32069	
5337	0	31690	
5338	0	31744	
5339	0	32076	
5340	0	32256	
5341	0	32515	
5342	0	32531	
5343	0	32605	
5344	0	32452	
5345	0	32775	
5346	0	33690	
5347	0	34406	
5348	0	34385	
5349	0	34500	
5350	0	34311	
5351	0	33780	
5352	0	32719	
5353	0	31620	
5354	0	31322	
5355	0	31694	
5356	0	32010	
5357	0	32122	
5358	0	31749	
5359	0	31808	
5360	0	32568	
5361	0	33202	
5362	0	33546	
5363	0	33601	
5364	0	33358	
5365	0	32973	
5366	0	32774	
5367	0	32806	
5368	0	32772	
5369	0	32802	
5370	0	32839	
5371	0	32711	
5372	0	32826	
5373	0	32886	
5374	0	32653	
5375	0	32740	
5376	0	32983	
5377	0	32813	
5378	0	32638	
5379	0	32903	
5380	0	33255	
5381	0	33298	
5382	0	33210	
5383	0	33083	
5384	0	32774	
5385	0	32435	
5386	0	32217	
5387	0	32573	
5388	0	32775	
5389	0	33108	
5390	0	33083	
5391	0	32839	
5392	0	32983	
5393	0	33234	
5394	0	33342	
5395	0	33077	
5396	0	32470	
5397	0	32034	
5398	0	32103	
5399	0	32993	
5400	0	33059	
5401	0	32694	
5402	0	32552	
5403	0	32638	
5404	0	33243	
5405	0	33829	
5406	0	33821	
5407	0	33219	
5408	0	32650	
5409	0	32627	
5410	0	32716	
5411	0	32663	
5412	0	32530	
5413	0	32248	
5414	0	31532	
5415	0	30645	
5416	0	31458	
5417	0	32927	
5418	0	34275	
5419	0	34957	
5420	0	34982	
5421	0	34393	
5422	0	33752	
5423	0	33011	
5424	0	32602	
5425	0	32203	
5426	0	32092	
5427	0	31994	
5428	0	32021	
5429	0	31989	
5430	0	32221	
5431	0	32497	
5432	0	32740	
5433	0	32820	
5434	0	33023	
5435	0	33280	
5436	0	33205	
5437	0	33063	
5438	0	32743	
5439	0	32647	
5440	0	32549	
5441	0	32420	
5442	0	32423	
5443	0	32464	
5444	0	32538	
5445	0	32554	
5446	0	32578	
5447	0	32583	
5448	0	32502	
5449	0	32423	
5450	0	32615	
5451	0	32802	
5452	0	32912	
5453	0	32987	
5454	0	33100	
5455	0	33123	
5456	0	33095	
5457	0	33063	
5458	0	33042	
5459	0	33067	
5460	0	33066	
5461	0	33063	
5462	0	32965	
5463	0	32833	
5464	0	32790	
5465	0	32866	
5466	0	32984	
5467	0	32955	
5468	0	32924	
5469	0	32894	
5470	0	32878	
5471	0	32860	
5472	0	33070	
5473	0	33176	
5474	0	33276	
5475	0	33263	
5476	0	32984	
5477	0	32813	
5478	0	32553	
5479	0	32368	
5480	0	32425	
5481	0	32418	
5482	0	32062	
5483	0	32272	
5484	0	32288	
5485	0	32151	
5486	0	32662	
5487	0	33830	
5488	0	34694	
5489	0	34567	
5490	0	33297	
5491	0	32829	
5492	0	32735	
5493	0	31879	
5494	0	31746	
5495	0	32634	
5496	0	33494	
5497	0	33826	
5498	0	33970	
5499	0	33395	
5500	0	32426	
5501	0	31538	
5502	0	31111	
5503	0	31028	
5504	0	31170	
5505	0	31622	
5506	0	32130	
5507	0	32249	
5508	0	32536	
5509	0	32954	
5510	0	33438	
5511	0	33750	
5512	0	33902	
5513	0	33748	
5514	0	33477	
5515	0	33243	
5516	0	33039	
5517	0	33023	
5518	0	32931	
5519	0	32902	
5520	0	32870	
5521	0	32903	
5522	0	32839	
5523	0	32858	
5524	0	32775	
5525	0	32800	
5526	0	32839	
5527	0	32860	
5528	0	32903	
5529	0	32741	
5530	0	32789	
5531	0	32745	
5532	0	32803	
5533	0	32741	
5534	0	32732	
5535	0	32805	
5536	0	32815	
5537	0	32854	
5538	0	32833	
5539	0	32833	
5540	0	32839	
5541	0	32741	
5542	0	32802	
5543	0	32711	
5544	0	32757	
5545	0	32855	
5546	0	32847	
5547	0	32863	
5548	0	32834	
5549	0	32832	
5550	0	32736	
5551	0	32711	
5552	0	32695	
5553	0	32719	
5554	0	32843	
5555	0	32892	
5556	0	32799	
5557	0	32887	
5558	0	32957	
5559	0	32827	
5560	0	32658	
5561	0	32438	
5562	0	32553	
5563	0	32797	
5564	0	33088	
5565	0	33323	
5566	0	33351	
5567	0	33158	
5568	0	32708	
5569	0	32423	
5570	0	32315	
5571	0	32436	
5572	0	32666	
5573	0	32601	
5574	0	32588	
5575	0	32865	
5576	0	33143	
5577	0	33137	
5578	0	32882	
5579	0	32775	
5580	0	32724	
5581	0	32822	
5582	0	32812	
5583	0	32719	
5584	0	32602	
5585	0	32668	
5586	0	32734	
5587	0	32942	
5588	0	33060	
5589	0	33060	
5590	0	33026	
5591	0	32761	
5592	0	32607	
5593	0	32604	
5594	0	32317	
5595	0	32333	
5596	0	32664	
5597	0	33286	
5598	0	33688	
5599	0	33827	
5600	0	33449	
5601	0	33092	
5602	0	33031	
5603	0	32914	
5604	0	32807	
5605	0	32877	
5606	0	32562	
5607	0	31840	
5608	0	31846	
5609	0	32238	
5610	0	32060	
5611	0	32380	
5612	0	32643	
5613	0	33159	
5614	0	33755	
5615	0	34039	
5616	0	34068	
5617	0	33701	
5618	0	33065	
5619	0	32406	
5620	0	31995	
5621	0	31888	
5622	0	31964	
5623	0	32232	
5624	0	32416	
5625	0	32459	
5626	0	32368	
5627	0	32007	
5628	0	31513	
5629	0	32258	
5630	0	33570	
5631	0	34665	
5632	0	35091	
5633	0	34823	
5634	0	34092	
5635	0	32923	
5636	0	31981	
5637	0	31388	
5638	0	31458	
5639	0	32171	
5640	0	32574	
5641	0	32707	
5642	0	32886	
5643	0	32839	
5644	0	32892	
5645	0	32670	
5646	0	32689	
5647	0	32817	
5648	0	32871	
5649	0	32871	
5650	0	32857	
5651	0	32518	
5652	0	32540	
5653	0	32667	
5654	0	32867	
5655	0	33165	
5656	0	33433	
5657	0	33559	
5658	0	33593	
5659	0	33427	
5660	0	33019	
5661	0	32812	
5662	0	32487	
5663	0	32152	
5664	0	32045	
5665	0	32132	
5666	0	32207	
5667	0	32367	
5668	0	32711	
5669	0	32745	
5670	0	32781	
5671	0	32845	
5672	0	32906	
5673	0	32903	
5674	0	32961	
5675	0	32914	
5676	0	32937	
5677	0	32885	
5678	0	33017	
5679	0	33043	
5680	0	32902	
5681	0	32901	
5682	0	32815	
5683	0	32627	
5684	0	32775	
5685	0	32852	
5686	0	32956	
5687	0	32922	
5688	0	32674	
5689	0	32974	
5690	0	33101	
5691	0	32990	
5692	0	33009	
5693	0	32839	
5694	0	32391	
5695	0	32530	
5696	0	32864	
5697	0	33081	
5698	0	33287	
5699	0	33042	
5700	0	32645	
5701	0	32140	
5702	0	31346	
5703	0	31128	
5704	0	32057	
5705	0	33756	
5706	0	35063	
5707	0	35521	
5708	0	34844	
5709	0	33794	
5710	0	32858	
5711	0	32076	
5712	0	31685	
5713	0	31599	
5714	0	31538	
5715	0	31525	
5716	0	31617	
5717	0	31696	
5718	0	32034	
5719	0	32483	
5720	0	32521	
5721	0	33006	
5722	0	33533	
5723	0	33841	
5724	0	33889	
5725	0	33656	
5726	0	33260	
5727	0	33104	
5728	0	32908	
5729	0	32736	
5730	0	32746	
5731	0	32741	
5732	0	32754	
5733	0	32809	
5734	0	32882	
5735	0	32847	
5736	0	32804	
5737	0	32722	
5738	0	32550	
5739	0	32410	
5740	0	32096	
5741	0	32342	
5742	0	33040	
5743	0	33731	
5744	0	34086	
5745	0	34217	
5746	0	33938	
5747	0	33228	
5748	0	32652	
5749	0	32238	
5750	0	32068	
5751	0	32014	
5752	0	32027	
5753	0	31476	
5754	0	31093	
5755	0	31297	
5756	0	31527	
5757	0	30708	
5758	0	31430	
5759	0	33273	
5760	0	34951	
5761	0	37104	
5762	0	38560	
5763	0	38675	
5764	0	37044	
5765	0	34497	
5766	0	31912	
5767	0	29829	
5768	0	28807	
5769	0	28451	
5770	0	29071	
5771	0	29907	
5772	0	30777	
5773	0	31590	
5774	0	32380	
5775	0	32847	
5776	0	33327	
5777	0	33474	
5778	0	33501	
5779	0	33522	
5780	0	33564	
5781	0	33485	
5782	0	33271	
5783	0	32935	
5784	0	32822	
5785	0	33046	
5786	0	33369	
5787	0	33662	
5788	0	33853	
5789	0	33828	
5790	0	33623	
5791	0	33252	
5792	0	32874	
5793	0	32596	
5794	0	32461	
5795	0	32343	
5796	0	32322	
5797	0	32327	
5798	0	32436	
5799	0	32558	
5800	0	32519	
5801	0	32616	
5802	0	32697	
5803	0	32722	
5804	0	32883	
5805	0	32982	
5806	0	32839	
5807	0	32909	
5808	0	32894	
5809	0	32836	
5810	0	32879	
5811	0	32911	
5812	0	32868	
5813	0	32753	
5814	0	32718	
5815	0	32665	
5816	0	32687	
5817	0	32768	
5818	0	32790	
5819	0	32802	
5820	0	32847	
5821	0	32818	
5822	0	32907	
5823	0	33017	
5824	0	32957	
5825	0	32943	
5826	0	32857	
5827	0	32844	
5828	0	32819	
5829	0	32800	
5830	0	32783	
5831	0	32726	
5832	0	32753	
5833	0	32710	
5834	0	32650	
5835	0	32492	
5836	0	32380	
5837	0	32452	
5838	0	32908	
5839	0	33196	
5840	0	33584	
5841	0	33824	
5842	0	33712	
5843	0	33406	
5844	0	32854	
5845	0	32464	
5846	0	32380	
5847	0	32292	
5848	0	32295	
5849	0	32238	
5850	0	32314	
5851	0	32503	
5852	0	32634	
5853	0	32775	
5854	0	32883	
5855	0	32868	
5856	0	32827	
5857	0	32891	
5858	0	32914	
5859	0	32928	
5860	0	32873	
5861	0	32841	
5862	0	32902	
5863	0	32990	
5864	0	32912	
5865	0	32867	
5866	0	32747	
5867	0	32895	
5868	0	32812	
5869	0	32803	
5870	0	32827	
5871	0	32815	
5872	0	32793	
5873	0	32817	
5874	0	32720	
5875	0	32732	
5876	0	32801	
5877	0	32940	
5878	0	33051	
5879	0	33080	
5880	0	32976	
5881	0	32903	
5882	0	32770	
5883	0	32630	
5884	0	32728	
5885	0	32825	
5886	0	32792	
5887	0	32765	
5888	0	32761	
5889	0	32784	
5890	0	32732	
5891	0	32818	
5892	0	32886	
5893	0	32908	
5894	0	32934	
5895	0	32887	
5896	0	32894	
5897	0	32775	
5898	0	32766	
5899	0	32704	
5900	0	32651	
5901	0	32730	
5902	0	32670	
5903	0	32740	
5904	0	32862	
5905	0	32902	
5906	0	32770	
5907	0	32693	
5908	0	32773	
5909	0	32839	
5910	0	32919	
5911	0	32981	
5912	0	33088	
5913	0	32941	
5914	0	32871	
5915	0	32812	
5916	0	32732	
5917	0	32698	
5918	0	32788	
5919	0	32755	
5920	0	32745	
5921	0	32748	
5922	0	32740	
5923	0	32775	
5924	0	32797	
5925	0	32800	
5926	0	32744	
5927	0	32786	
5928	0	32560	
5929	0	32504	
5930	0	32662	
5931	0	33097	
5932	0	33334	
5933	0	33399	
5934	0	33408	
5935	0	32413	
5936	0	31182	
5937	0	30936	
5938	0	31806	
5939	0	33516	
5940	0	35131	
5941	0	35827	
5942	0	35692	
5943	0	34640	
5944	0	33276	
5945	0	32071	
5946	0	31382	
5947	0	31175	
5948	0	30973	
5949	0	31270	
5950	0	31388	
5951	0	31495	
5952	0	31844	
5953	0	32551	
5954	0	33234	
5955	0	33523	
5956	0	33590	
5957	0	33416	
5958	0	33215	
5959	0	32946	
5960	0	32681	
5961	0	32414	
5962	0	32318	
5963	0	32492	
5964	0	32638	
5965	0	32813	
5966	0	33042	
5967	0	33040	
5968	0	33065	
5969	0	33084	
5970	0	33079	
5971	0	33061	
5972	0	33039	
5973	0	32981	
5974	0	33006	
5975	0	32999	
5976	0	32952	
5977	0	32960	
5978	0	32967	
5979	0	33001	
5980	0	32946	
5981	0	32891	
5982	0	32861	
5983	0	32901	
5984	0	32774	
5985	0	32815	
5986	0	32746	
5987	0	32693	
5988	0	32775	
5989	0	32768	
5990	0	32754	
5991	0	32775	
5992	0	32810	
5993	0	32819	
5994	0	32924	
5995	0	32884	
5996	0	32806	
5997	0	32800	
5998	0	32833	
5999	0	32765	
6000	0	32756	
6001	0	32743	
6002	0	32754	
6003	0	32772	
6004	0	32681	
6005	0	32751	
6006	0	32775	
6007	0	32840	
6008	0	32803	
6009	0	32824	
6010	0	32821	
6011	0	32847	
6012	0	32852	
6013	0	32884	
6014	0	32847	
6015	0	32791	
6016	0	32892	
6017	0	32864	
6018	0	32876	
6019	0	32722	
6020	0	32645	
6021	0	32766	
6022	0	32850	
6023	0	32824	
6024	0	32775	
6025	0	32697	
6026	0	32704	
6027	0	32808	
6028	0	32816	
6029	0	32801	
6030	0	32760	
6031	0	32752	
6032	0	32748	
6033	0	32807	
6034	0	32903	
6035	0	32976	
6036	0	33046	
6037	0	32999	
6038	0	32896	
6039	0	32897	
6040	0	32911	
6041	0	32799	
6042	0	32642	
6043	0	32871	
6044	0	33140	
6045	0	33013	
6046	0	33079	
6047	0	32864	
6048	0	32934	
6049	0	33099	
6050	0	33137	
6051	0	33206	
6052	0	33200	
6053	0	32853	
6054	0	32670	
6055	0	32535	
6056	0	32481	
6057	0	32365	
6058	0	32292	
6059	0	32391	
6060	0	32454	
6061	0	32668	
6062	0	32742	
6063	0	32775	
6064	0	32785	
6065	0	32717	
6066	0	32642	
6067	0	32450	
6068	0	32408	
6069	0	32410	
6070	0	32360	
6071	0	32503	
6072	0	32444	
6073	0	32431	
6074	0	32477	
6075	0	32514	
6076	0	32519	
6077	0	32677	
6078	0	32740	
6079	0	32867	
6080	0	33037	
6081	0	33088	
6082	0	33207	
6083	0	33117	
6084	0	33071	
6085	0	32975	
6086	0	32925	
6087	0	33038	
6088	0	33127	
6089	0	33184	
6090	0	33193	
6091	0	33158	
6092	0	33095	
6093	0	33164	
6094	0	33031	
6095	0	32979	
6096	0	32801	
6097	0	32797	
6098	0	32824	
6099	0	32810	
6100	0	32858	
6101	0	32757	
6102	0	32800	
6103	0	32762	
6104	0	32767	
6105	0	32863	
6106	0	32844	
6107	0	32790	
6108	0	32799	
6109	0	32742	
6110	0	32722	
6111	0	32735	
6112	0	32717	
6113	0	32748	
6114	0	32711	
6115	0	32572	
6116	0	32612	
6117	0	32782	
6118	0	32804	
6119	0	32850	
6120	0	32820	
6121	0	32818	
6122	0	32853	
6123	0	32911	
6124	0	32757	
6125	0	32765	
6126	0	32787	
6127	0	32834	
6128	0	32839	
6129	0	32775	
6130	0	32738	
6131	0	32870	
6132	0	32852	
6133	0	32869	
6134	0	32941	
6135	0	32836	
6136	0	32880	
6137	0	32882	
6138	0	32820	
6139	0	32766	
6140	0	32788	
6141	0	32635	
6142	0	32751	
6143	0	32775	
6144	0	32815	
6145	0	32784	
6146	0	32854	
6147	0	32784	
6148	0	32784	
6149	0	32813	
6150	0	32850	
6151	0	32816	
6152	0	32763	
6153	0	32872	
6154	0	32903	
6155	0	32815	
6156	0	32994	
6157	0	32937	
6158	0	32839	
6159	0	32808	
6160	0	32790	
6161	0	32766	
6162	0	32879	
6163	0	32763	
6164	0	32756	
6165	0	32825	
6166	0	32844	
6167	0	32789	
6168	0	32749	
6169	0	32810	
6170	0	32775	
6171	0	32748	
6172	0	32647	
6173	0	32743	
6174	0	32826	
6175	0	32839	
6176	0	32736	
6177	0	32788	
6178	0	32891	
6179	0	32912	
6180	0	32859	
6181	0	32877	
6182	0	32828	
6183	0	32811	
6184	0	32791	
6185	0	32850	
6186	0	32830	
6187	0	32919	
6188	0	32912	
6189	0	32861	
6190	0	32749	
6191	0	32681	
6192	0	32865	
6193	0	33064	
6194	0	33144	
6195	0	33141	
6196	0	32909	
6197	0	32708	
6198	0	32300	
6199	0	32345	
6200	0	32646	
6201	0	32978	
6202	0	33228	
6203	0	33415	
6204	0	33338	
6205	0	33109	
6206	0	32872	
6207	0	32660	
6208	0	32353	
6209	0	32352	
6210	0	32290	
6211	0	32409	
6212	0	32465	
6213	0	32531	
6214	0	32679	
6215	0	32859	
6216	0	32876	
6217	0	32812	
6218	0	32925	
6219	0	33019	
6220	0	33124	
6221	0	33075	
6222	0	32980	
6223	0	32949	
6224	0	32759	
6225	0	32628	
6226	0	32723	
6227	0	32711	
6228	0	32665	
6229	0	32800	
6230	0	32790	
6231	0	32807	
6232	0	32839	
6233	0	32868	
6234	0	32859	
6235	0	32886	
6236	0	32996	
6237	0	32977	
6238	0	32920	
6239	0	32916	
6240	0	32928	
6241	0	32839	
6242	0	32852	
6243	0	32807	
6244	0	32839	
6245	0	32760	
6246	0	32758	
6247	0	32769	
6248	0	32839	
6249	0	32706	
6250	0	32733	
6251	0	32829	
6252	0	32794	
6253	0	32868	
6254	0	32885	
6255	0	32826	
6256	0	32782	
6257	0	32954	
6258	0	32850	
6259	0	32865	
6260	0	32829	
6261	0	32783	
6262	0	32729	
6263	0	32821	
6264	0	32847	
6265	0	32799	
6266	0	32818	
6267	0	32799	
6268	0	32847	
6269	0	32817	
6270	0	32823	
6271	0	32804	
6272	0	32827	
6273	0	32842	
6274	0	32803	
6275	0	32720	
6276	0	32681	
6277	0	32736	
6278	0	32775	
6279	0	32835	
6280	0	32839	
6281	0	32750	
6282	0	32799	
6283	0	32775	
6284	0	32754	
6285	0	32798	
6286	0	32775	
6287	0	32794	
6288	0	32711	
6289	0	32738	
6290	0	32706	
6291	0	32763	
6292	0	32802	
6293	0	32769	
6294	0	32816	
6295	0	32748	
6296	0	32832	
6297	0	32726	
6298	0	32830	
6299	0	32792	
6300	0	32847	
6301	0	32813	
6302	0	32814	
6303	0	32836	
6304	0	32842	
6305	0	32922	
6306	0	32871	
6307	0	32868	
6308	0	32834	
6309	0	32847	
6310	0	32892	
6311	0	32800	
6312	0	32799	
6313	0	32786	
6314	0	32698	
6315	0	32829	
6316	0	32818	
6317	0	32814	
6318	0	32805	
6319	0	32756	
6320	0	32902	
6321	0	32831	
6322	0	32846	
6323	0	32804	
6324	0	32808	
6325	0	32692	
6326	0	32769	
6327	0	32751	
6328	0	32775	
6329	0	32864	
6330	0	32888	
6331	0	32822	
6332	0	32863	
6333	0	32828	
6334	0	32797	
6335	0	32766	
6336	0	32661	
6337	0	32722	
6338	0	32790	
6339	0	32855	
6340	0	32829	
6341	0	32871	
6342	0	32858	
6343	0	32799	
6344	0	32860	
6345	0	32955	
6346	0	32801	
6347	0	32858	
6348	0	32871	
6349	0	32813	
6350	0	32837	
6351	0	32800	
6352	0	32786	
6353	0	32830	
6354	0	32839	
6355	0	32806	
6356	0	32848	
6357	0	32878	
6358	0	32869	
6359	0	32839	
6360	0	32845	
6361	0	32803	
6362	0	32754	
6363	0	32788	
6364	0	32823	
6365	0	32804	
6366	0	32809	
6367	0	32775	
6368	0	32768	
6369	0	32839	
6370	0	32915	
6371	0	32798	
6372	0	32888	
6373	0	32845	
6374	0	32805	
6375	0	32828	
6376	0	32775	
6377	0	32839	
6378	0	32882	
6379	0	32839	
6380	0	32881	
6381	0	32826	
6382	0	32775	
6383	0	32804	
6384	0	32823	
6385	0	32857	
6386	0	32783	
6387	0	32772	
6388	0	32761	
6389	0	32748	
6390	0	32872	
6391	0	32846	
6392	0	32845	
6393	0	32885	
6394	0	32818	
6395	0	32869	
6396	0	32903	
6397	0	32888	
6398	0	32886	
6399	0	32750	
6400	0	32823	
6401	0	32839	
6402	0	32815	
6403	0	32732	
6404	0	32746	
6405	0	32734	
6406	0	32771	
6407	0	32761	
6408	0	32775	
6409	0	32818	
6410	0	32906	
6411	0	32804	
6412	0	32802	
6413	0	32765	
6414	0	32807	
6415	0	32792	
6416	0	32797	
6417	0	32804	
6418	0	32821	
6419	0	32783	
6420	0	32845	
6421	0	32936	
6422	0	32960	
6423	0	32890	
6424	0	32885	
6425	0	32842	
6426	0	32889	
6427	0	32860	
6428	0	32763	
6429	0	32718	
6430	0	32794	
6431	0	32826	
6432	0	32792	
6433	0	32738	
6434	0	32706	
6435	0	32768	
6436	0	32848	
6437	0	32842	
6438	0	32833	
6439	0	32899	
6440	0	32887	
6441	0	32838	
6442	0	32773	
6443	0	32773	
6444	0	32692	
6445	0	32747	
6446	0	32780	
6447	0	32791	
6448	0	32775	
6449	0	32864	
6450	0	32839	
6451	0	32857	
6452	0	32823	
6453	0	32926	
6454	0	32839	
6455	0	32839	
6456	0	32744	
6457	0	32775	
6458	0	32792	
6459	0	32814	
6460	0	32856	
6461	0	32799	
6462	0	32764	
6463	0	32768	
6464	0	32839	
6465	0	32929	
6466	0	32895	
6467	0	32866	
6468	0	32818	
6469	0	32911	
6470	0	32875	
6471	0	32846	
6472	0	32805	
6473	0	32775	
6474	0	32857	
6475	0	32721	
6476	0	32681	
6477	0	32665	
6478	0	32774	
6479	0	32862	
6480	0	32807	
6481	0	32839	
6482	0	32832	
6483	0	32871	
6484	0	32792	
6485	0	32806	
6486	0	32850	
6487	0	32831	
6488	0	32775	
6489	0	32768	
6490	0	32839	
6491	0	32920	
6492	0	32870	
6493	0	32868	
6494	0	32801	
6495	0	32799	
6496	0	32786	
6497	0	32743	
6498	0	32741	
6499	0	32814	
6500	0	32839	
6501	0	32820	
6502	0	32844	
6503	0	32814	
6504	0	32775	
6505	0	32764	
6506	0	32907	
6507	0	32810	
6508	0	32837	
6509	0	32852	
6510	0	32775	
6511	0	32807	
6512	0	32807	
6513	0	32839	
6514	0	32829	
6515	0	32805	
6516	0	32867	
6517	0	32815	
6518	0	32880	
6519	0	32876	
6520	0	32853	
6521	0	32830	
6522	0	32801	
6523	0	32845	
6524	0	32868	
6525	0	32735	
6526	0	32751	
6527	0	32822	
6528	0	32775	
6529	0	32775	
6530	0	32738	
6531	0	32771	
6532	0	32748	
6533	0	32725	
6534	0	32749	
6535	0	32784	
6536	0	32824	
6537	0	32828	
6538	0	32857	
6539	0	32864	
6540	0	32851	
6541	0	32765	
6542	0	32728	
6543	0	32754	
6544	0	32637	
6545	0	32719	
6546	0	32743	
6547	0	32855	
6548	0	32839	
6549	0	32803	
6550	0	32793	
6551	0	32819	
6552	0	32903	
6553	0	32912	
6554	0	32903	
6555	0	32851	
6556	0	32794	
6557	0	32694	
6558	0	32816	
6559	0	32901	
6560	0	32822	
6561	0	32794	
6562	0	32805	
6563	0	32791	
6564	0	32809	
6565	0	32789	
6566	0	32830	
6567	0	32769	
6568	0	32816	
6569	0	32879	
6570	0	32835	
6571	0	32818	
6572	0	32791	
6573	0	32801	
6574	0	32754	
6575	0	32802	
6576	0	32832	
6577	0	32815	
6578	0	32839	
6579	0	32694	
6580	0	32744	
6581	0	32802	
6582	0	32834	
6583	0	32869	
6584	0	32842	
6585	0	32881	
6586	0	32826	
6587	0	32701	
6588	0	32839	
6589	0	32850	
6590	0	32885	
6591	0	32914	
6592	0	32786	
6593	0	32817	
6594	0	32903	
6595	0	32763	
6596	0	32736	
6597	0	32815	
6598	0	32789	
6599	0	32717	
