# OpenSignals Text File Format
# {"00:07:80:FC:57:23": {"sensor": ["EMG"], "device name": "00:07:80:FC:57:23", "column": ["nSeq", "DI", "bicept"], "sync interval": 2, "time": "12:53:39.331", "comments": "", "device connection": "BTH00:07:80:FC:57:23", "channels": [4], "keywords": "", "convertedValues": 0, "digital IO": [0, 1], "mode": 0, "date": "2018-7-9", "firmware version": 773, "device": "biosignalsplux", "position": 0, "sampling rate": 1000, "label": ["bicept"], "resolution": [16], "forcePlatform values": [0.0, 0.0, 0.0, 0.0, 0.0, 0.0, 0.0, 0.0], "special": [{}]}}
# EndOfHeader
0	0	32706	
1	0	32708	
2	0	32761	
3	0	32744	
4	0	32809	
5	0	32830	
6	0	32864	
7	0	32854	
8	0	32809	
9	0	32802	
10	0	32751	
11	0	32666	
12	0	32743	
13	0	32790	
14	0	32759	
15	0	32784	
16	0	32839	
17	0	32763	
18	0	32746	
19	0	32671	
20	0	32619	
21	0	32604	
22	0	32642	
23	0	32775	
24	0	32888	
25	0	32941	
26	0	32938	
27	0	32852	
28	0	32775	
29	0	32807	
30	0	32775	
31	0	32785	
32	0	32810	
33	0	32817	
34	0	32799	
35	0	32744	
36	0	32764	
37	0	32735	
38	0	32752	
39	0	32834	
40	0	32800	
41	0	32709	
42	0	32665	
43	0	32575	
44	0	32639	
45	0	32760	
46	0	32794	
47	0	32818	
48	0	32885	
49	0	32903	
50	0	32903	
51	0	32856	
52	0	32839	
53	0	32893	
54	0	32822	
55	0	32647	
56	0	32627	
57	0	32642	
58	0	32677	
59	0	32746	
60	0	32801	
61	0	32804	
62	0	32793	
63	0	32788	
64	0	32768	
65	0	32660	
66	0	32784	
67	0	32706	
68	0	32719	
69	0	32808	
70	0	32797	
71	0	32839	
72	0	32861	
73	0	32739	
74	0	32598	
75	0	32581	
76	0	32641	
77	0	32836	
78	0	33008	
79	0	32979	
80	0	32804	
81	0	32752	
82	0	32799	
83	0	32831	
84	0	32902	
85	0	32976	
86	0	32929	
87	0	32839	
88	0	32724	
89	0	32726	
90	0	32718	
91	0	32751	
92	0	32732	
93	0	32791	
94	0	32742	
95	0	32679	
96	0	32637	
97	0	32583	
98	0	32653	
99	0	32724	
100	0	32797	
101	0	32761	
102	0	32791	
103	0	32771	
104	0	32826	
105	0	32806	
106	0	32824	
107	0	32823	
108	0	32756	
109	0	32837	
110	0	32799	
111	0	32804	
112	0	32738	
113	0	32797	
114	0	32745	
115	0	32719	
116	0	32753	
117	0	32732	
118	0	32767	
119	0	32807	
120	0	32806	
121	0	32855	
122	0	32795	
123	0	32744	
124	0	32789	
125	0	32788	
126	0	32738	
127	0	32791	
128	0	32789	
129	0	32775	
130	0	32800	
131	0	32754	
132	0	32775	
133	0	32757	
134	0	32801	
135	0	32806	
136	0	32762	
137	0	32822	
138	0	32832	
139	0	32824	
140	0	32801	
141	0	32676	
142	0	32525	
143	0	32633	
144	0	32793	
145	0	32860	
146	0	32941	
147	0	32894	
148	0	32839	
149	0	32804	
150	0	32853	
151	0	32809	
152	0	32813	
153	0	32853	
154	0	32775	
155	0	32717	
156	0	32748	
157	0	32775	
158	0	32775	
159	0	32821	
160	0	32751	
161	0	32756	
162	0	32788	
163	0	32708	
164	0	32727	
165	0	32703	
166	0	32701	
167	0	32750	
168	0	32743	
169	0	32731	
170	0	32687	
171	0	32631	
172	0	32738	
173	0	32739	
174	0	32784	
175	0	32775	
176	0	32751	
177	0	32744	
178	0	32661	
179	0	32721	
180	0	32765	
181	0	32708	
182	0	32768	
183	0	32764	
184	0	32745	
185	0	32762	
186	0	32705	
187	0	32687	
188	0	32634	
189	0	32699	
190	0	32759	
191	0	32893	
192	0	32988	
193	0	32962	
194	0	32916	
195	0	32908	
196	0	32863	
197	0	32762	
198	0	32760	
199	0	32615	
200	0	32691	
201	0	32740	
202	0	32760	
203	0	32790	
204	0	32820	
205	0	32829	
206	0	32803	
207	0	32823	
208	0	32888	
209	0	32821	
210	0	32901	
211	0	32807	
212	0	32671	
213	0	32461	
214	0	32515	
215	0	32703	
216	0	32794	
217	0	32929	
218	0	33040	
219	0	32960	
220	0	32848	
221	0	32732	
222	0	32727	
223	0	32816	
224	0	32932	
225	0	32947	
226	0	32874	
227	0	32693	
228	0	32574	
229	0	32572	
230	0	32637	
231	0	32701	
232	0	32479	
233	0	32487	
234	0	32732	
235	0	32820	
236	0	32802	
237	0	32868	
238	0	32879	
239	0	32959	
240	0	32903	
241	0	32889	
242	0	32847	
243	0	32813	
244	0	32889	
245	0	32884	
246	0	32770	
247	0	32724	
248	0	32615	
249	0	32690	
250	0	32704	
251	0	32796	
252	0	32799	
253	0	32869	
254	0	32834	
255	0	32775	
256	0	32738	
257	0	32749	
258	0	32711	
259	0	32743	
260	0	32774	
261	0	32780	
262	0	32749	
263	0	32771	
264	0	32818	
265	0	32826	
266	0	32828	
267	0	32813	
268	0	32801	
269	0	32708	
270	0	32732	
271	0	32828	
272	0	32816	
273	0	32863	
274	0	32802	
275	0	32743	
276	0	32727	
277	0	32766	
278	0	32697	
279	0	32676	
280	0	32723	
281	0	32722	
282	0	32631	
283	0	32645	
284	0	32726	
285	0	32880	
286	0	32928	
287	0	32972	
288	0	32807	
289	0	32775	
290	0	32740	
291	0	32740	
292	0	32721	
293	0	32708	
294	0	32733	
295	0	32743	
296	0	32764	
297	0	32806	
298	0	32732	
299	0	32655	
300	0	32733	
301	0	32775	
302	0	32775	
303	0	32808	
304	0	32839	
305	0	32827	
306	0	32848	
307	0	32830	
308	0	32765	
309	0	32760	
310	0	32855	
311	0	32850	
312	0	32725	
313	0	32674	
314	0	32743	
315	0	32743	
316	0	32750	
317	0	32790	
318	0	32752	
319	0	32704	
320	0	32729	
321	0	32644	
322	0	32745	
323	0	32739	
324	0	32765	
325	0	32804	
326	0	32848	
327	0	32775	
328	0	32734	
329	0	32795	
330	0	32815	
331	0	32826	
332	0	32799	
333	0	32877	
334	0	32839	
335	0	32791	
336	0	32761	
337	0	32702	
338	0	32679	
339	0	32765	
340	0	32797	
341	0	32801	
342	0	32801	
343	0	32809	
344	0	32730	
345	0	32683	
346	0	32671	
347	0	32711	
348	0	32775	
349	0	32838	
350	0	32760	
351	0	32766	
352	0	32721	
353	0	32717	
354	0	32767	
355	0	32816	
356	0	32815	
357	0	32765	
358	0	32822	
359	0	32867	
360	0	32863	
361	0	32839	
362	0	32738	
363	0	32743	
364	0	32751	
365	0	32821	
366	0	32764	
367	0	32732	
368	0	32758	
369	0	32728	
370	0	32677	
371	0	32698	
372	0	32775	
373	0	32822	
374	0	32754	
375	0	32734	
376	0	32745	
377	0	32862	
378	0	32876	
379	0	32802	
380	0	32772	
381	0	32775	
382	0	32813	
383	0	32813	
384	0	32775	
385	0	32784	
386	0	32836	
387	0	32772	
388	0	32620	
389	0	32701	
390	0	32755	
391	0	32754	
392	0	32710	
393	0	32625	
394	0	32647	
395	0	32748	
396	0	32796	
397	0	32773	
398	0	32827	
399	0	32816	
400	0	32744	
401	0	32845	
402	0	32835	
403	0	32801	
404	0	32833	
405	0	32802	
406	0	32815	
407	0	32735	
408	0	32773	
409	0	32748	
410	0	32770	
411	0	32752	
412	0	32792	
413	0	32772	
414	0	32831	
415	0	32863	
416	0	32740	
417	0	32765	
418	0	32783	
419	0	32745	
420	0	32647	
421	0	32647	
422	0	32665	
423	0	32736	
424	0	32847	
425	0	32902	
426	0	32895	
427	0	32876	
428	0	32919	
429	0	32805	
430	0	32823	
431	0	32763	
432	0	32716	
433	0	32694	
434	0	32708	
435	0	32668	
436	0	32713	
437	0	32768	
438	0	32774	
439	0	32842	
440	0	32843	
441	0	32850	
442	0	32832	
443	0	32758	
444	0	32859	
445	0	32767	
446	0	32707	
447	0	32692	
448	0	32642	
449	0	32751	
450	0	32764	
451	0	32801	
452	0	32823	
453	0	32788	
454	0	32787	
455	0	32774	
456	0	32699	
457	0	32732	
458	0	32774	
459	0	32775	
460	0	32747	
461	0	32784	
462	0	32797	
463	0	32753	
464	0	32770	
465	0	32775	
466	0	32835	
467	0	32791	
468	0	32799	
469	0	32868	
470	0	32825	
471	0	32829	
472	0	32790	
473	0	32743	
474	0	32710	
475	0	32637	
476	0	32679	
477	0	32756	
478	0	32775	
479	0	32828	
480	0	32792	
481	0	32805	
482	0	32775	
483	0	32823	
484	0	32806	
485	0	32790	
486	0	32742	
487	0	32801	
488	0	32764	
489	0	32775	
490	0	32698	
491	0	32686	
492	0	32756	
493	0	32738	
494	0	32790	
495	0	32873	
496	0	32866	
497	0	32850	
498	0	32833	
499	0	32750	
500	0	32721	
501	0	32717	
502	0	32775	
503	0	32792	
504	0	32775	
505	0	32711	
506	0	32800	
507	0	32726	
508	0	32723	
509	0	32628	
510	0	32647	
511	0	32663	
512	0	32711	
513	0	32787	
514	0	32900	
515	0	33016	
516	0	32757	
517	0	32614	
518	0	32683	
519	0	32775	
520	0	32861	
521	0	32898	
522	0	32941	
523	0	32878	
524	0	32775	
525	0	32760	
526	0	32800	
527	0	32793	
528	0	32865	
529	0	32807	
530	0	32669	
531	0	32682	
532	0	32717	
533	0	32735	
534	0	32751	
535	0	32705	
536	0	32762	
537	0	32774	
538	0	32759	
539	0	32743	
540	0	32760	
541	0	32726	
542	0	32725	
543	0	32764	
544	0	32728	
545	0	32808	
546	0	32804	
547	0	32796	
548	0	32788	
549	0	32775	
550	0	32790	
551	0	32775	
552	0	32799	
553	0	32803	
554	0	32799	
555	0	32764	
556	0	32854	
557	0	32801	
558	0	32766	
559	0	32734	
560	0	32738	
561	0	32839	
562	0	32790	
563	0	32839	
564	0	32859	
565	0	32850	
566	0	32775	
567	0	32729	
568	0	32697	
569	0	32551	
570	0	32553	
571	0	32652	
572	0	32764	
573	0	32799	
574	0	32847	
575	0	32759	
576	0	32775	
577	0	32793	
578	0	32813	
579	0	32797	
580	0	32886	
581	0	32839	
582	0	32775	
583	0	32689	
584	0	32675	
585	0	32767	
586	0	32769	
587	0	32791	
588	0	32756	
589	0	32724	
590	0	32749	
591	0	32842	
592	0	32797	
593	0	32723	
594	0	32719	
595	0	32717	
596	0	32766	
597	0	32790	
598	0	32711	
599	0	32751	
600	0	32730	
601	0	32727	
602	0	32812	
603	0	32817	
604	0	32774	
605	0	32775	
606	0	32795	
607	0	32619	
608	0	32555	
609	0	32614	
610	0	32740	
611	0	32838	
612	0	32966	
613	0	32946	
614	0	32956	
615	0	32862	
616	0	32886	
617	0	32864	
618	0	32821	
619	0	32711	
620	0	32666	
621	0	32738	
622	0	32733	
623	0	32688	
624	0	32750	
625	0	32734	
626	0	32704	
627	0	32711	
628	0	32834	
629	0	32871	
630	0	32836	
631	0	32756	
632	0	32768	
633	0	32871	
634	0	32816	
635	0	32799	
636	0	32806	
637	0	32745	
638	0	32714	
639	0	32687	
640	0	32623	
641	0	32671	
642	0	32784	
643	0	32773	
644	0	32762	
645	0	32821	
646	0	32771	
647	0	32772	
648	0	32775	
649	0	32816	
650	0	32852	
651	0	32845	
652	0	32816	
653	0	32869	
654	0	32788	
655	0	32784	
656	0	32784	
657	0	32749	
658	0	32658	
659	0	32704	
660	0	32673	
661	0	32780	
662	0	32762	
663	0	32815	
664	0	32839	
665	0	32835	
666	0	32721	
667	0	32701	
668	0	32672	
669	0	32790	
670	0	32797	
671	0	32871	
672	0	32808	
673	0	32818	
674	0	32855	
675	0	32845	
676	0	32815	
677	0	32764	
678	0	32711	
679	0	32705	
680	0	32761	
681	0	32746	
682	0	32720	
683	0	32775	
684	0	32829	
685	0	32829	
686	0	32789	
687	0	32839	
688	0	32876	
689	0	32787	
690	0	32764	
691	0	32726	
692	0	32641	
693	0	32623	
694	0	32764	
695	0	32767	
696	0	32748	
697	0	32820	
698	0	32805	
699	0	32775	
700	0	32655	
701	0	32728	
702	0	32647	
703	0	32728	
704	0	32718	
705	0	32655	
706	0	32711	
707	0	32871	
708	0	32879	
709	0	32838	
710	0	32847	
711	0	32884	
712	0	32934	
713	0	32920	
714	0	32886	
715	0	32887	
716	0	32717	
717	0	32735	
718	0	32694	
719	0	32615	
720	0	32669	
721	0	32702	
722	0	32734	
723	0	32728	
724	0	32768	
725	0	32761	
726	0	32770	
727	0	32753	
728	0	32730	
729	0	32726	
730	0	32716	
731	0	32749	
732	0	32765	
733	0	32811	
734	0	32847	
735	0	32788	
736	0	32768	
737	0	32775	
738	0	32773	
739	0	32867	
740	0	32809	
741	0	32828	
742	0	32809	
743	0	32774	
744	0	32493	
745	0	32540	
746	0	32560	
747	0	32765	
748	0	32885	
749	0	33017	
750	0	32937	
751	0	32895	
752	0	32873	
753	0	32791	
754	0	32747	
755	0	32707	
756	0	32749	
757	0	32693	
758	0	32526	
759	0	32631	
760	0	32689	
761	0	32654	
762	0	32728	
763	0	32797	
764	0	32833	
765	0	32865	
766	0	32881	
767	0	32643	
768	0	32513	
769	0	32525	
770	0	32688	
771	0	32873	
772	0	32991	
773	0	33106	
774	0	33149	
775	0	33086	
776	0	33047	
777	0	33001	
778	0	32857	
779	0	32659	
780	0	32585	
781	0	32559	
782	0	32609	
783	0	32583	
784	0	32581	
785	0	32660	
786	0	32784	
787	0	32808	
788	0	32863	
789	0	32919	
790	0	32775	
791	0	32744	
792	0	32599	
793	0	32684	
794	0	32684	
795	0	32713	
796	0	32731	
797	0	32760	
798	0	32844	
799	0	32843	
800	0	32892	
801	0	32839	
802	0	32830	
803	0	32820	
804	0	32722	
805	0	32668	
806	0	32658	
807	0	32723	
808	0	32902	
809	0	32946	
810	0	32981	
811	0	32979	
812	0	32924	
813	0	32774	
814	0	32842	
815	0	32839	
816	0	32829	
817	0	32824	
818	0	32711	
819	0	32740	
820	0	32828	
821	0	32870	
822	0	32704	
823	0	32615	
824	0	32621	
825	0	32775	
826	0	32900	
827	0	32839	
828	0	32679	
829	0	32525	
830	0	32399	
831	0	32209	
832	0	32270	
833	0	32605	
834	0	32939	
835	0	33026	
836	0	32991	
837	0	32918	
838	0	32839	
839	0	32903	
840	0	33016	
841	0	33089	
842	0	32935	
843	0	32470	
844	0	31338	
845	0	31035	
846	0	31689	
847	0	32583	
848	0	33471	
849	0	34145	
850	0	34204	
851	0	34070	
852	0	33782	
853	0	33533	
854	0	33095	
855	0	32509	
856	0	32157	
857	0	32183	
858	0	32291	
859	0	32432	
860	0	32432	
861	0	32468	
862	0	32487	
863	0	32544	
864	0	32772	
865	0	32994	
866	0	32992	
867	0	32935	
868	0	32814	
869	0	32551	
870	0	32580	
871	0	32642	
872	0	32758	
873	0	32884	
874	0	32859	
875	0	32887	
876	0	32849	
877	0	32723	
878	0	32684	
879	0	32764	
880	0	32879	
881	0	32831	
882	0	32857	
883	0	32775	
884	0	32774	
885	0	32877	
886	0	32908	
887	0	32898	
888	0	32910	
889	0	32694	
890	0	32595	
891	0	32495	
892	0	32518	
893	0	32455	
894	0	32576	
895	0	32689	
896	0	32867	
897	0	33038	
898	0	32935	
899	0	32864	
900	0	32845	
901	0	32876	
902	0	32954	
903	0	32934	
904	0	32889	
905	0	32889	
906	0	32753	
907	0	32645	
908	0	32666	
909	0	32671	
910	0	32715	
911	0	32660	
912	0	32620	
913	0	32693	
914	0	32766	
915	0	32903	
916	0	32839	
917	0	32855	
918	0	32742	
919	0	32686	
920	0	32720	
921	0	32711	
922	0	32869	
923	0	32923	
924	0	32816	
925	0	32775	
926	0	32727	
927	0	32734	
928	0	32755	
929	0	32879	
930	0	32600	
931	0	32481	
932	0	32455	
933	0	32461	
934	0	32758	
935	0	32833	
936	0	32615	
937	0	32099	
938	0	32133	
939	0	32690	
940	0	33248	
941	0	33735	
942	0	33845	
943	0	33883	
944	0	33792	
945	0	33667	
946	0	33244	
947	0	32895	
948	0	32399	
949	0	32097	
950	0	32087	
951	0	32160	
952	0	32384	
953	0	32320	
954	0	31832	
955	0	31192	
956	0	31154	
957	0	32080	
958	0	33255	
959	0	34273	
960	0	34651	
961	0	34448	
962	0	33909	
963	0	32997	
964	0	32345	
965	0	32301	
966	0	32654	
967	0	32700	
968	0	32436	
969	0	32016	
970	0	32260	
971	0	32263	
972	0	32306	
973	0	32607	
974	0	32903	
975	0	32996	
976	0	33223	
977	0	33351	
978	0	33515	
979	0	33334	
980	0	32913	
981	0	32756	
982	0	32148	
983	0	31384	
984	0	31506	
985	0	32067	
986	0	32606	
987	0	33111	
988	0	33404	
989	0	33543	
990	0	33534	
991	0	33434	
992	0	33362	
993	0	33196	
994	0	32959	
995	0	32800	
996	0	32570	
997	0	32397	
998	0	31962	
999	0	31804	
1000	0	31878	
1001	0	32226	
1002	0	32710	
1003	0	32999	
1004	0	33195	
1005	0	33084	
1006	0	32962	
1007	0	32945	
1008	0	33089	
1009	0	33075	
1010	0	32994	
1011	0	32857	
1012	0	32839	
1013	0	32834	
1014	0	32807	
1015	0	32821	
1016	0	32767	
1017	0	32449	
1018	0	32213	
1019	0	32280	
1020	0	32469	
1021	0	32679	
1022	0	33041	
1023	0	33228	
1024	0	33319	
1025	0	33253	
1026	0	33242	
1027	0	33070	
1028	0	32988	
1029	0	32884	
1030	0	32982	
1031	0	32418	
1032	0	32156	
1033	0	32144	
1034	0	32290	
1035	0	32455	
1036	0	32955	
1037	0	33246	
1038	0	33337	
1039	0	32797	
1040	0	32469	
1041	0	32498	
1042	0	32707	
1043	0	32818	
1044	0	32804	
1045	0	32708	
1046	0	32891	
1047	0	32871	
1048	0	32694	
1049	0	32583	
1050	0	32543	
1051	0	32677	
1052	0	33069	
1053	0	33351	
1054	0	33266	
1055	0	32113	
1056	0	31657	
1057	0	31734	
1058	0	31983	
1059	0	32547	
1060	0	33333	
1061	0	33719	
1062	0	34004	
1063	0	33996	
1064	0	33882	
1065	0	33268	
1066	0	32087	
1067	0	31681	
1068	0	31782	
1069	0	31807	
1070	0	32052	
1071	0	32663	
1072	0	33190	
1073	0	33567	
1074	0	33727	
1075	0	33579	
1076	0	33380	
1077	0	33220	
1078	0	32986	
1079	0	32738	
1080	0	32349	
1081	0	32262	
1082	0	32283	
1083	0	32071	
1084	0	31504	
1085	0	31271	
1086	0	31718	
1087	0	32515	
1088	0	32935	
1089	0	33623	
1090	0	34209	
1091	0	33873	
1092	0	33471	
1093	0	33181	
1094	0	33404	
1095	0	33475	
1096	0	33474	
1097	0	33192	
1098	0	32647	
1099	0	32081	
1100	0	31993	
1101	0	32199	
1102	0	32432	
1103	0	32749	
1104	0	32775	
1105	0	32615	
1106	0	32651	
1107	0	32827	
1108	0	32772	
1109	0	32577	
1110	0	32532	
1111	0	32391	
1112	0	32251	
1113	0	32250	
1114	0	32487	
1115	0	32634	
1116	0	32604	
1117	0	32831	
1118	0	33159	
1119	0	33264	
1120	0	33335	
1121	0	33451	
1122	0	33332	
1123	0	33066	
1124	0	32854	
1125	0	32731	
1126	0	32519	
1127	0	32359	
1128	0	32420	
1129	0	32613	
1130	0	32690	
1131	0	32768	
1132	0	32727	
1133	0	32684	
1134	0	32684	
1135	0	32577	
1136	0	32229	
1137	0	31803	
1138	0	31995	
1139	0	32625	
1140	0	33080	
1141	0	33455	
1142	0	33834	
1143	0	33964	
1144	0	33123	
1145	0	32157	
1146	0	32492	
1147	0	32966	
1148	0	33017	
1149	0	32926	
1150	0	33244	
1151	0	33559	
1152	0	33488	
1153	0	33229	
1154	0	32694	
1155	0	31775	
1156	0	31289	
1157	0	31820	
1158	0	32532	
1159	0	32919	
1160	0	32823	
1161	0	32966	
1162	0	32998	
1163	0	32590	
1164	0	31997	
1165	0	32173	
1166	0	32888	
1167	0	33178	
1168	0	32912	
1169	0	32705	
1170	0	33167	
1171	0	33009	
1172	0	32928	
1173	0	33207	
1174	0	33342	
1175	0	33411	
1176	0	33202	
1177	0	32855	
1178	0	32595	
1179	0	32752	
1180	0	32595	
1181	0	32487	
1182	0	32650	
1183	0	32086	
1184	0	31943	
1185	0	32325	
1186	0	32570	
1187	0	33063	
1188	0	33308	
1189	0	33682	
1190	0	33797	
1191	0	33666	
1192	0	33347	
1193	0	33122	
1194	0	32900	
1195	0	32519	
1196	0	31574	
1197	0	31224	
1198	0	31503	
1199	0	31935	
1200	0	32419	
1201	0	32704	
1202	0	32925	
1203	0	33215	
1204	0	33261	
1205	0	33196	
1206	0	33320	
1207	0	33287	
1208	0	32965	
1209	0	32647	
1210	0	32471	
1211	0	32575	
1212	0	32692	
1213	0	32754	
1214	0	32542	
1215	0	32692	
1216	0	32897	
1217	0	33095	
1218	0	32937	
1219	0	32544	
1220	0	32422	
1221	0	32204	
1222	0	31781	
1223	0	32252	
1224	0	33069	
1225	0	33223	
1226	0	33112	
1227	0	32893	
1228	0	33301	
1229	0	33469	
1230	0	33226	
1231	0	32692	
1232	0	32727	
1233	0	33316	
1234	0	33382	
1235	0	33299	
1236	0	33041	
1237	0	32978	
1238	0	33074	
1239	0	32822	
1240	0	32451	
1241	0	32278	
1242	0	32224	
1243	0	32379	
1244	0	32333	
1245	0	32133	
1246	0	32110	
1247	0	32272	
1248	0	32594	
1249	0	32543	
1250	0	32729	
1251	0	32918	
1252	0	33071	
1253	0	32954	
1254	0	32882	
1255	0	33004	
1256	0	32900	
1257	0	32984	
1258	0	33103	
1259	0	33186	
1260	0	33202	
1261	0	32993	
1262	0	32944	
1263	0	32935	
1264	0	32828	
1265	0	32747	
1266	0	32559	
1267	0	32463	
1268	0	32444	
1269	0	32528	
1270	0	32519	
1271	0	32324	
1272	0	32519	
1273	0	32953	
1274	0	33233	
1275	0	33082	
1276	0	32740	
1277	0	32444	
1278	0	32464	
1279	0	32743	
1280	0	32707	
1281	0	32759	
1282	0	32835	
1283	0	32829	
1284	0	32850	
1285	0	32582	
1286	0	32512	
1287	0	32697	
1288	0	32798	
1289	0	32739	
1290	0	32861	
1291	0	32996	
1292	0	32880	
1293	0	33058	
1294	0	33443	
1295	0	33011	
1296	0	32746	
1297	0	32710	
1298	0	32678	
1299	0	32714	
1300	0	32677	
1301	0	32630	
1302	0	32670	
1303	0	32699	
1304	0	32658	
1305	0	32732	
1306	0	32742	
1307	0	32719	
1308	0	32816	
1309	0	32867	
1310	0	32804	
1311	0	32788	
1312	0	32839	
1313	0	32692	
1314	0	32298	
1315	0	32301	
1316	0	32525	
1317	0	32486	
1318	0	32575	
1319	0	33017	
1320	0	32880	
1321	0	33046	
1322	0	32936	
1323	0	32861	
1324	0	33045	
1325	0	33130	
1326	0	33227	
1327	0	33373	
1328	0	33075	
1329	0	32919	
1330	0	32917	
1331	0	32943	
1332	0	32647	
1333	0	32535	
1334	0	32494	
1335	0	32423	
1336	0	32429	
1337	0	32560	
1338	0	32624	
1339	0	32167	
1340	0	31669	
1341	0	31898	
1342	0	32332	
1343	0	32759	
1344	0	33107	
1345	0	33599	
1346	0	33759	
1347	0	33735	
1348	0	33489	
1349	0	32783	
1350	0	32479	
1351	0	32694	
1352	0	32954	
1353	0	33154	
1354	0	33305	
1355	0	33456	
1356	0	33323	
1357	0	32877	
1358	0	32405	
1359	0	32095	
1360	0	31558	
1361	0	31812	
1362	0	32421	
1363	0	32620	
1364	0	32908	
1365	0	33019	
1366	0	33152	
1367	0	33110	
1368	0	32710	
1369	0	32596	
1370	0	32674	
1371	0	32807	
1372	0	32738	
1373	0	32679	
1374	0	32759	
1375	0	32794	
1376	0	32916	
1377	0	32879	
1378	0	32820	
1379	0	32918	
1380	0	32902	
1381	0	32770	
1382	0	32577	
1383	0	32687	
1384	0	32530	
1385	0	32228	
1386	0	31723	
1387	0	32199	
1388	0	33031	
1389	0	33526	
1390	0	33728	
1391	0	33343	
1392	0	31906	
1393	0	31847	
1394	0	32149	
1395	0	32655	
1396	0	32982	
1397	0	33385	
1398	0	33938	
1399	0	34048	
1400	0	33234	
1401	0	32774	
1402	0	32865	
1403	0	32794	
1404	0	32745	
1405	0	33135	
1406	0	33162	
1407	0	32848	
1408	0	32596	
1409	0	32534	
1410	0	32582	
1411	0	32479	
1412	0	32429	
1413	0	32504	
1414	0	32631	
1415	0	32496	
1416	0	32377	
1417	0	32423	
1418	0	32757	
1419	0	32940	
1420	0	32917	
1421	0	32963	
1422	0	32873	
1423	0	32732	
1424	0	32616	
1425	0	32576	
1426	0	32664	
1427	0	32755	
1428	0	32785	
1429	0	32719	
1430	0	32602	
1431	0	32473	
1432	0	32655	
1433	0	32860	
1434	0	32830	
1435	0	32903	
1436	0	32674	
1437	0	32606	
1438	0	32652	
1439	0	32862	
1440	0	32721	
1441	0	32742	
1442	0	32706	
1443	0	32786	
1444	0	33008	
1445	0	33275	
1446	0	33234	
1447	0	33068	
1448	0	32340	
1449	0	32180	
1450	0	32007	
1451	0	32576	
1452	0	33159	
1453	0	33740	
1454	0	34079	
1455	0	33817	
1456	0	32972	
1457	0	32487	
1458	0	32199	
1459	0	32049	
1460	0	32146	
1461	0	32567	
1462	0	32852	
1463	0	32978	
1464	0	33143	
1465	0	33552	
1466	0	33543	
1467	0	32871	
1468	0	32167	
1469	0	32090	
1470	0	32310	
1471	0	32222	
1472	0	32217	
1473	0	32429	
1474	0	32582	
1475	0	32578	
1476	0	32914	
1477	0	33284	
1478	0	33442	
1479	0	33757	
1480	0	33529	
1481	0	33296	
1482	0	32960	
1483	0	32517	
1484	0	32080	
1485	0	31917	
1486	0	31768	
1487	0	32126	
1488	0	32646	
1489	0	33067	
1490	0	32984	
1491	0	32937	
1492	0	33069	
1493	0	33031	
1494	0	33101	
1495	0	33093	
1496	0	32890	
1497	0	32564	
1498	0	32389	
1499	0	32258	
1500	0	31474	
1501	0	31568	
1502	0	32331	
1503	0	32933	
1504	0	33435	
1505	0	33782	
1506	0	33999	
1507	0	33879	
1508	0	33464	
1509	0	33208	
1510	0	32581	
1511	0	32118	
1512	0	31962	
1513	0	32047	
1514	0	32275	
1515	0	32468	
1516	0	32525	
1517	0	32440	
1518	0	32472	
1519	0	32922	
1520	0	33126	
1521	0	33348	
1522	0	33048	
1523	0	33087	
1524	0	33080	
1525	0	33216	
1526	0	33488	
1527	0	33684	
1528	0	33484	
1529	0	33016	
1530	0	32574	
1531	0	32306	
1532	0	31974	
1533	0	31986	
1534	0	32278	
1535	0	32775	
1536	0	33199	
1537	0	33100	
1538	0	32697	
1539	0	32444	
1540	0	32433	
1541	0	32602	
1542	0	32607	
1543	0	32404	
1544	0	32148	
1545	0	32135	
1546	0	32453	
1547	0	32400	
1548	0	32333	
1549	0	32135	
1550	0	31698	
1551	0	32135	
1552	0	33085	
1553	0	33680	
1554	0	34200	
1555	0	34320	
1556	0	34090	
1557	0	34025	
1558	0	33686	
1559	0	33401	
1560	0	33239	
1561	0	32865	
1562	0	31822	
1563	0	31673	
1564	0	31743	
1565	0	31994	
1566	0	32379	
1567	0	33016	
1568	0	33108	
1569	0	33031	
1570	0	33029	
1571	0	33058	
1572	0	32935	
1573	0	32749	
1574	0	32623	
1575	0	32541	
1576	0	32109	
1577	0	32224	
1578	0	32368	
1579	0	32236	
1580	0	32376	
1581	0	32984	
1582	0	33236	
1583	0	33251	
1584	0	33298	
1585	0	33175	
1586	0	33085	
1587	0	32739	
1588	0	32797	
1589	0	32696	
1590	0	32275	
1591	0	32711	
1592	0	33211	
1593	0	33586	
1594	0	33496	
1595	0	33192	
1596	0	32981	
1597	0	32920	
1598	0	32365	
1599	0	32261	
1600	0	32169	
1601	0	32092	
1602	0	32047	
1603	0	31549	
1604	0	31884	
1605	0	32365	
1606	0	32315	
1607	0	32706	
1608	0	33607	
1609	0	33806	
1610	0	33658	
1611	0	33824	
1612	0	33575	
1613	0	33182	
1614	0	32487	
1615	0	32283	
1616	0	31853	
1617	0	30835	
1618	0	30407	
1619	0	30594	
1620	0	32177	
1621	0	33410	
1622	0	34540	
1623	0	35435	
1624	0	35317	
1625	0	34788	
1626	0	33784	
1627	0	32854	
1628	0	32647	
1629	0	32820	
1630	0	32827	
1631	0	32803	
1632	0	32732	
1633	0	32890	
1634	0	32212	
1635	0	31343	
1636	0	31140	
1637	0	31938	
1638	0	32909	
1639	0	32959	
1640	0	33576	
1641	0	33574	
1642	0	33250	
1643	0	33143	
1644	0	33128	
1645	0	33264	
1646	0	33281	
1647	0	32737	
1648	0	32455	
1649	0	32354	
1650	0	30915	
1651	0	27648	
1652	0	27211	
1653	0	29589	
1654	0	32032	
1655	0	33752	
1656	0	35524	
1657	0	36144	
1658	0	35986	
1659	0	33709	
1660	0	32495	
1661	0	33211	
1662	0	34711	
1663	0	35644	
1664	0	35587	
1665	0	35200	
1666	0	34816	
1667	0	33721	
1668	0	32208	
1669	0	31282	
1670	0	31164	
1671	0	30663	
1672	0	30723	
1673	0	30946	
1674	0	31257	
1675	0	31797	
1676	0	32294	
1677	0	32287	
1678	0	33174	
1679	0	31876	
1680	0	29625	
1681	0	30150	
1682	0	30407	
1683	0	31669	
1684	0	33391	
1685	0	35396	
1686	0	37306	
1687	0	37970	
1688	0	37300	
1689	0	36520	
1690	0	34413	
1691	0	32820	
1692	0	31317	
1693	0	30396	
1694	0	29831	
1695	0	29528	
1696	0	30335	
1697	0	32465	
1698	0	33921	
1699	0	34472	
1700	0	34322	
1701	0	33200	
1702	0	32631	
1703	0	32180	
1704	0	28884	
1705	0	28018	
1706	0	30324	
1707	0	33658	
1708	0	36621	
1709	0	37180	
1710	0	33866	
1711	0	31871	
1712	0	31890	
1713	0	31917	
1714	0	32208	
1715	0	33048	
1716	0	31815	
1717	0	32088	
1718	0	34643	
1719	0	36408	
1720	0	36698	
1721	0	35909	
1722	0	32182	
1723	0	27927	
1724	0	21797	
1725	0	23045	
1726	0	25616	
1727	0	31038	
1728	0	36252	
1729	0	40642	
1730	0	42271	
1731	0	41086	
1732	0	39031	
1733	0	36518	
1734	0	32795	
1735	0	28748	
1736	0	27758	
1737	0	28701	
1738	0	30282	
1739	0	30128	
1740	0	29712	
1741	0	29656	
1742	0	34121	
1743	0	38263	
1744	0	40692	
1745	0	40839	
1746	0	38950	
1747	0	34397	
1748	0	30018	
1749	0	29443	
1750	0	29506	
1751	0	28062	
1752	0	25570	
1753	0	23655	
1754	0	27992	
1755	0	34144	
1756	0	39735	
1757	0	40833	
1758	0	38346	
1759	0	34476	
1760	0	34022	
1761	0	32872	
1762	0	31666	
1763	0	27879	
1764	0	28581	
1765	0	31321	
1766	0	34749	
1767	0	36359	
1768	0	35426	
1769	0	32439	
1770	0	29204	
1771	0	27887	
1772	0	29413	
1773	0	29721	
1774	0	31190	
1775	0	31252	
1776	0	34648	
1777	0	36734	
1778	0	34362	
1779	0	34268	
1780	0	34952	
1781	0	28948	
1782	0	28322	
1783	0	32296	
1784	0	36004	
1785	0	37545	
1786	0	38407	
1787	0	38222	
1788	0	38087	
1789	0	38995	
1790	0	37696	
1791	0	29894	
1792	0	23959	
1793	0	24258	
1794	0	23151	
1795	0	17799	
1796	0	19604	
1797	0	22272	
1798	0	28955	
1799	0	36487	
1800	0	41584	
1801	0	45319	
1802	0	45022	
1803	0	45690	
1804	0	45137	
1805	0	43527	
1806	0	40788	
1807	0	37208	
1808	0	34850	
1809	0	33430	
1810	0	27476	
1811	0	25045	
1812	0	26134	
1813	0	28167	
1814	0	29552	
1815	0	30183	
1816	0	29021	
1817	0	28972	
1818	0	28219	
1819	0	27400	
1820	0	29198	
1821	0	28672	
1822	0	31366	
1823	0	34678	
1824	0	34822	
1825	0	34631	
1826	0	34528	
1827	0	35113	
1828	0	29632	
1829	0	28941	
1830	0	31199	
1831	0	24532	
1832	0	19284	
1833	0	26535	
1834	0	36880	
1835	0	46255	
1836	0	49357	
1837	0	43732	
1838	0	33695	
1839	0	25618	
1840	0	29796	
1841	0	36270	
1842	0	40189	
1843	0	43527	
1844	0	43514	
1845	0	41932	
1846	0	40857	
1847	0	38249	
1848	0	34870	
1849	0	26981	
1850	0	21959	
1851	0	20596	
1852	0	24250	
1853	0	22986	
1854	0	22923	
1855	0	24762	
1856	0	27430	
1857	0	28931	
1858	0	29608	
1859	0	32519	
1860	0	32564	
1861	0	30288	
1862	0	31124	
1863	0	33245	
1864	0	33664	
1865	0	32569	
1866	0	33086	
1867	0	38316	
1868	0	43996	
1869	0	44966	
1870	0	42098	
1871	0	41582	
1872	0	38573	
1873	0	36005	
1874	0	32549	
1875	0	28754	
1876	0	29048	
1877	0	24208	
1878	0	25292	
1879	0	28109	
1880	0	35701	
1881	0	41580	
1882	0	39192	
1883	0	33201	
1884	0	29458	
1885	0	29701	
1886	0	29831	
1887	0	26050	
1888	0	25458	
1889	0	29469	
1890	0	36132	
1891	0	38713	
1892	0	39431	
1893	0	38572	
1894	0	34804	
1895	0	31103	
1896	0	27998	
1897	0	23522	
1898	0	20789	
1899	0	24294	
1900	0	32167	
1901	0	40220	
1902	0	38758	
1903	0	36733	
1904	0	35228	
1905	0	34756	
1906	0	32708	
1907	0	32336	
1908	0	31652	
1909	0	30722	
1910	0	31413	
1911	0	34092	
1912	0	33280	
1913	0	27598	
1914	0	24852	
1915	0	28950	
1916	0	32968	
1917	0	39226	
1918	0	42823	
1919	0	43325	
1920	0	39664	
1921	0	31644	
1922	0	25852	
1923	0	26214	
1924	0	29524	
1925	0	33956	
1926	0	35319	
1927	0	33612	
1928	0	36432	
1929	0	31652	
1930	0	29008	
1931	0	31468	
1932	0	33944	
1933	0	31736	
1934	0	32304	
1935	0	33562	
1936	0	33686	
1937	0	32873	
1938	0	32417	
1939	0	33326	
1940	0	37404	
1941	0	41966	
1942	0	41840	
1943	0	39303	
1944	0	37428	
1945	0	34046	
1946	0	32373	
1947	0	32998	
1948	0	30938	
1949	0	26497	
1950	0	18594	
1951	0	12636	
1952	0	9655	
1953	0	15544	
1954	0	20974	
1955	0	30576	
1956	0	42049	
1957	0	51108	
1958	0	52476	
1959	0	48657	
1960	0	40962	
1961	0	32979	
1962	0	27718	
1963	0	24824	
1964	0	24562	
1965	0	28658	
1966	0	36696	
1967	0	43216	
1968	0	44187	
1969	0	42948	
1970	0	42004	
1971	0	38535	
1972	0	36231	
1973	0	32519	
1974	0	27964	
1975	0	27639	
1976	0	26808	
1977	0	23525	
1978	0	20787	
1979	0	20263	
1980	0	18878	
1981	0	14086	
1982	0	10700	
1983	0	16522	
1984	0	34640	
1985	0	46040	
1986	0	48120	
1987	0	50384	
1988	0	53602	
1989	0	53760	
1990	0	52172	
1991	0	47396	
1992	0	40071	
1993	0	33480	
1994	0	31376	
1995	0	30308	
1996	0	29977	
1997	0	29748	
1998	0	28098	
1999	0	27617	
2000	0	27461	
2001	0	25814	
2002	0	26008	
2003	0	25691	
2004	0	23104	
2005	0	20271	
2006	0	20313	
2007	0	19791	
2008	0	12308	
2009	0	19029	
2010	0	34084	
2011	0	45188	
2012	0	48068	
2013	0	45760	
2014	0	46804	
2015	0	48624	
2016	0	49374	
2017	0	47544	
2018	0	43537	
2019	0	40302	
2020	0	38690	
2021	0	37808	
2022	0	35430	
2023	0	30100	
2024	0	25126	
2025	0	23218	
2026	0	23447	
2027	0	23318	
2028	0	24099	
2029	0	24844	
2030	0	26169	
2031	0	26002	
2032	0	17768	
2033	0	15987	
2034	0	23198	
2035	0	30028	
2036	0	35666	
2037	0	41161	
2038	0	44327	
2039	0	41076	
2040	0	39682	
2041	0	40177	
2042	0	40752	
2043	0	38312	
2044	0	37070	
2045	0	37299	
2046	0	33984	
2047	0	25129	
2048	0	23934	
2049	0	27362	
2050	0	30248	
2051	0	33324	
2052	0	33546	
2053	0	29662	
2054	0	31762	
2055	0	37808	
2056	0	41476	
2057	0	43520	
2058	0	43208	
2059	0	36998	
2060	0	32550	
2061	0	31420	
2062	0	29572	
2063	0	25991	
2064	0	25433	
2065	0	29376	
2066	0	33112	
2067	0	33808	
2068	0	35257	
2069	0	34132	
2070	0	28847	
2071	0	26072	
2072	0	25998	
2073	0	28072	
2074	0	32903	
2075	0	31116	
2076	0	30280	
2077	0	32810	
2078	0	34840	
2079	0	35007	
2080	0	33249	
2081	0	23840	
2082	0	22816	
2083	0	28117	
2084	0	33803	
2085	0	40576	
2086	0	41808	
2087	0	41596	
2088	0	42884	
2089	0	43454	
2090	0	40683	
2091	0	37844	
2092	0	33646	
2093	0	27003	
2094	0	25648	
2095	0	29406	
2096	0	32665	
2097	0	33131	
2098	0	32129	
2099	0	33165	
2100	0	34900	
2101	0	34446	
2102	0	33220	
2103	0	31507	
2104	0	28122	
2105	0	24409	
2106	0	24888	
2107	0	26160	
2108	0	26343	
2109	0	30820	
2110	0	34711	
2111	0	37297	
2112	0	38334	
2113	0	38708	
2114	0	38818	
2115	0	37862	
2116	0	35360	
2117	0	31036	
2118	0	29719	
2119	0	30702	
2120	0	28054	
2121	0	27360	
2122	0	26427	
2123	0	28680	
2124	0	32881	
2125	0	36788	
2126	0	38469	
2127	0	38124	
2128	0	35220	
2129	0	33602	
2130	0	34396	
2131	0	33959	
2132	0	32581	
2133	0	32236	
2134	0	32728	
2135	0	33012	
2136	0	30900	
2137	0	32517	
2138	0	35097	
2139	0	36250	
2140	0	37378	
2141	0	33748	
2142	0	28875	
2143	0	20225	
2144	0	17294	
2145	0	27095	
2146	0	35049	
2147	0	40360	
2148	0	42512	
2149	0	41592	
2150	0	39026	
2151	0	37275	
2152	0	32837	
2153	0	30936	
2154	0	28745	
2155	0	26740	
2156	0	26502	
2157	0	27046	
2158	0	28846	
2159	0	32775	
2160	0	36646	
2161	0	38396	
2162	0	38134	
2163	0	38364	
2164	0	37778	
2165	0	37630	
2166	0	35216	
2167	0	31132	
2168	0	29032	
2169	0	29558	
2170	0	28102	
2171	0	23446	
2172	0	27877	
2173	0	33911	
2174	0	33464	
2175	0	32188	
2176	0	33732	
2177	0	28678	
2178	0	29087	
2179	0	31967	
2180	0	34770	
2181	0	38276	
2182	0	38350	
2183	0	35772	
2184	0	34372	
2185	0	33446	
2186	0	32308	
2187	0	29123	
2188	0	26684	
2189	0	28200	
2190	0	33309	
2191	0	37904	
2192	0	39568	
2193	0	32301	
2194	0	26618	
2195	0	20874	
2196	0	25358	
2197	0	30291	
2198	0	34936	
2199	0	40724	
2200	0	46498	
2201	0	46702	
2202	0	46580	
2203	0	42290	
2204	0	35480	
2205	0	31661	
2206	0	28970	
2207	0	25609	
2208	0	22843	
2209	0	25129	
2210	0	28551	
2211	0	29147	
2212	0	29574	
2213	0	29630	
2214	0	27251	
2215	0	30023	
2216	0	34576	
2217	0	38362	
2218	0	37411	
2219	0	38978	
2220	0	37804	
2221	0	35994	
2222	0	32054	
2223	0	25764	
2224	0	24062	
2225	0	22720	
2226	0	25516	
2227	0	29467	
2228	0	32206	
2229	0	31746	
2230	0	30919	
2231	0	33078	
2232	0	34044	
2233	0	36700	
2234	0	39278	
2235	0	41988	
2236	0	43719	
2237	0	44708	
2238	0	37624	
2239	0	30984	
2240	0	32074	
2241	0	33632	
2242	0	34063	
2243	0	35858	
2244	0	36410	
2245	0	32996	
2246	0	28292	
2247	0	20692	
2248	0	17880	
2249	0	22966	
2250	0	28992	
2251	0	34124	
2252	0	38400	
2253	0	37833	
2254	0	37124	
2255	0	34415	
2256	0	35636	
2257	0	36833	
2258	0	38262	
2259	0	36436	
2260	0	34292	
2261	0	32933	
2262	0	28532	
2263	0	23516	
2264	0	24966	
2265	0	28447	
2266	0	32928	
2267	0	34503	
2268	0	33502	
2269	0	34297	
2270	0	31893	
2271	0	26383	
2272	0	25006	
2273	0	26652	
2274	0	29308	
2275	0	34964	
2276	0	40596	
2277	0	40173	
2278	0	41668	
2279	0	43180	
2280	0	40622	
2281	0	35002	
2282	0	30668	
2283	0	28044	
2284	0	25318	
2285	0	24973	
2286	0	29325	
2287	0	34684	
2288	0	33056	
2289	0	31187	
2290	0	32515	
2291	0	37558	
2292	0	38170	
2293	0	37081	
2294	0	37413	
2295	0	37828	
2296	0	37340	
2297	0	36315	
2298	0	34092	
2299	0	27676	
2300	0	26128	
2301	0	26134	
2302	0	26856	
2303	0	28199	
2304	0	28634	
2305	0	22438	
2306	0	19143	
2307	0	21164	
2308	0	19660	
2309	0	21386	
2310	0	31502	
2311	0	41464	
2312	0	48709	
2313	0	55346	
2314	0	54916	
2315	0	50288	
2316	0	43749	
2317	0	38144	
2318	0	32391	
2319	0	29356	
2320	0	28484	
2321	0	29373	
2322	0	30197	
2323	0	27838	
2324	0	23164	
2325	0	24093	
2326	0	27364	
2327	0	31729	
2328	0	36668	
2329	0	36473	
2330	0	38224	
2331	0	35576	
2332	0	28166	
2333	0	26390	
2334	0	28610	
2335	0	27566	
2336	0	27342	
2337	0	28185	
2338	0	29719	
2339	0	31389	
2340	0	36900	
2341	0	41188	
2342	0	45464	
2343	0	46736	
2344	0	43963	
2345	0	39322	
2346	0	36218	
2347	0	33984	
2348	0	31465	
2349	0	28679	
2350	0	23690	
2351	0	19864	
2352	0	19631	
2353	0	22130	
2354	0	26052	
2355	0	29250	
2356	0	28394	
2357	0	31051	
2358	0	31502	
2359	0	35228	
2360	0	40036	
2361	0	43606	
2362	0	43324	
2363	0	41588	
2364	0	39341	
2365	0	36864	
2366	0	35912	
2367	0	37935	
2368	0	36238	
2369	0	32361	
2370	0	29155	
2371	0	28024	
2372	0	29190	
2373	0	30438	
2374	0	27797	
2375	0	21138	
2376	0	16258	
2377	0	20386	
2378	0	23970	
2379	0	26761	
2380	0	31776	
2381	0	41602	
2382	0	47632	
2383	0	47796	
2384	0	44796	
2385	0	42428	
2386	0	40809	
2387	0	38564	
2388	0	34780	
2389	0	29754	
2390	0	25853	
2391	0	25549	
2392	0	26814	
2393	0	29376	
2394	0	31469	
2395	0	25809	
2396	0	21789	
2397	0	23008	
2398	0	29892	
2399	0	35805	
2400	0	39692	
2401	0	42836	
2402	0	43094	
2403	0	41101	
2404	0	38348	
2405	0	35314	
2406	0	29975	
2407	0	27284	
2408	0	25645	
2409	0	21119	
2410	0	21901	
2411	0	30552	
2412	0	39544	
2413	0	44188	
2414	0	44944	
2415	0	41831	
2416	0	37664	
2417	0	35968	
2418	0	32676	
2419	0	23778	
2420	0	23613	
2421	0	27536	
2422	0	30825	
2423	0	31939	
2424	0	26387	
2425	0	24001	
2426	0	28009	
2427	0	33012	
2428	0	34381	
2429	0	31730	
2430	0	34505	
2431	0	37485	
2432	0	36340	
2433	0	35013	
2434	0	32112	
2435	0	29497	
2436	0	26140	
2437	0	30503	
2438	0	39792	
2439	0	44862	
2440	0	45680	
2441	0	44813	
2442	0	41624	
2443	0	38356	
2444	0	33488	
2445	0	27462	
2446	0	25368	
2447	0	23290	
2448	0	21624	
2449	0	17556	
2450	0	18337	
2451	0	21943	
2452	0	21676	
2453	0	30230	
2454	0	40828	
2455	0	45185	
2456	0	47700	
2457	0	45032	
2458	0	42417	
2459	0	41124	
2460	0	38340	
2461	0	34896	
2462	0	32222	
2463	0	32662	
2464	0	33863	
2465	0	35200	
2466	0	35728	
2467	0	35598	
2468	0	34148	
2469	0	29038	
2470	0	21420	
2471	0	21247	
2472	0	25044	
2473	0	26374	
2474	0	25879	
2475	0	26717	
2476	0	29524	
2477	0	31463	
2478	0	31490	
2479	0	30456	
2480	0	32797	
2481	0	34341	
2482	0	35503	
2483	0	35032	
2484	0	34792	
2485	0	35566	
2486	0	35526	
2487	0	38988	
2488	0	41395	
2489	0	39820	
2490	0	32252	
2491	0	30514	
2492	0	34040	
2493	0	36449	
2494	0	32540	
2495	0	27413	
2496	0	21128	
2497	0	23505	
2498	0	30272	
2499	0	34280	
2500	0	38252	
2501	0	40169	
2502	0	38343	
2503	0	35807	
2504	0	34329	
2505	0	35066	
2506	0	36804	
2507	0	34648	
2508	0	35366	
2509	0	32566	
2510	0	29914	
2511	0	26812	
2512	0	27704	
2513	0	31540	
2514	0	34112	
2515	0	35076	
2516	0	33625	
2517	0	33266	
2518	0	33912	
2519	0	33508	
2520	0	31786	
2521	0	29492	
2522	0	28016	
2523	0	27158	
2524	0	29084	
2525	0	25322	
2526	0	21488	
2527	0	24260	
2528	0	27488	
2529	0	33341	
2530	0	39549	
2531	0	43010	
2532	0	42208	
2533	0	38346	
2534	0	37282	
2535	0	38034	
2536	0	37048	
2537	0	36582	
2538	0	36679	
2539	0	40945	
2540	0	40359	
2541	0	37881	
2542	0	36373	
2543	0	32426	
2544	0	28980	
2545	0	27680	
2546	0	26368	
2547	0	23516	
2548	0	23248	
2549	0	26116	
2550	0	29734	
2551	0	32269	
2552	0	34034	
2553	0	31188	
2554	0	27181	
2555	0	28972	
2556	0	31836	
2557	0	31776	
2558	0	32694	
2559	0	33116	
2560	0	34269	
2561	0	34909	
2562	0	35045	
2563	0	35155	
2564	0	36816	
2565	0	37850	
2566	0	37748	
2567	0	33022	
2568	0	23900	
2569	0	16621	
2570	0	18981	
2571	0	25973	
2572	0	29567	
2573	0	37159	
2574	0	47448	
2575	0	50542	
2576	0	49708	
2577	0	43256	
2578	0	37940	
2579	0	33904	
2580	0	33832	
2581	0	35278	
2582	0	36300	
2583	0	37116	
2584	0	35128	
2585	0	30328	
2586	0	27081	
2587	0	22989	
2588	0	22685	
2589	0	24220	
2590	0	27344	
2591	0	30147	
2592	0	33536	
2593	0	36424	
2594	0	33172	
2595	0	29145	
2596	0	28029	
2597	0	26908	
2598	0	25264	
2599	0	25140	
2600	0	26949	
2601	0	32870	
2602	0	36772	
2603	0	38276	
2604	0	40466	
2605	0	39222	
2606	0	38529	
2607	0	40011	
2608	0	41449	
2609	0	39712	
2610	0	36508	
2611	0	32588	
2612	0	24702	
2613	0	26112	
2614	0	30416	
2615	0	33160	
2616	0	31518	
2617	0	31517	
2618	0	34384	
2619	0	35512	
2620	0	35331	
2621	0	35227	
2622	0	35017	
2623	0	32971	
2624	0	30932	
2625	0	31101	
2626	0	27410	
2627	0	23551	
2628	0	27010	
2629	0	31808	
2630	0	35502	
2631	0	33412	
2632	0	30181	
2633	0	30786	
2634	0	29422	
2635	0	25032	
2636	0	24937	
2637	0	28480	
2638	0	31997	
2639	0	32368	
2640	0	34409	
2641	0	37820	
2642	0	42100	
2643	0	46308	
2644	0	45465	
2645	0	43609	
2646	0	40292	
2647	0	37376	
2648	0	32582	
2649	0	29732	
2650	0	29545	
2651	0	30505	
2652	0	30692	
2653	0	30380	
2654	0	30710	
2655	0	31533	
2656	0	32113	
2657	0	33156	
2658	0	34180	
2659	0	28228	
2660	0	23982	
2661	0	24859	
2662	0	26081	
2663	0	32216	
2664	0	39061	
2665	0	41149	
2666	0	40413	
2667	0	39225	
2668	0	33868	
2669	0	28254	
2670	0	27389	
2671	0	27994	
2672	0	24706	
2673	0	22714	
2674	0	28917	
2675	0	34898	
2676	0	37650	
2677	0	39417	
2678	0	40408	
2679	0	39678	
2680	0	37781	
2681	0	35158	
2682	0	32243	
2683	0	27745	
2684	0	21768	
2685	0	20784	
2686	0	26642	
2687	0	31726	
2688	0	38896	
2689	0	39928	
2690	0	39083	
2691	0	38829	
2692	0	37031	
2693	0	33488	
2694	0	26735	
2695	0	26352	
2696	0	28236	
2697	0	28873	
2698	0	31949	
2699	0	35296	
2700	0	38878	
2701	0	40052	
2702	0	38635	
2703	0	35997	
2704	0	30648	
2705	0	26215	
2706	0	22501	
2707	0	21983	
2708	0	24605	
2709	0	19974	
2710	0	24216	
2711	0	33746	
2712	0	41248	
2713	0	49696	
2714	0	54512	
2715	0	51560	
2716	0	43800	
2717	0	37402	
2718	0	33442	
2719	0	32237	
2720	0	33001	
2721	0	31872	
2722	0	31366	
2723	0	30212	
2724	0	28294	
2725	0	27604	
2726	0	23680	
2727	0	19922	
2728	0	25770	
2729	0	32560	
2730	0	37560	
2731	0	38420	
2732	0	35784	
2733	0	33868	
2734	0	33126	
2735	0	31016	
2736	0	29680	
2737	0	29973	
2738	0	29672	
2739	0	25844	
2740	0	22096	
2741	0	18834	
2742	0	22828	
2743	0	27984	
2744	0	32042	
2745	0	36328	
2746	0	40089	
2747	0	45368	
2748	0	47724	
2749	0	46644	
2750	0	43764	
2751	0	40368	
2752	0	38991	
2753	0	36260	
2754	0	33085	
2755	0	30512	
2756	0	28039	
2757	0	25254	
2758	0	26156	
2759	0	29127	
2760	0	26916	
2761	0	16868	
2762	0	15394	
2763	0	24345	
2764	0	34883	
2765	0	39961	
2766	0	41584	
2767	0	45044	
2768	0	48773	
2769	0	47124	
2770	0	41562	
2771	0	36431	
2772	0	34692	
2773	0	33826	
2774	0	31189	
2775	0	28866	
2776	0	26735	
2777	0	22560	
2778	0	17586	
2779	0	18566	
2780	0	23113	
2781	0	26467	
2782	0	30464	
2783	0	34453	
2784	0	40818	
2785	0	44288	
2786	0	41910	
2787	0	34832	
2788	0	31352	
2789	0	31608	
2790	0	33502	
2791	0	35288	
2792	0	37826	
2793	0	38692	
2794	0	38621	
2795	0	37542	
2796	0	36419	
2797	0	35463	
2798	0	35815	
2799	0	33509	
2800	0	29602	
2801	0	25855	
2802	0	24168	
2803	0	24233	
2804	0	21418	
2805	0	22298	
2806	0	24502	
2807	0	25110	
2808	0	28860	
2809	0	33622	
2810	0	37328	
2811	0	42416	
2812	0	44812	
2813	0	45196	
2814	0	42183	
2815	0	37196	
2816	0	32604	
2817	0	30020	
2818	0	29140	
2819	0	31239	
2820	0	34094	
2821	0	35782	
2822	0	35572	
2823	0	33542	
2824	0	30278	
2825	0	29153	
2826	0	29948	
2827	0	25494	
2828	0	25010	
2829	0	26543	
2830	0	26732	
2831	0	25548	
2832	0	30981	
2833	0	37810	
2834	0	42610	
2835	0	43498	
2836	0	41250	
2837	0	29460	
2838	0	27354	
2839	0	31812	
2840	0	37812	
2841	0	41268	
2842	0	42820	
2843	0	42514	
2844	0	42160	
2845	0	38305	
2846	0	28480	
2847	0	20520	
2848	0	18030	
2849	0	14584	
2850	0	12488	
2851	0	21980	
2852	0	30390	
2853	0	35116	
2854	0	38864	
2855	0	39641	
2856	0	37784	
2857	0	36608	
2858	0	36135	
2859	0	39955	
2860	0	39502	
2861	0	39416	
2862	0	39463	
2863	0	37656	
2864	0	34785	
2865	0	30656	
2866	0	24572	
2867	0	25722	
2868	0	30696	
2869	0	35876	
2870	0	37294	
2871	0	36840	
2872	0	36444	
2873	0	35914	
2874	0	34350	
2875	0	33136	
2876	0	31905	
2877	0	30911	
2878	0	30752	
2879	0	30244	
2880	0	28743	
2881	0	27405	
2882	0	25320	
2883	0	21858	
2884	0	20639	
2885	0	24710	
2886	0	31277	
2887	0	37218	
2888	0	40784	
2889	0	40562	
2890	0	38989	
2891	0	38116	
2892	0	38008	
2893	0	35724	
2894	0	34448	
2895	0	33240	
2896	0	32456	
2897	0	33272	
2898	0	34384	
2899	0	32820	
2900	0	28240	
2901	0	28300	
2902	0	28024	
2903	0	28157	
2904	0	28228	
2905	0	24606	
2906	0	20925	
2907	0	24912	
2908	0	32546	
2909	0	31060	
2910	0	33125	
2911	0	40136	
2912	0	47693	
2913	0	49612	
2914	0	47820	
2915	0	45977	
2916	0	41330	
2917	0	37049	
2918	0	35412	
2919	0	33944	
2920	0	31200	
2921	0	24572	
2922	0	17000	
2923	0	14974	
2924	0	22554	
2925	0	32812	
2926	0	39812	
2927	0	43900	
2928	0	44706	
2929	0	41852	
2930	0	37633	
2931	0	32462	
2932	0	26194	
2933	0	23899	
2934	0	24558	
2935	0	25063	
2936	0	26852	
2937	0	27817	
2938	0	26007	
2939	0	26484	
2940	0	29768	
2941	0	34345	
2942	0	37077	
2943	0	37602	
2944	0	35556	
2945	0	35251	
2946	0	36400	
2947	0	35288	
2948	0	34892	
2949	0	35832	
2950	0	36944	
2951	0	37741	
2952	0	36397	
2953	0	29900	
2954	0	22678	
2955	0	17003	
2956	0	20028	
2957	0	27136	
2958	0	35217	
2959	0	40108	
2960	0	39183	
2961	0	40104	
2962	0	31509	
2963	0	30496	
2964	0	37626	
2965	0	41572	
2966	0	40488	
2967	0	36772	
2968	0	34700	
2969	0	37113	
2970	0	39228	
2971	0	39220	
2972	0	35504	
2973	0	32154	
2974	0	31490	
2975	0	28729	
2976	0	28295	
2977	0	27347	
2978	0	27230	
2979	0	27826	
2980	0	26233	
2981	0	19642	
2982	0	19970	
2983	0	24418	
2984	0	29904	
2985	0	35972	
2986	0	39928	
2987	0	43768	
2988	0	46279	
2989	0	46190	
2990	0	43820	
2991	0	37910	
2992	0	32714	
2993	0	30938	
2994	0	31660	
2995	0	31239	
2996	0	28660	
2997	0	27409	
2998	0	27068	
2999	0	27508	
3000	0	27014	
3001	0	26122	
3002	0	25894	
3003	0	27670	
3004	0	25082	
3005	0	26332	
3006	0	32863	
3007	0	38362	
3008	0	40008	
3009	0	41805	
3010	0	40534	
3011	0	37965	
3012	0	36761	
3013	0	35688	
3014	0	36180	
3015	0	34366	
3016	0	25172	
3017	0	21138	
3018	0	22177	
3019	0	26969	
3020	0	34108	
3021	0	36871	
3022	0	38700	
3023	0	42704	
3024	0	45976	
3025	0	40336	
3026	0	32918	
3027	0	28167	
3028	0	22812	
3029	0	22599	
3030	0	28620	
3031	0	34752	
3032	0	39342	
3033	0	40701	
3034	0	41648	
3035	0	41186	
3036	0	36758	
3037	0	34042	
3038	0	31514	
3039	0	30514	
3040	0	31049	
3041	0	27742	
3042	0	21383	
3043	0	18538	
3044	0	21088	
3045	0	23921	
3046	0	28457	
3047	0	34403	
3048	0	39296	
3049	0	39771	
3050	0	37688	
3051	0	32966	
3052	0	33488	
3053	0	33132	
3054	0	35124	
3055	0	40112	
3056	0	40168	
3057	0	37152	
3058	0	31486	
3059	0	31502	
3060	0	34951	
3061	0	37383	
3062	0	38856	
3063	0	40080	
3064	0	38579	
3065	0	35908	
3066	0	34216	
3067	0	31111	
3068	0	26626	
3069	0	24744	
3070	0	24297	
3071	0	24377	
3072	0	25432	
3073	0	24944	
3074	0	26012	
3075	0	27056	
3076	0	29950	
3077	0	33720	
3078	0	37188	
3079	0	40231	
3080	0	39840	
3081	0	38172	
3082	0	35753	
3083	0	32912	
3084	0	28196	
3085	0	28573	
3086	0	30806	
3087	0	32712	
3088	0	33643	
3089	0	32678	
3090	0	33010	
3091	0	32372	
3092	0	30802	
3093	0	28096	
3094	0	25478	
3095	0	19257	
3096	0	18361	
3097	0	26018	
3098	0	32400	
3099	0	35074	
3100	0	42245	
3101	0	45891	
3102	0	49322	
3103	0	51432	
3104	0	51377	
3105	0	49284	
3106	0	45202	
3107	0	39646	
3108	0	36176	
3109	0	32362	
3110	0	29310	
3111	0	26849	
3112	0	26375	
3113	0	25496	
3114	0	24169	
3115	0	24246	
3116	0	25708	
3117	0	26152	
3118	0	26811	
3119	0	27763	
3120	0	28230	
3121	0	26829	
3122	0	28893	
3123	0	28577	
3124	0	26224	
3125	0	28632	
3126	0	32873	
3127	0	35366	
3128	0	35144	
3129	0	36165	
3130	0	38791	
3131	0	41196	
3132	0	38461	
3133	0	32711	
3134	0	33666	
3135	0	37741	
3136	0	39980	
3137	0	40196	
3138	0	37520	
3139	0	34848	
3140	0	32284	
3141	0	29369	
3142	0	23325	
3143	0	16547	
3144	0	15069	
3145	0	21136	
3146	0	28432	
3147	0	33850	
3148	0	34286	
3149	0	37637	
3150	0	42774	
3151	0	44958	
3152	0	41010	
3153	0	36266	
3154	0	34477	
3155	0	30308	
3156	0	31248	
3157	0	30938	
3158	0	32989	
3159	0	37660	
3160	0	42438	
3161	0	43527	
3162	0	42856	
3163	0	40225	
3164	0	33504	
3165	0	27980	
3166	0	25209	
3167	0	23847	
3168	0	23428	
3169	0	25614	
3170	0	29300	
3171	0	34214	
3172	0	33624	
3173	0	30146	
3174	0	30326	
3175	0	30791	
3176	0	30716	
3177	0	31698	
3178	0	31942	
3179	0	32208	
3180	0	32956	
3181	0	34686	
3182	0	32499	
3183	0	30334	
3184	0	33467	
3185	0	37094	
3186	0	38738	
3187	0	37336	
3188	0	29880	
3189	0	29758	
3190	0	32428	
3191	0	31372	
3192	0	28972	
3193	0	31597	
3194	0	29376	
3195	0	26424	
3196	0	26943	
3197	0	31628	
3198	0	34944	
3199	0	38060	
3200	0	39722	
3201	0	35024	
3202	0	31848	
3203	0	32775	
3204	0	34378	
3205	0	37904	
3206	0	42119	
3207	0	44576	
3208	0	44308	
3209	0	41400	
3210	0	37050	
3211	0	33119	
3212	0	30273	
3213	0	26528	
3214	0	22392	
3215	0	23169	
3216	0	25902	
3217	0	25946	
3218	0	22545	
3219	0	21712	
3220	0	24876	
3221	0	27014	
3222	0	29198	
3223	0	28196	
3224	0	22540	
3225	0	21592	
3226	0	28133	
3227	0	33698	
3228	0	38452	
3229	0	47904	
3230	0	55212	
3231	0	58524	
3232	0	57108	
3233	0	50480	
3234	0	42388	
3235	0	35964	
3236	0	34644	
3237	0	32616	
3238	0	29620	
3239	0	25572	
3240	0	23168	
3241	0	21932	
3242	0	17718	
3243	0	16231	
3244	0	21969	
3245	0	28301	
3246	0	31212	
3247	0	32583	
3248	0	35800	
3249	0	38860	
3250	0	37312	
3251	0	35162	
3252	0	33714	
3253	0	31574	
3254	0	30812	
3255	0	29609	
3256	0	29411	
3257	0	26080	
3258	0	27047	
3259	0	34302	
3260	0	41512	
3261	0	46505	
3262	0	46744	
3263	0	40000	
3264	0	34398	
3265	0	33705	
3266	0	32662	
3267	0	27228	
3268	0	15196	
3269	0	11220	
3270	0	17769	
3271	0	27929	
3272	0	36086	
3273	0	40756	
3274	0	42250	
3275	0	40400	
3276	0	35648	
3277	0	27232	
3278	0	27768	
3279	0	32262	
3280	0	38000	
3281	0	42292	
3282	0	42984	
3283	0	41532	
3284	0	41968	
3285	0	40799	
3286	0	39632	
3287	0	36580	
3288	0	33054	
3289	0	30574	
3290	0	26247	
3291	0	25547	
3292	0	23588	
3293	0	21744	
3294	0	25810	
3295	0	28958	
3296	0	29626	
3297	0	29302	
3298	0	30375	
3299	0	32195	
3300	0	28830	
3301	0	26716	
3302	0	25370	
3303	0	27133	
3304	0	33201	
3305	0	37532	
3306	0	39646	
3307	0	39658	
3308	0	40225	
3309	0	43216	
3310	0	43142	
3311	0	40860	
3312	0	38749	
3313	0	36824	
3314	0	36242	
3315	0	37881	
3316	0	34763	
3317	0	26052	
3318	0	21360	
3319	0	23828	
3320	0	27696	
3321	0	29767	
3322	0	31964	
3323	0	33756	
3324	0	34892	
3325	0	33314	
3326	0	30848	
3327	0	29046	
3328	0	29458	
3329	0	30540	
3330	0	32199	
3331	0	33944	
3332	0	30872	
3333	0	30194	
3334	0	31418	
3335	0	33421	
3336	0	35718	
3337	0	36438	
3338	0	36734	
3339	0	37195	
3340	0	35688	
3341	0	33650	
3342	0	33364	
3343	0	32272	
3344	0	30421	
3345	0	28881	
3346	0	29261	
3347	0	28868	
3348	0	24720	
3349	0	22713	
3350	0	25154	
3351	0	28101	
3352	0	28140	
3353	0	30572	
3354	0	25928	
3355	0	23681	
3356	0	30160	
3357	0	44664	
3358	0	55492	
3359	0	59623	
3360	0	58332	
3361	0	51294	
3362	0	42268	
3363	0	33825	
3364	0	27006	
3365	0	20310	
3366	0	18194	
3367	0	22994	
3368	0	28640	
3369	0	32128	
3370	0	34080	
3371	0	32160	
3372	0	28456	
3373	0	29122	
3374	0	32966	
3375	0	35520	
3376	0	35830	
3377	0	33253	
3378	0	29588	
3379	0	25080	
3380	0	22532	
3381	0	23697	
3382	0	26798	
3383	0	29364	
3384	0	25504	
3385	0	25694	
3386	0	34067	
3387	0	42528	
3388	0	49689	
3389	0	53824	
3390	0	51150	
3391	0	45927	
3392	0	42104	
3393	0	38984	
3394	0	37023	
3395	0	33220	
3396	0	28452	
3397	0	26284	
3398	0	22946	
3399	0	19345	
3400	0	19044	
3401	0	15485	
3402	0	19613	
3403	0	24532	
3404	0	30176	
3405	0	35838	
3406	0	40166	
3407	0	40086	
3408	0	40868	
3409	0	41308	
3410	0	40429	
3411	0	36777	
3412	0	33897	
3413	0	34736	
3414	0	33006	
3415	0	31571	
3416	0	30477	
3417	0	28900	
3418	0	25415	
3419	0	22278	
3420	0	23172	
3421	0	27550	
3422	0	32032	
3423	0	34480	
3424	0	35512	
3425	0	39222	
3426	0	39257	
3427	0	35548	
3428	0	31792	
3429	0	29276	
3430	0	28113	
3431	0	30926	
3432	0	35012	
3433	0	38852	
3434	0	41784	
3435	0	42560	
3436	0	42333	
3437	0	38150	
3438	0	32039	
3439	0	27418	
3440	0	26672	
3441	0	31002	
3442	0	34246	
3443	0	32706	
3444	0	22752	
3445	0	18817	
3446	0	24921	
3447	0	32100	
3448	0	37924	
3449	0	41255	
3450	0	38215	
3451	0	33178	
3452	0	31698	
3453	0	27980	
3454	0	24805	
3455	0	28768	
3456	0	36556	
3457	0	43972	
3458	0	44764	
3459	0	44352	
3460	0	38254	
3461	0	29761	
3462	0	29565	
3463	0	34052	
3464	0	35544	
3465	0	30776	
3466	0	28276	
3467	0	29122	
3468	0	30124	
3469	0	29261	
3470	0	29030	
3471	0	30080	
3472	0	31879	
3473	0	33526	
3474	0	29768	
3475	0	25085	
3476	0	25024	
3477	0	30264	
3478	0	31332	
3479	0	31276	
3480	0	31224	
3481	0	35497	
3482	0	37956	
3483	0	37805	
3484	0	33478	
3485	0	33432	
3486	0	35335	
3487	0	38320	
3488	0	40472	
3489	0	40160	
3490	0	37760	
3491	0	35962	
3492	0	33668	
3493	0	31321	
3494	0	29521	
3495	0	26690	
3496	0	23711	
3497	0	25256	
3498	0	31564	
3499	0	35776	
3500	0	34925	
3501	0	32541	
3502	0	29461	
3503	0	26586	
3504	0	27632	
3505	0	32628	
3506	0	35911	
3507	0	36871	
3508	0	37336	
3509	0	37310	
3510	0	35724	
3511	0	34029	
3512	0	31877	
3513	0	30812	
3514	0	26516	
3515	0	18004	
3516	0	13810	
3517	0	18942	
3518	0	29884	
3519	0	42544	
3520	0	51904	
3521	0	52820	
3522	0	49670	
3523	0	50232	
3524	0	46301	
3525	0	38967	
3526	0	33718	
3527	0	30237	
3528	0	23863	
3529	0	21418	
3530	0	22386	
3531	0	24029	
3532	0	25676	
3533	0	30087	
3534	0	33750	
3535	0	35250	
3536	0	35139	
3537	0	35372	
3538	0	35412	
3539	0	34692	
3540	0	33366	
3541	0	31076	
3542	0	29220	
3543	0	30677	
3544	0	34596	
3545	0	36249	
3546	0	35108	
3547	0	33413	
3548	0	32368	
3549	0	32829	
3550	0	29924	
3551	0	24933	
3552	0	17060	
3553	0	16978	
3554	0	21669	
3555	0	28232	
3556	0	33689	
3557	0	35306	
3558	0	38221	
3559	0	37632	
3560	0	34446	
3561	0	36965	
3562	0	38093	
3563	0	37744	
3564	0	42226	
3565	0	43927	
3566	0	39915	
3567	0	38505	
3568	0	36716	
3569	0	33530	
3570	0	32263	
3571	0	32488	
3572	0	33159	
3573	0	30788	
3574	0	29127	
3575	0	31448	
3576	0	30244	
3577	0	21585	
3578	0	14155	
3579	0	19222	
3580	0	30368	
3581	0	36992	
3582	0	40592	
3583	0	43142	
3584	0	39333	
3585	0	34274	
3586	0	32652	
3587	0	33790	
3588	0	34190	
3589	0	35116	
3590	0	35535	
3591	0	36584	
3592	0	38440	
3593	0	36674	
3594	0	35238	
3595	0	34928	
3596	0	35596	
3597	0	33358	
3598	0	30838	
3599	0	31861	
3600	0	33848	
3601	0	33533	
3602	0	32508	
3603	0	31541	
3604	0	21470	
3605	0	17746	
3606	0	20932	
3607	0	24978	
3608	0	29992	
3609	0	34524	
3610	0	36349	
3611	0	37473	
3612	0	35040	
3613	0	34796	
3614	0	32098	
3615	0	34064	
3616	0	36436	
3617	0	36871	
3618	0	36860	
3619	0	34176	
3620	0	31942	
3621	0	31453	
3622	0	30692	
3623	0	29740	
3624	0	28340	
3625	0	25854	
3626	0	27924	
3627	0	30549	
3628	0	32804	
3629	0	33279	
3630	0	28918	
3631	0	30856	
3632	0	36733	
3633	0	38746	
3634	0	37104	
3635	0	37639	
3636	0	38192	
3637	0	38848	
3638	0	36217	
3639	0	31432	
3640	0	32508	
3641	0	31815	
3642	0	37115	
3643	0	43006	
3644	0	44719	
3645	0	41521	
3646	0	40724	
3647	0	36069	
3648	0	30134	
3649	0	23742	
3650	0	19696	
3651	0	19392	
3652	0	21574	
3653	0	19309	
3654	0	18318	
3655	0	22010	
3656	0	28961	
3657	0	34722	
3658	0	36230	
3659	0	38996	
3660	0	32898	
3661	0	32190	
3662	0	37992	
3663	0	40500	
3664	0	42152	
3665	0	42656	
3666	0	42836	
3667	0	43084	
3668	0	43092	
3669	0	38064	
3670	0	32508	
3671	0	29575	
3672	0	28024	
3673	0	24379	
3674	0	18884	
3675	0	22692	
3676	0	28642	
3677	0	34242	
3678	0	37202	
3679	0	38533	
3680	0	39134	
3681	0	37396	
3682	0	34160	
3683	0	31368	
3684	0	27200	
3685	0	17508	
3686	0	16748	
3687	0	23041	
3688	0	32868	
3689	0	38040	
3690	0	39389	
3691	0	39008	
3692	0	39744	
3693	0	38101	
3694	0	34832	
3695	0	31660	
3696	0	30527	
3697	0	32306	
3698	0	32557	
3699	0	29829	
3700	0	31003	
3701	0	33717	
3702	0	33372	
3703	0	32196	
3704	0	36316	
3705	0	38672	
3706	0	40089	
3707	0	38288	
3708	0	26408	
3709	0	18832	
3710	0	21697	
3711	0	29096	
3712	0	27953	
3713	0	22458	
3714	0	20777	
3715	0	28900	
3716	0	39556	
3717	0	48115	
3718	0	52156	
3719	0	48158	
3720	0	41989	
3721	0	40036	
3722	0	41758	
3723	0	35892	
3724	0	31048	
3725	0	29677	
3726	0	32614	
3727	0	35432	
3728	0	33856	
3729	0	28149	
3730	0	24586	
3731	0	24197	
3732	0	19608	
3733	0	18364	
3734	0	23248	
3735	0	27762	
3736	0	32050	
3737	0	35399	
3738	0	34759	
3739	0	34176	
3740	0	38665	
3741	0	42368	
3742	0	45268	
3743	0	44120	
3744	0	41508	
3745	0	39559	
3746	0	35958	
3747	0	33942	
3748	0	30320	
3749	0	26840	
3750	0	25003	
3751	0	25359	
3752	0	24292	
3753	0	21284	
3754	0	20385	
3755	0	23364	
3756	0	30294	
3757	0	35628	
3758	0	37079	
3759	0	34183	
3760	0	31810	
3761	0	33020	
3762	0	35157	
3763	0	35920	
3764	0	35222	
3765	0	35458	
3766	0	37378	
3767	0	35644	
3768	0	33340	
3769	0	34432	
3770	0	36636	
3771	0	37588	
3772	0	28071	
3773	0	27736	
3774	0	33112	
3775	0	37477	
3776	0	43172	
3777	0	43878	
3778	0	37285	
3779	0	34112	
3780	0	31778	
3781	0	26960	
3782	0	24840	
3783	0	25582	
3784	0	30144	
3785	0	34916	
3786	0	37784	
3787	0	37262	
3788	0	27646	
3789	0	15024	
3790	0	13028	
3791	0	18262	
3792	0	21874	
3793	0	26681	
3794	0	32168	
3795	0	38772	
3796	0	46317	
3797	0	52218	
3798	0	49472	
3799	0	48376	
3800	0	46770	
3801	0	44862	
3802	0	43216	
3803	0	39748	
3804	0	30794	
3805	0	23054	
3806	0	22759	
3807	0	22452	
3808	0	24962	
3809	0	28713	
3810	0	30878	
3811	0	29254	
3812	0	27680	
3813	0	30596	
3814	0	33832	
3815	0	33376	
3816	0	33093	
3817	0	31928	
3818	0	30722	
3819	0	27528	
3820	0	23750	
3821	0	22800	
3822	0	23301	
3823	0	26125	
3824	0	29441	
3825	0	37522	
3826	0	43120	
3827	0	47162	
3828	0	51753	
3829	0	51888	
3830	0	49799	
3831	0	43280	
3832	0	34210	
3833	0	28247	
3834	0	25834	
3835	0	23498	
3836	0	21359	
3837	0	22695	
3838	0	25300	
3839	0	27623	
3840	0	23036	
3841	0	22392	
3842	0	28924	
3843	0	37676	
3844	0	43044	
3845	0	45966	
3846	0	41220	
3847	0	29960	
3848	0	20548	
3849	0	20490	
3850	0	24136	
3851	0	29133	
3852	0	33053	
3853	0	36989	
3854	0	39282	
3855	0	41906	
3856	0	44276	
3857	0	44464	
3858	0	39884	
3859	0	37882	
3860	0	35636	
3861	0	34173	
3862	0	30686	
3863	0	26024	
3864	0	22533	
3865	0	21626	
3866	0	26546	
3867	0	30929	
3868	0	32941	
3869	0	35366	
3870	0	30192	
3871	0	27878	
3872	0	33615	
3873	0	38624	
3874	0	38022	
3875	0	37028	
3876	0	26500	
3877	0	26222	
3878	0	30664	
3879	0	29228	
3880	0	26104	
3881	0	29880	
3882	0	37781	
3883	0	43137	
3884	0	45679	
3885	0	46116	
3886	0	44500	
3887	0	42772	
3888	0	39815	
3889	0	33846	
3890	0	28705	
3891	0	25425	
3892	0	23876	
3893	0	24952	
3894	0	24916	
3895	0	26520	
3896	0	30245	
3897	0	33278	
3898	0	31269	
3899	0	28150	
3900	0	23314	
3901	0	22323	
3902	0	24262	
3903	0	27568	
3904	0	33189	
3905	0	40732	
3906	0	45043	
3907	0	45526	
3908	0	44566	
3909	0	41816	
3910	0	35680	
3911	0	30076	
3912	0	27636	
3913	0	23078	
3914	0	21276	
3915	0	26417	
3916	0	31325	
3917	0	35384	
3918	0	35862	
3919	0	35860	
3920	0	37250	
3921	0	32108	
3922	0	26984	
3923	0	21449	
3924	0	27076	
3925	0	37506	
3926	0	45284	
3927	0	51144	
3928	0	49444	
3929	0	43456	
3930	0	37832	
3931	0	31344	
3932	0	26195	
3933	0	21124	
3934	0	17853	
3935	0	18797	
3936	0	25084	
3937	0	27964	
3938	0	31336	
3939	0	35391	
3940	0	38439	
3941	0	38989	
3942	0	38538	
3943	0	37080	
3944	0	38253	
3945	0	40144	
3946	0	38472	
3947	0	32468	
3948	0	27602	
3949	0	26940	
3950	0	28282	
3951	0	28794	
3952	0	30880	
3953	0	31782	
3954	0	29434	
3955	0	28849	
3956	0	30044	
3957	0	30810	
3958	0	31908	
3959	0	36016	
3960	0	36534	
3961	0	38360	
3962	0	38014	
3963	0	31788	
3964	0	28652	
3965	0	28952	
3966	0	32031	
3967	0	33364	
3968	0	35593	
3969	0	38405	
3970	0	40527	
3971	0	39712	
3972	0	34126	
3973	0	29942	
3974	0	30744	
3975	0	32398	
3976	0	31303	
3977	0	28634	
3978	0	29068	
3979	0	32652	
3980	0	33794	
3981	0	33192	
3982	0	33296	
3983	0	33472	
3984	0	31805	
3985	0	26786	
3986	0	23138	
3987	0	23684	
3988	0	27291	
3989	0	29790	
3990	0	27526	
3991	0	26693	
3992	0	30180	
3993	0	35602	
3994	0	39682	
3995	0	40647	
3996	0	39160	
3997	0	40851	
3998	0	45220	
3999	0	43516	
4000	0	42131	
4001	0	41430	
4002	0	36998	
4003	0	33442	
4004	0	29942	
4005	0	28279	
4006	0	28725	
4007	0	27243	
4008	0	20698	
4009	0	20418	
4010	0	22077	
4011	0	27300	
4012	0	33048	
4013	0	38121	
4014	0	40757	
4015	0	39918	
4016	0	36720	
4017	0	31516	
4018	0	31973	
4019	0	29432	
4020	0	30910	
4021	0	34600	
4022	0	37824	
4023	0	39340	
4024	0	39676	
4025	0	38428	
4026	0	36409	
4027	0	33038	
4028	0	28039	
4029	0	25927	
4030	0	25592	
4031	0	24506	
4032	0	23741	
4033	0	24581	
4034	0	27210	
4035	0	29400	
4036	0	29409	
4037	0	29736	
4038	0	32105	
4039	0	35542	
4040	0	41114	
4041	0	43884	
4042	0	40609	
4043	0	35620	
4044	0	29399	
4045	0	26471	
4046	0	31110	
4047	0	31163	
4048	0	36454	
4049	0	42848	
4050	0	45652	
4051	0	44740	
4052	0	40921	
4053	0	35623	
4054	0	31802	
4055	0	29322	
4056	0	25916	
4057	0	24768	
4058	0	21941	
4059	0	22093	
4060	0	25124	
4061	0	31076	
4062	0	35728	
4063	0	36698	
4064	0	37618	
4065	0	37511	
4066	0	35923	
4067	0	31750	
4068	0	29352	
4069	0	29831	
4070	0	30566	
4071	0	30736	
4072	0	29773	
4073	0	28568	
4074	0	29295	
4075	0	33856	
4076	0	38112	
4077	0	36259	
4078	0	36666	
4079	0	37840	
4080	0	36165	
4081	0	33476	
4082	0	28158	
4083	0	18327	
4084	0	19907	
4085	0	28411	
4086	0	34077	
4087	0	40192	
4088	0	44557	
4089	0	46133	
4090	0	46092	
4091	0	42608	
4092	0	32818	
4093	0	30009	
4094	0	29606	
4095	0	30832	
4096	0	32997	
4097	0	35885	
4098	0	34148	
4099	0	25976	
4100	0	19380	
4101	0	21623	
4102	0	25068	
4103	0	26788	
4104	0	32216	
4105	0	37138	
4106	0	38125	
4107	0	37888	
4108	0	35092	
4109	0	28565	
4110	0	24999	
4111	0	28948	
4112	0	35938	
4113	0	39584	
4114	0	41126	
4115	0	41500	
4116	0	40852	
4117	0	39600	
4118	0	37496	
4119	0	35941	
4120	0	33853	
4121	0	31650	
4122	0	30666	
4123	0	29908	
4124	0	29963	
4125	0	29484	
4126	0	29229	
4127	0	30201	
4128	0	26852	
4129	0	22566	
4130	0	20788	
4131	0	20047	
4132	0	22164	
4133	0	24787	
4134	0	32038	
4135	0	35384	
4136	0	28216	
4137	0	32985	
4138	0	38110	
4139	0	44888	
4140	0	50320	
4141	0	52380	
4142	0	48658	
4143	0	43718	
4144	0	39156	
4145	0	37572	
4146	0	35884	
4147	0	32886	
4148	0	28804	
4149	0	24588	
4150	0	24641	
4151	0	25415	
4152	0	25807	
4153	0	25901	
4154	0	26276	
4155	0	25456	
4156	0	20676	
4157	0	21184	
4158	0	25216	
4159	0	27432	
4160	0	28508	
4161	0	28524	
4162	0	35068	
4163	0	44810	
4164	0	49526	
4165	0	49626	
4166	0	47688	
4167	0	43728	
4168	0	38893	
4169	0	37102	
4170	0	34882	
4171	0	33433	
4172	0	34292	
4173	0	34636	
4174	0	32121	
4175	0	29020	
4176	0	25991	
4177	0	21010	
4178	0	20135	
4179	0	22480	
4180	0	22878	
4181	0	28900	
4182	0	37092	
4183	0	41468	
4184	0	42816	
4185	0	33744	
4186	0	29302	
4187	0	29210	
4188	0	32070	
4189	0	35168	
4190	0	33064	
4191	0	30511	
4192	0	30114	
4193	0	30906	
4194	0	35335	
4195	0	37208	
4196	0	35711	
4197	0	34628	
4198	0	34985	
4199	0	35387	
4200	0	37124	
4201	0	36748	
4202	0	34684	
4203	0	31228	
4204	0	30118	
4205	0	28780	
4206	0	23984	
4207	0	19049	
4208	0	21650	
4209	0	26051	
4210	0	31690	
4211	0	33516	
4212	0	31300	
4213	0	31719	
4214	0	37156	
4215	0	41480	
4216	0	44761	
4217	0	42856	
4218	0	44016	
4219	0	45037	
4220	0	43140	
4221	0	36252	
4222	0	33692	
4223	0	31666	
4224	0	30686	
4225	0	27210	
4226	0	25021	
4227	0	20624	
4228	0	15993	
4229	0	22739	
4230	0	32028	
4231	0	36277	
4232	0	32865	
4233	0	27017	
4234	0	30572	
4235	0	35847	
4236	0	37471	
4237	0	36780	
4238	0	32586	
4239	0	32276	
4240	0	35460	
4241	0	39388	
4242	0	38904	
4243	0	36411	
4244	0	36602	
4245	0	38686	
4246	0	38612	
4247	0	36712	
4248	0	35143	
4249	0	34666	
4250	0	33410	
4251	0	32222	
4252	0	30276	
4253	0	28602	
4254	0	26169	
4255	0	26450	
4256	0	26961	
4257	0	25762	
4258	0	25132	
4259	0	25104	
4260	0	23599	
4261	0	16916	
4262	0	20007	
4263	0	29684	
4264	0	37817	
4265	0	44006	
4266	0	42118	
4267	0	30404	
4268	0	25222	
4269	0	26369	
4270	0	35561	
4271	0	47613	
4272	0	55056	
4273	0	56972	
4274	0	55268	
4275	0	50640	
4276	0	42503	
4277	0	35128	
4278	0	29174	
4279	0	24457	
4280	0	23208	
4281	0	21070	
4282	0	17318	
4283	0	17680	
4284	0	20706	
4285	0	24276	
4286	0	27644	
4287	0	27232	
4288	0	26605	
4289	0	30253	
4290	0	35140	
4291	0	34823	
4292	0	27941	
4293	0	22061	
4294	0	27752	
4295	0	35741	
4296	0	40189	
4297	0	46548	
4298	0	50710	
4299	0	51548	
4300	0	49052	
4301	0	46757	
4302	0	44061	
4303	0	39548	
4304	0	34785	
4305	0	29222	
4306	0	25223	
4307	0	20044	
4308	0	16139	
4309	0	16603	
4310	0	20426	
4311	0	24952	
4312	0	25540	
4313	0	22272	
4314	0	27369	
4315	0	34212	
4316	0	40614	
4317	0	45917	
4318	0	46768	
4319	0	42797	
4320	0	35290	
4321	0	31074	
4322	0	30441	
4323	0	32576	
4324	0	31414	
4325	0	27336	
4326	0	25064	
4327	0	28806	
4328	0	35592	
4329	0	41494	
4330	0	41134	
4331	0	40045	
4332	0	39404	
4333	0	36170	
4334	0	32250	
4335	0	30082	
4336	0	29690	
4337	0	27398	
4338	0	26772	
4339	0	26856	
4340	0	29511	
4341	0	27224	
4342	0	17938	
4343	0	14814	
4344	0	21706	
4345	0	32062	
4346	0	40994	
4347	0	44820	
4348	0	42916	
4349	0	41282	
4350	0	41065	
4351	0	41938	
4352	0	43036	
4353	0	40854	
4354	0	39858	
4355	0	37810	
4356	0	34822	
4357	0	32688	
4358	0	29084	
4359	0	24384	
4360	0	21298	
4361	0	22096	
4362	0	24416	
4363	0	26112	
4364	0	27280	
4365	0	24097	
4366	0	26608	
4367	0	31005	
4368	0	32708	
4369	0	35765	
4370	0	37428	
4371	0	36050	
4372	0	34611	
4373	0	34976	
4374	0	38704	
4375	0	43188	
4376	0	46970	
4377	0	47721	
4378	0	45900	
4379	0	41268	
4380	0	35526	
4381	0	30089	
4382	0	23064	
4383	0	20935	
4384	0	23497	
4385	0	26994	
4386	0	29228	
4387	0	27820	
4388	0	25292	
4389	0	26285	
4390	0	29260	
4391	0	28372	
4392	0	22502	
4393	0	21246	
4394	0	25768	
4395	0	31548	
4396	0	36308	
4397	0	44327	
4398	0	50961	
4399	0	53159	
4400	0	50032	
4401	0	45712	
4402	0	40854	
4403	0	36324	
4404	0	31129	
4405	0	25082	
4406	0	23033	
4407	0	21381	
4408	0	24901	
4409	0	29840	
4410	0	32132	
4411	0	31461	
4412	0	31204	
4413	0	30704	
4414	0	29617	
4415	0	19591	
4416	0	17830	
4417	0	23235	
4418	0	28424	
4419	0	35996	
4420	0	44728	
4421	0	48285	
4422	0	44668	
4423	0	38553	
4424	0	36411	
4425	0	33351	
4426	0	29456	
4427	0	29477	
4428	0	31046	
4429	0	33260	
4430	0	34636	
4431	0	32492	
4432	0	30623	
4433	0	33652	
4434	0	37104	
4435	0	39592	
4436	0	40164	
4437	0	39244	
4438	0	36816	
4439	0	34849	
4440	0	33738	
4441	0	32162	
4442	0	30153	
4443	0	26622	
4444	0	17968	
4445	0	13484	
4446	0	18596	
4447	0	26852	
4448	0	33604	
4449	0	36662	
4450	0	36303	
4451	0	37480	
4452	0	38494	
4453	0	35847	
4454	0	34748	
4455	0	35018	
4456	0	35673	
4457	0	35812	
4458	0	36560	
4459	0	36859	
4460	0	37374	
4461	0	36856	
4462	0	35903	
4463	0	34400	
4464	0	30624	
4465	0	27984	
4466	0	27230	
4467	0	26541	
4468	0	29480	
4469	0	32579	
4470	0	34663	
4471	0	35730	
4472	0	33594	
4473	0	30575	
4474	0	29733	
4475	0	26544	
4476	0	22474	
4477	0	20396	
4478	0	23527	
4479	0	29511	
4480	0	37528	
4481	0	44002	
4482	0	47340	
4483	0	47341	
4484	0	43778	
4485	0	39469	
4486	0	34980	
4487	0	33537	
4488	0	32798	
4489	0	31712	
4490	0	31144	
4491	0	31137	
4492	0	30771	
4493	0	30498	
4494	0	29782	
4495	0	29199	
4496	0	28955	
4497	0	29556	
4498	0	30357	
4499	0	30628	
4500	0	28998	
4501	0	28648	
4502	0	28883	
4503	0	30140	
4504	0	29748	
4505	0	32260	
4506	0	35986	
4507	0	37782	
4508	0	37319	
4509	0	32274	
4510	0	28072	
4511	0	26858	
4512	0	30149	
4513	0	32992	
4514	0	34842	
4515	0	37230	
4516	0	40842	
4517	0	42917	
4518	0	41533	
4519	0	39412	
4520	0	33913	
4521	0	30621	
4522	0	31078	
4523	0	32820	
4524	0	33470	
4525	0	33136	
4526	0	31205	
4527	0	30840	
4528	0	31412	
4529	0	31866	
4530	0	31271	
4531	0	29140	
4532	0	27992	
4533	0	28038	
4534	0	29866	
4535	0	31421	
4536	0	33873	
4537	0	35138	
4538	0	32889	
4539	0	32175	
4540	0	32368	
4541	0	32262	
4542	0	31789	
4543	0	32477	
4544	0	32801	
4545	0	33370	
4546	0	34099	
4547	0	34412	
4548	0	35024	
4549	0	34761	
4550	0	33061	
4551	0	30725	
4552	0	29735	
4553	0	29221	
4554	0	29044	
4555	0	31002	
4556	0	33407	
4557	0	35376	
4558	0	36519	
4559	0	36732	
4560	0	37757	
4561	0	36674	
4562	0	34684	
4563	0	33543	
4564	0	34186	
4565	0	34089	
4566	0	32050	
4567	0	30215	
4568	0	30540	
4569	0	30599	
4570	0	30482	
4571	0	30632	
4572	0	31116	
4573	0	31510	
4574	0	32605	
4575	0	34652	
4576	0	35503	
4577	0	34496	
4578	0	33851	
4579	0	31720	
4580	0	30568	
4581	0	29038	
4582	0	28280	
4583	0	24264	
4584	0	24002	
4585	0	29869	
4586	0	35346	
4587	0	40620	
4588	0	44071	
4589	0	44185	
4590	0	41224	
4591	0	37955	
4592	0	35402	
4593	0	34278	
4594	0	32022	
4595	0	28610	
4596	0	27419	
4597	0	28732	
4598	0	30444	
4599	0	31314	
4600	0	30776	
4601	0	28551	
4602	0	28062	
4603	0	29898	
4604	0	31985	
4605	0	33578	
4606	0	34867	
4607	0	34654	
4608	0	34576	
4609	0	32135	
4610	0	30382	
4611	0	30184	
4612	0	29165	
4613	0	29676	
4614	0	32244	
4615	0	31793	
4616	0	32372	
4617	0	34247	
4618	0	36658	
4619	0	37658	
4620	0	38678	
4621	0	38740	
4622	0	37767	
4623	0	35452	
4624	0	34733	
4625	0	34084	
4626	0	32135	
4627	0	30712	
4628	0	30626	
4629	0	30599	
4630	0	31307	
4631	0	31760	
4632	0	31998	
4633	0	32388	
4634	0	32163	
4635	0	31744	
4636	0	31488	
4637	0	31380	
4638	0	31383	
4639	0	31091	
4640	0	31143	
4641	0	31428	
4642	0	31827	
4643	0	30802	
4644	0	31482	
4645	0	32761	
4646	0	34183	
4647	0	35276	
4648	0	35937	
4649	0	35735	
4650	0	34297	
4651	0	33468	
4652	0	32820	
4653	0	31986	
4654	0	31162	
4655	0	31527	
4656	0	31920	
4657	0	32118	
4658	0	32121	
4659	0	32581	
4660	0	32832	
4661	0	32349	
4662	0	31510	
4663	0	31127	
4664	0	31669	
4665	0	32249	
4666	0	33630	
4667	0	34518	
4668	0	33766	
4669	0	31496	
4670	0	30504	
4671	0	31821	
4672	0	32847	
4673	0	31975	
4674	0	31741	
4675	0	32084	
4676	0	33074	
4677	0	34669	
4678	0	36564	
4679	0	37014	
4680	0	36409	
4681	0	36036	
4682	0	34292	
4683	0	32052	
4684	0	31188	
4685	0	31616	
4686	0	32184	
4687	0	33083	
4688	0	33834	
4689	0	33392	
4690	0	33115	
4691	0	32380	
4692	0	31565	
4693	0	31536	
4694	0	32338	
4695	0	33592	
4696	0	33613	
4697	0	32839	
4698	0	32059	
4699	0	31813	
4700	0	31750	
4701	0	31802	
4702	0	31943	
4703	0	31930	
4704	0	32172	
4705	0	32704	
4706	0	33116	
4707	0	32898	
4708	0	32385	
4709	0	32286	
4710	0	32339	
4711	0	32255	
4712	0	32303	
4713	0	32589	
4714	0	32695	
4715	0	32679	
4716	0	32711	
4717	0	32924	
4718	0	32951	
4719	0	32946	
4720	0	32922	
4721	0	32894	
4722	0	32925	
4723	0	32847	
4724	0	32888	
4725	0	32868	
4726	0	32916	
4727	0	32833	
4728	0	32803	
4729	0	32903	
4730	0	32935	
4731	0	32926	
4732	0	32861	
4733	0	32708	
4734	0	32708	
4735	0	32775	
4736	0	32749	
4737	0	32880	
4738	0	32892	
4739	0	32882	
4740	0	32399	
4741	0	32438	
4742	0	32658	
4743	0	32999	
4744	0	32996	
4745	0	33088	
4746	0	32941	
4747	0	33001	
4748	0	33055	
4749	0	32921	
4750	0	32711	
4751	0	32935	
4752	0	32914	
4753	0	32724	
4754	0	32762	
4755	0	32882	
4756	0	32628	
4757	0	32602	
4758	0	32412	
4759	0	32467	
4760	0	32093	
4761	0	31537	
4762	0	30976	
4763	0	31187	
4764	0	31556	
4765	0	31431	
4766	0	32487	
4767	0	34364	
4768	0	35365	
4769	0	35808	
4770	0	36000	
4771	0	35798	
4772	0	35014	
4773	0	33956	
4774	0	33037	
4775	0	32194	
4776	0	31683	
4777	0	31383	
4778	0	31161	
4779	0	31413	
4780	0	31644	
4781	0	31890	
4782	0	32029	
4783	0	32039	
4784	0	32151	
4785	0	32355	
4786	0	32553	
4787	0	32768	
4788	0	32784	
4789	0	32785	
4790	0	32820	
4791	0	32846	
4792	0	32834	
4793	0	32935	
4794	0	32992	
4795	0	32892	
4796	0	32898	
4797	0	32929	
4798	0	32839	
4799	0	32791	
4800	0	32797	
4801	0	32642	
4802	0	32374	
4803	0	32467	
4804	0	32845	
4805	0	33111	
4806	0	33114	
4807	0	32900	
4808	0	32580	
4809	0	32677	
4810	0	32812	
4811	0	32647	
4812	0	31870	
4813	0	31733	
4814	0	31810	
4815	0	32349	
4816	0	33111	
4817	0	33896	
4818	0	34383	
4819	0	34344	
4820	0	33823	
4821	0	33645	
4822	0	33306	
4823	0	33148	
4824	0	32635	
4825	0	32263	
4826	0	32237	
4827	0	32447	
4828	0	32737	
4829	0	32876	
4830	0	32835	
4831	0	32616	
4832	0	32635	
4833	0	32713	
4834	0	32592	
4835	0	32086	
4836	0	31849	
4837	0	32017	
4838	0	32175	
4839	0	32089	
4840	0	32367	
4841	0	32924	
4842	0	33089	
4843	0	33063	
4844	0	33241	
4845	0	33223	
4846	0	33380	
4847	0	33380	
4848	0	33383	
4849	0	33479	
4850	0	33549	
4851	0	33447	
4852	0	32950	
4853	0	32540	
4854	0	32338	
4855	0	32217	
4856	0	32194	
4857	0	32165	
4858	0	32017	
4859	0	32050	
4860	0	32403	
4861	0	32529	
4862	0	32662	
4863	0	32811	
4864	0	32793	
4865	0	32815	
4866	0	32810	
4867	0	32852	
4868	0	33016	
4869	0	33052	
4870	0	33086	
4871	0	33028	
4872	0	32961	
4873	0	32832	
4874	0	32775	
4875	0	32792	
4876	0	32748	
4877	0	32685	
4878	0	32699	
4879	0	32703	
4880	0	32730	
4881	0	32749	
4882	0	32823	
4883	0	32844	
4884	0	32813	
4885	0	32807	
4886	0	32702	
4887	0	32742	
4888	0	32758	
4889	0	32839	
4890	0	32839	
4891	0	32838	
4892	0	32787	
4893	0	32711	
4894	0	32721	
4895	0	32768	
4896	0	32824	
4897	0	32864	
4898	0	32874	
4899	0	32804	
4900	0	32752	
4901	0	32695	
4902	0	32673	
4903	0	32787	
4904	0	32854	
4905	0	32887	
4906	0	32833	
4907	0	32658	
4908	0	32622	
4909	0	32651	
4910	0	32560	
4911	0	32545	
4912	0	32594	
4913	0	32768	
4914	0	32811	
4915	0	32899	
4916	0	32967	
4917	0	32918	
4918	0	32790	
4919	0	32763	
4920	0	32758	
4921	0	32807	
4922	0	32834	
4923	0	32832	
4924	0	32796	
4925	0	32771	
4926	0	32871	
4927	0	32831	
4928	0	32826	
4929	0	32834	
4930	0	32740	
4931	0	32838	
4932	0	32807	
4933	0	32744	
4934	0	32726	
4935	0	32698	
4936	0	32703	
4937	0	32731	
4938	0	32742	
4939	0	32749	
4940	0	32733	
4941	0	32752	
4942	0	32748	
4943	0	32700	
4944	0	32733	
4945	0	32744	
4946	0	32698	
4947	0	32727	
4948	0	32761	
4949	0	32768	
4950	0	32707	
4951	0	32775	
4952	0	32774	
4953	0	32819	
4954	0	32795	
4955	0	32816	
4956	0	32800	
4957	0	32775	
4958	0	32731	
4959	0	32754	
4960	0	32775	
4961	0	32761	
4962	0	32754	
4963	0	32743	
4964	0	32810	
4965	0	32793	
4966	0	32817	
4967	0	32687	
4968	0	32479	
4969	0	32283	
4970	0	32391	
4971	0	32744	
4972	0	32925	
4973	0	33013	
4974	0	33135	
4975	0	33079	
4976	0	32940	
4977	0	32730	
4978	0	32631	
4979	0	32698	
4980	0	32696	
4981	0	32663	
4982	0	32756	
4983	0	32959	
4984	0	33127	
4985	0	33127	
4986	0	33111	
4987	0	33018	
4988	0	32619	
4989	0	32591	
4990	0	32711	
4991	0	32671	
4992	0	32688	
4993	0	32729	
4994	0	32805	
4995	0	32861	
4996	0	32895	
4997	0	32860	
4998	0	32709	
4999	0	32672	
5000	0	32519	
5001	0	32470	
5002	0	32415	
5003	0	32578	
5004	0	32850	
5005	0	32839	
5006	0	32903	
5007	0	32865	
5008	0	32786	
5009	0	32803	
5010	0	32745	
5011	0	32786	
5012	0	32813	
5013	0	32870	
5014	0	32852	
5015	0	32880	
5016	0	32824	
5017	0	32761	
5018	0	32735	
5019	0	32733	
5020	0	32798	
5021	0	32860	
5022	0	32868	
5023	0	32795	
5024	0	32681	
5025	0	32582	
5026	0	32620	
5027	0	32775	
5028	0	32812	
5029	0	32839	
5030	0	32871	
5031	0	32856	
5032	0	32772	
5033	0	32768	
5034	0	32767	
5035	0	32775	
5036	0	32707	
5037	0	32745	
5038	0	32715	
5039	0	32761	
5040	0	32732	
5041	0	32770	
5042	0	32761	
5043	0	32815	
5044	0	32757	
5045	0	32822	
5046	0	32791	
5047	0	32757	
5048	0	32751	
5049	0	32711	
5050	0	32752	
5051	0	32695	
5052	0	32775	
5053	0	32734	
5054	0	32797	
5055	0	32798	
5056	0	32799	
5057	0	32792	
5058	0	32806	
5059	0	32807	
5060	0	32724	
5061	0	32719	
5062	0	32721	
5063	0	32807	
5064	0	32895	
5065	0	32816	
5066	0	32854	
5067	0	32850	
5068	0	32733	
5069	0	32748	
5070	0	32839	
5071	0	32800	
5072	0	32805	
5073	0	32798	
5074	0	32729	
5075	0	32743	
5076	0	32815	
5077	0	32786	
5078	0	32735	
5079	0	32763	
5080	0	32731	
5081	0	32711	
5082	0	32761	
5083	0	32718	
5084	0	32732	
5085	0	32757	
5086	0	32809	
5087	0	32766	
5088	0	32820	
5089	0	32852	
5090	0	32845	
5091	0	32839	
5092	0	32749	
5093	0	32749	
5094	0	32775	
5095	0	32815	
5096	0	32807	
5097	0	32804	
5098	0	32747	
5099	0	32737	
5100	0	32669	
5101	0	32670	
5102	0	32699	
5103	0	32695	
5104	0	32743	
5105	0	32806	
5106	0	32837	
5107	0	32798	
5108	0	32775	
5109	0	32813	
5110	0	32809	
5111	0	32837	
5112	0	32892	
5113	0	32730	
5114	0	32715	
5115	0	32791	
5116	0	32718	
5117	0	32723	
5118	0	32832	
5119	0	32733	
5120	0	32772	
5121	0	32727	
5122	0	32772	
5123	0	32744	
5124	0	32732	
5125	0	32792	
5126	0	32791	
5127	0	32775	
5128	0	32738	
5129	0	32770	
5130	0	32729	
5131	0	32772	
5132	0	32766	
5133	0	32758	
5134	0	32748	
5135	0	32684	
5136	0	32685	
5137	0	32735	
5138	0	32839	
5139	0	32807	
5140	0	32759	
5141	0	32696	
5142	0	32738	
5143	0	32738	
5144	0	32775	
5145	0	32833	
5146	0	32745	
5147	0	32858	
5148	0	32812	
5149	0	32854	
5150	0	32871	
5151	0	32754	
5152	0	32785	
5153	0	32725	
5154	0	32706	
5155	0	32652	
5156	0	32791	
5157	0	32817	
5158	0	32750	
5159	0	32761	
5160	0	32749	
5161	0	32793	
5162	0	32793	
5163	0	32852	
5164	0	32775	
5165	0	32772	
5166	0	32765	
5167	0	32774	
5168	0	32857	
5169	0	32829	
5170	0	32775	
5171	0	32759	
5172	0	32806	
5173	0	32772	
5174	0	32806	
5175	0	32757	
5176	0	32794	
5177	0	32728	
5178	0	32801	
5179	0	32749	
5180	0	32748	
5181	0	32834	
5182	0	32839	
5183	0	32756	
5184	0	32794	
5185	0	32783	
5186	0	32694	
5187	0	32677	
5188	0	32760	
5189	0	32737	
5190	0	32774	
5191	0	32694	
5192	0	32698	
5193	0	32815	
5194	0	32744	
5195	0	32743	
5196	0	32789	
5197	0	32749	
5198	0	32799	
5199	0	32732	
5200	0	32746	
5201	0	32682	
5202	0	32708	
5203	0	32717	
5204	0	32823	
5205	0	32736	
5206	0	32800	
5207	0	32742	
5208	0	32753	
5209	0	32751	
5210	0	32775	
5211	0	32824	
5212	0	32817	
5213	0	32787	
5214	0	32836	
5215	0	32775	
5216	0	32738	
5217	0	32787	
5218	0	32763	
5219	0	32816	
5220	0	32775	
5221	0	32797	
5222	0	32862	
5223	0	32839	
5224	0	32832	
5225	0	32794	
5226	0	32804	
5227	0	32832	
5228	0	32808	
5229	0	32790	
5230	0	32748	
5231	0	32812	
5232	0	32812	
5233	0	32775	
5234	0	32775	
5235	0	32825	
5236	0	32811	
5237	0	32816	
5238	0	32821	
5239	0	32772	
5240	0	32760	
5241	0	32742	
5242	0	32770	
5243	0	32881	
5244	0	32903	
5245	0	32926	
5246	0	32914	
5247	0	32945	
5248	0	32926	
5249	0	32795	
5250	0	32733	
5251	0	32631	
5252	0	32622	
5253	0	32631	
5254	0	32679	
5255	0	32661	
5256	0	32728	
5257	0	32734	
5258	0	32733	
5259	0	32803	
5260	0	32793	
5261	0	32814	
5262	0	32679	
5263	0	32640	
5264	0	32580	
5265	0	32615	
5266	0	32716	
5267	0	32743	
5268	0	32744	
5269	0	32756	
5270	0	32727	
5271	0	32690	
5272	0	32669	
5273	0	32669	
5274	0	32688	
5275	0	32668	
5276	0	32647	
5277	0	32707	
5278	0	32788	
5279	0	32850	
5280	0	32903	
5281	0	32832	
5282	0	32811	
5283	0	32793	
5284	0	32836	
5285	0	32803	
5286	0	32806	
5287	0	32817	
5288	0	32796	
5289	0	32807	
5290	0	32822	
5291	0	32813	
5292	0	32834	
5293	0	32745	
5294	0	32761	
5295	0	32807	
5296	0	32793	
5297	0	32797	
5298	0	32826	
5299	0	32813	
5300	0	32845	
5301	0	32775	
5302	0	32741	
5303	0	32671	
5304	0	32734	
5305	0	32730	
5306	0	32739	
5307	0	32762	
5308	0	32736	
5309	0	32730	
5310	0	32775	
5311	0	32793	
5312	0	32728	
5313	0	32703	
5314	0	32772	
5315	0	32819	
5316	0	32786	
5317	0	32740	
5318	0	32774	
5319	0	32759	
5320	0	32770	
5321	0	32839	
5322	0	32804	
5323	0	32853	
5324	0	32798	
5325	0	32743	
5326	0	32748	
5327	0	32733	
5328	0	32738	
5329	0	32821	
5330	0	32839	
5331	0	32837	
5332	0	32839	
5333	0	32812	
5334	0	32871	
5335	0	32828	
5336	0	32814	
5337	0	32773	
5338	0	32812	
5339	0	32797	
5340	0	32752	
5341	0	32722	
5342	0	32730	
5343	0	32789	
5344	0	32802	
5345	0	32838	
5346	0	32857	
5347	0	32837	
5348	0	32811	
5349	0	32717	
5350	0	32738	
5351	0	32684	
5352	0	32756	
5353	0	32748	
5354	0	32719	
5355	0	32722	
5356	0	32733	
5357	0	32668	
5358	0	32659	
5359	0	32677	
5360	0	32687	
5361	0	32695	
5362	0	32693	
5363	0	32690	
5364	0	32652	
5365	0	32763	
5366	0	32760	
5367	0	32709	
5368	0	32829	
5369	0	32923	
5370	0	33007	
5371	0	32996	
5372	0	32996	
5373	0	32847	
5374	0	32830	
5375	0	32792	
5376	0	32720	
5377	0	32715	
5378	0	32791	
5379	0	32765	
5380	0	32822	
5381	0	32813	
5382	0	32735	
5383	0	32775	
5384	0	32748	
5385	0	32822	
5386	0	32848	
5387	0	32788	
5388	0	32769	
5389	0	32775	
5390	0	32751	
5391	0	32775	
5392	0	32726	
5393	0	32717	
5394	0	32711	
5395	0	32734	
5396	0	32679	
5397	0	32720	
5398	0	32749	
5399	0	32671	
5400	0	32708	
5401	0	32739	
5402	0	32812	
5403	0	32807	
5404	0	32833	
5405	0	32823	
5406	0	32816	
5407	0	32760	
5408	0	32794	
5409	0	32827	
5410	0	32793	
5411	0	32821	
5412	0	32815	
5413	0	32849	
5414	0	32793	
5415	0	32806	
5416	0	32727	
5417	0	32701	
5418	0	32726	
5419	0	32785	
5420	0	32745	
5421	0	32763	
5422	0	32806	
5423	0	32722	
5424	0	32750	
5425	0	32744	
5426	0	32692	
5427	0	32756	
5428	0	32774	
5429	0	32774	
5430	0	32806	
5431	0	32698	
5432	0	32738	
5433	0	32786	
5434	0	32802	
5435	0	32798	
5436	0	32844	
5437	0	32775	
5438	0	32762	
5439	0	32775	
5440	0	32714	
5441	0	32797	
5442	0	32775	
5443	0	32767	
5444	0	32676	
5445	0	32723	
5446	0	32839	
5447	0	32940	
5448	0	32987	
5449	0	32896	
5450	0	32845	
5451	0	32791	
5452	0	32807	
5453	0	32742	
5454	0	32726	
5455	0	32717	
5456	0	32699	
5457	0	32674	
5458	0	32765	
5459	0	32710	
5460	0	32766	
5461	0	32790	
5462	0	32775	
5463	0	32740	
5464	0	32805	
5465	0	32823	
5466	0	32811	
5467	0	32839	
5468	0	32795	
5469	0	32775	
5470	0	32772	
5471	0	32814	
5472	0	32743	
5473	0	32775	
5474	0	32773	
5475	0	32763	
5476	0	32775	
5477	0	32723	
5478	0	32749	
5479	0	32744	
5480	0	32711	
5481	0	32792	
5482	0	32741	
5483	0	32723	
5484	0	32765	
5485	0	32754	
5486	0	32732	
5487	0	32775	
5488	0	32790	
5489	0	32820	
5490	0	32838	
5491	0	32775	
5492	0	32775	
5493	0	32751	
5494	0	32775	
5495	0	32768	
5496	0	32815	
5497	0	32728	
5498	0	32730	
5499	0	32774	
5500	0	32789	
5501	0	32805	
5502	0	32757	
5503	0	32822	
5504	0	32726	
5505	0	32711	
5506	0	32749	
5507	0	32751	
5508	0	32775	
5509	0	32775	
5510	0	32796	
5511	0	32775	
5512	0	32742	
5513	0	32771	
5514	0	32775	
5515	0	32764	
5516	0	32761	
5517	0	32793	
5518	0	32794	
5519	0	32740	
5520	0	32806	
5521	0	32768	
5522	0	32756	
5523	0	32775	
5524	0	32775	
5525	0	32732	
5526	0	32703	
5527	0	32813	
5528	0	32836	
5529	0	32839	
5530	0	32755	
5531	0	32848	
5532	0	32826	
5533	0	32765	
5534	0	32717	
5535	0	32715	
5536	0	32736	
5537	0	32740	
5538	0	32683	
5539	0	32710	
5540	0	32751	
5541	0	32754	
5542	0	32751	
5543	0	32775	
5544	0	32768	
5545	0	32853	
5546	0	32871	
5547	0	32927	
5548	0	32882	
5549	0	32873	
5550	0	32751	
5551	0	32743	
5552	0	32656	
5553	0	32733	
5554	0	32694	
5555	0	32688	
5556	0	32669	
5557	0	32727	
5558	0	32783	
5559	0	32785	
5560	0	32829	
5561	0	32775	
5562	0	32806	
5563	0	32732	
5564	0	32785	
5565	0	32775	
5566	0	32720	
5567	0	32819	
5568	0	32790	
5569	0	32724	
5570	0	32802	
5571	0	32711	
5572	0	32730	
5573	0	32711	
5574	0	32756	
5575	0	32774	
5576	0	32837	
5577	0	32819	
5578	0	32738	
5579	0	32801	
5580	0	32766	
5581	0	32748	
5582	0	32769	
5583	0	32729	
5584	0	32789	
5585	0	32771	
5586	0	32775	
5587	0	32834	
5588	0	32795	
5589	0	32843	
5590	0	32851	
5591	0	32749	
5592	0	32749	
5593	0	32854	
5594	0	32792	
5595	0	32748	
5596	0	32759	
5597	0	32756	
5598	0	32711	
5599	0	32728	
5600	0	32722	
5601	0	32773	
5602	0	32768	
5603	0	32775	
5604	0	32775	
5605	0	32784	
5606	0	32798	
5607	0	32738	
5608	0	32775	
5609	0	32788	
5610	0	32770	
5611	0	32697	
5612	0	32775	
5613	0	32775	
5614	0	32724	
5615	0	32749	
5616	0	32711	
5617	0	32735	
5618	0	32738	
5619	0	32757	
5620	0	32662	
5621	0	32751	
5622	0	32823	
5623	0	32832	
5624	0	32826	
5625	0	32839	
5626	0	32839	
5627	0	32825	
5628	0	32756	
5629	0	32770	
5630	0	32793	
5631	0	32914	
5632	0	32830	
5633	0	32767	
5634	0	32724	
5635	0	32684	
5636	0	32632	
5637	0	32726	
5638	0	32701	
5639	0	32710	
5640	0	32675	
5641	0	32704	
5642	0	32756	
5643	0	32794	
5644	0	32839	
5645	0	32775	
5646	0	32783	
5647	0	32798	
5648	0	32809	
5649	0	32806	
5650	0	32807	
5651	0	32810	
5652	0	32801	
5653	0	32784	
5654	0	32828	
5655	0	32783	
5656	0	32751	
5657	0	32803	
5658	0	32752	
5659	0	32808	
5660	0	32815	
5661	0	32850	
5662	0	32839	
5663	0	32720	
5664	0	32830	
5665	0	32886	
5666	0	32775	
5667	0	32748	
5668	0	32799	
5669	0	32775	
5670	0	32747	
5671	0	32774	
5672	0	32775	
5673	0	32754	
5674	0	32720	
5675	0	32792	
5676	0	32764	
5677	0	32789	
5678	0	32896	
5679	0	32812	
5680	0	32711	
5681	0	32739	
5682	0	32711	
5683	0	32688	
5684	0	32677	
5685	0	32643	
5686	0	32714	
5687	0	32709	
5688	0	32711	
5689	0	32811	
5690	0	32807	
5691	0	32764	
5692	0	32787	
5693	0	32727	
5694	0	32729	
5695	0	32811	
5696	0	32795	
5697	0	32845	
5698	0	32745	
5699	0	32695	
5700	0	32605	
5701	0	32605	
5702	0	32615	
5703	0	32597	
5704	0	32681	
5705	0	32775	
5706	0	32805	
5707	0	32862	
5708	0	32890	
5709	0	32888	
5710	0	32775	
5711	0	32796	
5712	0	32772	
5713	0	32816	
5714	0	32850	
5715	0	32805	
5716	0	32793	
5717	0	32775	
5718	0	32719	
5719	0	32725	
5720	0	32799	
5721	0	32807	
5722	0	32804	
5723	0	32759	
5724	0	32791	
5725	0	32733	
5726	0	32789	
5727	0	32892	
5728	0	32805	
5729	0	32769	
5730	0	32749	
5731	0	32807	
5732	0	32866	
5733	0	32772	
5734	0	32707	
5735	0	32756	
5736	0	32775	
5737	0	32792	
5738	0	32817	
5739	0	32856	
5740	0	32815	
5741	0	32748	
5742	0	32742	
5743	0	32690	
5744	0	32678	
5745	0	32714	
5746	0	32794	
5747	0	32839	
5748	0	32898	
5749	0	32920	
5750	0	32869	
5751	0	32887	
5752	0	32823	
5753	0	32788	
5754	0	32775	
5755	0	32700	
5756	0	32681	
5757	0	32685	
5758	0	32729	
5759	0	32705	
5760	0	32671	
5761	0	32740	
5762	0	32807	
5763	0	32794	
5764	0	32751	
5765	0	32729	
5766	0	32706	
5767	0	32743	
5768	0	32760	
5769	0	32715	
5770	0	32668	
5771	0	32756	
5772	0	32720	
5773	0	32735	
5774	0	32868	
5775	0	32809	
5776	0	32832	
5777	0	32775	
5778	0	32796	
5779	0	32855	
5780	0	32794	
5781	0	32757	
5782	0	32763	
5783	0	32766	
5784	0	32798	
5785	0	32839	
5786	0	32903	
5787	0	32914	
5788	0	32951	
5789	0	32775	
5790	0	32742	
5791	0	32757	
5792	0	32769	
5793	0	32677	
5794	0	32701	
5795	0	32705	
5796	0	32720	
5797	0	32696	
5798	0	32646	
5799	0	32646	
5800	0	32759	
5801	0	32773	
5802	0	32718	
5803	0	32738	
5804	0	32862	
5805	0	32813	
5806	0	32869	
5807	0	32871	
5808	0	32878	
5809	0	32838	
5810	0	32815	
5811	0	32752	
5812	0	32750	
5813	0	32839	
5814	0	32806	
5815	0	32795	
5816	0	32836	
5817	0	32785	
5818	0	32815	
5819	0	32734	
5820	0	32820	
5821	0	32749	
5822	0	32678	
5823	0	32730	
5824	0	32685	
5825	0	32719	
5826	0	32658	
5827	0	32671	
5828	0	32710	
5829	0	32680	
5830	0	32658	
5831	0	32639	
5832	0	32631	
5833	0	32674	
5834	0	32742	
5835	0	32700	
5836	0	32640	
5837	0	32699	
5838	0	32813	
5839	0	32899	
5840	0	32829	
5841	0	32804	
5842	0	32788	
5843	0	32728	
5844	0	32883	
5845	0	32838	
5846	0	32848	
5847	0	32730	
5848	0	32729	
5849	0	32804	
5850	0	32795	
5851	0	32818	
5852	0	32820	
5853	0	32706	
5854	0	32748	
5855	0	32749	
5856	0	32746	
5857	0	32804	
5858	0	32732	
5859	0	32757	
5860	0	32787	
5861	0	32807	
5862	0	32796	
5863	0	32743	
5864	0	32800	
5865	0	32806	
5866	0	32786	
5867	0	32742	
5868	0	32728	
5869	0	32762	
5870	0	32757	
5871	0	32763	
5872	0	32775	
5873	0	32743	
5874	0	32782	
5875	0	32690	
5876	0	32733	
5877	0	32732	
5878	0	32751	
5879	0	32730	
5880	0	32775	
5881	0	32821	
5882	0	32866	
5883	0	32871	
5884	0	32843	
5885	0	32857	
5886	0	32812	
5887	0	32773	
5888	0	32804	
5889	0	32834	
5890	0	32852	
5891	0	32793	
5892	0	32744	
5893	0	32688	
5894	0	32671	
5895	0	32639	
5896	0	32695	
5897	0	32845	
5898	0	32903	
5899	0	33045	
5900	0	33002	
5901	0	32903	
5902	0	32763	
5903	0	32740	
5904	0	32758	
5905	0	32748	
5906	0	32695	
5907	0	32662	
5908	0	32706	
5909	0	32727	
5910	0	32694	
5911	0	32636	
5912	0	32696	
5913	0	32684	
5914	0	32670	
5915	0	32711	
5916	0	32768	
5917	0	32807	
5918	0	32815	
5919	0	32775	
5920	0	32894	
5921	0	32820	
5922	0	32801	
5923	0	32809	
5924	0	32816	
5925	0	32822	
5926	0	32839	
5927	0	32812	
5928	0	32795	
5929	0	32739	
5930	0	32810	
5931	0	32775	
5932	0	32743	
5933	0	32751	
5934	0	32743	
5935	0	32784	
5936	0	32710	
5937	0	32755	
5938	0	32817	
5939	0	32753	
5940	0	32727	
5941	0	32743	
5942	0	32799	
5943	0	32739	
5944	0	32749	
5945	0	32734	
5946	0	32689	
5947	0	32722	
5948	0	32734	
5949	0	32756	
5950	0	32792	
5951	0	32746	
5952	0	32722	
5953	0	32763	
5954	0	32795	
5955	0	32795	
5956	0	32775	
5957	0	32816	
5958	0	32809	
5959	0	32784	
5960	0	32844	
5961	0	32834	
5962	0	32789	
5963	0	32772	
5964	0	32786	
5965	0	32743	
5966	0	32797	
5967	0	32796	
5968	0	32866	
5969	0	32794	
5970	0	32804	
5971	0	32806	
5972	0	32784	
5973	0	32732	
5974	0	32711	
5975	0	32739	
5976	0	32658	
5977	0	32692	
5978	0	32859	
5979	0	32935	
5980	0	32960	
5981	0	32895	
5982	0	32780	
5983	0	32769	
5984	0	32762	
5985	0	32759	
5986	0	32674	
5987	0	32640	
5988	0	32724	
5989	0	32742	
5990	0	32808	
5991	0	32775	
5992	0	32726	
5993	0	32687	
5994	0	32716	
5995	0	32692	
5996	0	32738	
5997	0	32788	
5998	0	32772	
5999	0	32704	
