# OpenSignals Text File Format
# {"00:07:80:FC:57:23": {"sensor": ["EMG"], "device name": "00:07:80:FC:57:23", "column": ["nSeq", "DI", "peitoral"], "sync interval": 2, "time": "13:24:41.234", "comments": "", "device connection": "BTH00:07:80:FC:57:23", "channels": [3], "keywords": "", "convertedValues": 0, "digital IO": [0, 1], "mode": 0, "date": "2018-7-9", "firmware version": 773, "device": "biosignalsplux", "position": 0, "sampling rate": 1000, "label": ["peitoral"], "resolution": [16], "forcePlatform values": [0.0, 0.0, 0.0, 0.0, 0.0, 0.0, 0.0, 0.0], "special": [{}]}}
# EndOfHeader
0	0	32517	
1	0	32370	
2	0	32292	
3	0	32233	
4	0	32152	
5	0	32122	
6	0	32047	
7	0	31973	
8	0	32025	
9	0	32071	
10	0	32290	
11	0	32390	
12	0	32445	
13	0	32607	
14	0	32704	
15	0	32794	
16	0	32868	
17	0	32927	
18	0	33007	
19	0	32982	
20	0	33030	
21	0	33156	
22	0	33269	
23	0	33326	
24	0	33447	
25	0	33488	
26	0	33486	
27	0	33494	
28	0	33460	
29	0	33415	
30	0	33350	
31	0	33309	
32	0	33229	
33	0	33213	
34	0	33124	
35	0	33065	
36	0	33180	
37	0	33122	
38	0	33074	
39	0	33086	
40	0	33053	
41	0	33047	
42	0	32919	
43	0	32940	
44	0	33071	
45	0	33060	
46	0	32871	
47	0	32826	
48	0	32836	
49	0	32810	
50	0	32816	
51	0	32752	
52	0	32743	
53	0	32698	
54	0	32711	
55	0	32622	
56	0	32647	
57	0	32635	
58	0	32615	
59	0	32493	
60	0	32448	
61	0	32573	
62	0	32594	
63	0	32621	
64	0	32753	
65	0	32766	
66	0	32711	
67	0	32711	
68	0	32724	
69	0	32752	
70	0	32805	
71	0	32801	
72	0	32842	
73	0	32786	
74	0	32735	
75	0	32849	
76	0	32812	
77	0	32746	
78	0	32730	
79	0	32804	
80	0	32744	
81	0	32707	
82	0	32744	
83	0	32790	
84	0	32743	
85	0	32748	
86	0	32869	
87	0	32854	
88	0	32909	
89	0	32882	
90	0	32860	
91	0	32805	
92	0	32715	
93	0	32802	
94	0	32839	
95	0	32752	
96	0	32782	
97	0	32762	
98	0	32749	
99	0	32749	
100	0	32681	
101	0	32788	
102	0	32738	
103	0	32715	
104	0	32793	
105	0	32789	
106	0	32858	
107	0	32909	
108	0	32903	
109	0	32909	
110	0	32783	
111	0	32789	
112	0	32831	
113	0	32863	
114	0	32870	
115	0	32768	
116	0	32706	
117	0	32740	
118	0	32872	
119	0	32819	
120	0	32807	
121	0	32711	
122	0	32724	
123	0	32768	
124	0	32678	
125	0	32764	
126	0	32726	
127	0	32756	
128	0	32871	
129	0	32938	
130	0	32966	
131	0	32869	
132	0	32937	
133	0	32928	
134	0	32926	
135	0	32788	
136	0	32768	
137	0	32761	
138	0	32684	
139	0	32761	
140	0	32733	
141	0	32743	
142	0	32794	
143	0	32784	
144	0	32794	
145	0	32835	
146	0	32851	
147	0	32895	
148	0	32903	
149	0	32903	
150	0	32816	
151	0	32775	
152	0	32726	
153	0	32828	
154	0	32791	
155	0	32767	
156	0	32767	
157	0	32820	
158	0	32794	
159	0	32888	
160	0	32909	
161	0	32878	
162	0	32824	
163	0	32864	
164	0	32917	
165	0	32891	
166	0	32846	
167	0	32829	
168	0	32803	
169	0	32883	
170	0	32812	
171	0	32876	
172	0	32837	
173	0	32820	
174	0	32810	
175	0	32844	
176	0	32694	
177	0	32665	
178	0	32739	
179	0	32772	
180	0	32695	
181	0	32783	
182	0	32807	
183	0	32879	
184	0	32802	
185	0	32854	
186	0	32823	
187	0	32790	
188	0	32775	
189	0	32799	
190	0	32862	
191	0	32914	
192	0	32800	
193	0	32837	
194	0	32805	
195	0	32898	
196	0	32909	
197	0	32792	
198	0	32825	
199	0	32937	
200	0	32825	
201	0	32863	
202	0	32796	
203	0	32763	
204	0	32684	
205	0	32662	
206	0	32736	
207	0	32726	
208	0	32787	
209	0	32812	
210	0	32900	
211	0	32855	
212	0	32834	
213	0	32888	
214	0	32831	
215	0	32813	
216	0	32848	
217	0	32794	
218	0	32834	
219	0	32818	
220	0	32808	
221	0	32752	
222	0	32757	
223	0	32824	
224	0	32788	
225	0	32812	
226	0	32751	
227	0	32761	
228	0	32729	
229	0	32804	
230	0	32759	
231	0	32797	
232	0	32888	
233	0	32775	
234	0	32754	
235	0	32766	
236	0	32736	
237	0	32700	
238	0	32685	
239	0	32793	
240	0	32775	
241	0	32825	
242	0	32867	
243	0	32784	
244	0	32706	
245	0	32741	
246	0	32758	
247	0	32722	
248	0	32690	
249	0	32828	
250	0	32803	
251	0	32826	
252	0	32786	
253	0	32799	
254	0	32775	
255	0	32775	
256	0	32775	
257	0	32815	
258	0	32851	
259	0	32867	
260	0	32835	
261	0	32830	
262	0	32820	
263	0	32774	
264	0	32809	
265	0	32799	
266	0	32790	
267	0	32733	
268	0	32732	
269	0	32750	
270	0	32847	
271	0	32829	
272	0	32920	
273	0	32874	
274	0	32900	
275	0	32870	
276	0	32839	
277	0	32892	
278	0	32788	
279	0	32826	
280	0	32752	
281	0	32679	
282	0	32695	
283	0	32751	
284	0	32859	
285	0	32860	
286	0	32903	
287	0	32890	
288	0	32851	
289	0	32888	
290	0	32912	
291	0	32803	
292	0	32815	
293	0	32848	
294	0	32905	
295	0	32867	
296	0	32903	
297	0	32870	
298	0	32829	
299	0	32735	
300	0	32708	
301	0	32843	
302	0	32886	
303	0	32891	
304	0	32724	
305	0	32762	
306	0	32774	
307	0	32839	
308	0	32844	
309	0	32792	
310	0	32793	
311	0	32839	
312	0	32864	
313	0	32928	
314	0	32854	
315	0	32806	
316	0	32742	
317	0	32766	
318	0	32780	
319	0	32726	
320	0	32764	
321	0	32766	
322	0	32710	
323	0	32812	
324	0	32850	
325	0	32868	
326	0	32876	
327	0	32820	
328	0	32862	
329	0	32820	
330	0	32811	
331	0	32796	
332	0	32822	
333	0	32828	
334	0	32849	
335	0	32845	
336	0	32839	
337	0	32830	
338	0	32808	
339	0	32835	
340	0	32866	
341	0	32946	
342	0	32873	
343	0	32833	
344	0	32864	
345	0	32772	
346	0	32782	
347	0	32791	
348	0	32711	
349	0	32707	
350	0	32784	
351	0	32856	
352	0	32888	
353	0	32854	
354	0	32855	
355	0	32807	
356	0	32782	
357	0	32815	
358	0	32811	
359	0	32736	
360	0	32812	
361	0	32758	
362	0	32737	
363	0	32780	
364	0	32870	
365	0	32833	
366	0	32802	
367	0	32812	
368	0	32829	
369	0	32829	
370	0	32878	
371	0	32847	
372	0	32843	
373	0	32839	
374	0	32790	
375	0	32752	
376	0	32868	
377	0	32832	
378	0	32813	
379	0	32730	
380	0	32706	
381	0	32804	
382	0	32852	
383	0	32821	
384	0	32848	
385	0	32841	
386	0	32735	
387	0	32690	
388	0	32708	
389	0	32750	
390	0	32725	
391	0	32796	
392	0	32845	
393	0	32870	
394	0	32826	
395	0	32796	
396	0	32828	
397	0	32870	
398	0	32891	
399	0	32866	
400	0	32871	
401	0	32928	
402	0	32718	
403	0	32708	
404	0	32752	
405	0	32751	
406	0	32807	
407	0	32832	
408	0	32832	
409	0	32737	
410	0	32742	
411	0	32825	
412	0	32840	
413	0	32901	
414	0	32845	
415	0	32775	
416	0	32813	
417	0	32785	
418	0	32874	
419	0	32799	
420	0	32708	
421	0	32827	
422	0	32816	
423	0	32828	
424	0	32854	
425	0	32832	
426	0	32820	
427	0	32741	
428	0	32722	
429	0	32760	
430	0	32743	
431	0	32733	
432	0	32813	
433	0	32834	
434	0	32845	
435	0	32912	
436	0	32849	
437	0	32887	
438	0	32819	
439	0	32851	
440	0	32869	
441	0	32871	
442	0	32842	
443	0	32852	
444	0	32842	
445	0	32796	
446	0	32851	
447	0	32775	
448	0	32691	
449	0	32733	
450	0	32766	
451	0	32733	
452	0	32789	
453	0	32835	
454	0	32861	
455	0	33006	
456	0	32916	
457	0	32816	
458	0	32718	
459	0	32688	
460	0	32620	
461	0	32717	
462	0	32708	
463	0	32790	
464	0	32834	
465	0	32851	
466	0	32871	
467	0	32902	
468	0	32868	
469	0	32808	
470	0	32862	
471	0	32919	
472	0	32857	
473	0	32837	
474	0	32848	
475	0	32860	
476	0	32818	
477	0	32791	
478	0	32773	
479	0	32793	
480	0	32793	
481	0	32801	
482	0	32792	
483	0	32870	
484	0	32826	
485	0	32807	
486	0	32850	
487	0	32890	
488	0	32848	
489	0	32677	
490	0	32662	
491	0	32704	
492	0	32806	
493	0	32875	
494	0	32838	
495	0	32772	
496	0	32834	
497	0	32729	
498	0	32775	
499	0	32705	
500	0	32839	
501	0	32903	
502	0	32941	
503	0	32948	
504	0	32774	
505	0	32802	
506	0	32775	
507	0	32753	
508	0	32799	
509	0	32775	
510	0	32819	
511	0	32854	
512	0	32827	
513	0	32808	
514	0	32814	
515	0	32782	
516	0	32770	
517	0	32770	
518	0	32810	
519	0	32894	
520	0	32869	
521	0	32887	
522	0	32796	
523	0	32768	
524	0	32828	
525	0	32821	
526	0	32839	
527	0	32785	
528	0	32809	
529	0	32802	
530	0	32824	
531	0	32754	
532	0	32743	
533	0	32770	
534	0	32716	
535	0	32786	
536	0	32903	
537	0	33020	
538	0	32935	
539	0	32849	
540	0	32687	
541	0	32786	
542	0	32775	
543	0	32848	
544	0	32846	
545	0	32894	
546	0	32890	
547	0	32879	
548	0	32908	
549	0	32870	
550	0	32825	
551	0	32788	
552	0	32806	
553	0	32796	
554	0	32848	
555	0	32869	
556	0	32769	
557	0	32695	
558	0	32716	
559	0	32775	
560	0	32818	
561	0	32811	
562	0	32880	
563	0	32760	
564	0	32775	
565	0	32857	
566	0	32818	
567	0	32808	
568	0	32744	
569	0	32824	
570	0	32822	
571	0	32882	
572	0	32790	
573	0	32775	
574	0	32743	
575	0	32790	
576	0	32780	
577	0	32775	
578	0	32807	
579	0	32743	
580	0	32766	
581	0	32900	
582	0	32690	
583	0	32735	
584	0	32764	
585	0	32850	
586	0	32760	
587	0	32788	
588	0	32826	
589	0	32988	
590	0	32900	
591	0	32850	
592	0	32820	
593	0	32833	
594	0	32842	
595	0	32775	
596	0	32769	
597	0	32813	
598	0	32860	
599	0	32774	
600	0	32711	
601	0	32758	
602	0	32770	
603	0	32738	
604	0	32856	
605	0	32816	
606	0	32775	
607	0	32743	
608	0	32839	
609	0	32786	
610	0	32787	
611	0	32762	
612	0	32775	
613	0	32748	
614	0	32751	
615	0	32775	
616	0	32786	
617	0	32756	
618	0	32672	
619	0	32655	
620	0	32848	
621	0	32843	
622	0	32781	
623	0	32856	
624	0	32881	
625	0	32868	
626	0	32891	
627	0	32859	
628	0	32857	
629	0	32877	
630	0	32925	
631	0	32774	
632	0	32810	
633	0	32813	
634	0	32787	
635	0	32785	
636	0	32831	
637	0	32855	
638	0	32837	
639	0	32856	
640	0	32839	
641	0	32751	
642	0	32767	
643	0	32728	
644	0	32792	
645	0	32836	
646	0	32852	
647	0	32812	
648	0	32761	
649	0	32925	
650	0	32965	
651	0	32876	
652	0	32839	
653	0	32757	
654	0	32815	
655	0	32730	
656	0	32756	
657	0	32804	
658	0	32821	
659	0	32914	
660	0	32831	
661	0	32948	
662	0	32996	
663	0	32916	
664	0	32916	
665	0	32916	
666	0	32930	
667	0	32865	
668	0	32909	
669	0	32902	
670	0	33010	
671	0	32925	
672	0	33031	
673	0	32959	
674	0	32771	
675	0	32775	
676	0	32770	
677	0	32814	
678	0	32804	
679	0	32775	
680	0	32766	
681	0	32743	
682	0	32669	
683	0	32646	
684	0	32551	
685	0	32415	
686	0	32354	
687	0	32351	
688	0	32257	
689	0	32302	
690	0	32333	
691	0	32166	
692	0	32184	
693	0	32204	
694	0	32102	
695	0	32060	
696	0	32124	
697	0	32349	
698	0	32482	
699	0	32582	
700	0	32705	
701	0	32786	
702	0	32839	
703	0	32998	
704	0	33078	
705	0	33083	
706	0	33127	
707	0	33071	
708	0	33127	
709	0	33207	
710	0	33251	
711	0	33301	
712	0	33426	
713	0	33485	
714	0	33538	
715	0	33442	
716	0	33337	
717	0	33279	
718	0	33262	
719	0	33261	
720	0	33220	
721	0	33223	
722	0	33260	
723	0	33270	
724	0	33287	
725	0	33189	
726	0	33066	
727	0	33106	
728	0	33063	
729	0	33011	
730	0	32946	
731	0	32892	
732	0	32844	
733	0	32798	
734	0	32741	
735	0	32767	
736	0	32766	
737	0	32635	
738	0	32689	
739	0	32642	
740	0	32646	
741	0	32660	
742	0	32658	
743	0	32615	
744	0	32598	
745	0	32618	
746	0	32594	
747	0	32761	
748	0	32746	
749	0	32700	
750	0	32655	
751	0	32572	
752	0	32570	
753	0	32633	
754	0	32711	
755	0	32690	
756	0	32793	
757	0	32727	
758	0	32756	
759	0	32775	
760	0	32824	
761	0	32751	
762	0	32797	
763	0	32775	
764	0	32775	
765	0	32770	
766	0	32737	
767	0	32804	
768	0	32799	
769	0	32800	
770	0	32806	
771	0	32882	
772	0	32907	
773	0	32839	
774	0	32739	
775	0	32775	
776	0	32775	
777	0	32756	
778	0	32783	
779	0	32775	
780	0	32789	
781	0	32728	
782	0	32804	
783	0	32754	
784	0	32706	
785	0	32752	
786	0	32716	
787	0	32711	
788	0	32734	
789	0	32804	
790	0	32848	
791	0	32820	
792	0	32890	
793	0	32953	
794	0	32829	
795	0	32796	
796	0	32729	
797	0	32702	
798	0	32878	
799	0	32813	
800	0	32903	
801	0	32902	
802	0	33002	
803	0	32890	
804	0	32869	
805	0	32836	
806	0	32744	
807	0	32752	
808	0	32726	
809	0	32716	
810	0	32749	
811	0	32823	
812	0	32866	
813	0	32855	
814	0	32828	
815	0	32791	
816	0	32849	
817	0	32811	
818	0	32820	
819	0	32756	
820	0	32791	
821	0	32744	
822	0	32743	
823	0	32808	
824	0	32836	
825	0	32839	
826	0	32789	
827	0	32793	
828	0	32827	
829	0	32914	
830	0	32827	
831	0	32815	
832	0	32826	
833	0	32797	
834	0	32865	
835	0	32932	
836	0	32887	
837	0	32957	
838	0	32783	
839	0	32775	
840	0	32757	
841	0	32804	
842	0	32838	
843	0	32789	
844	0	32785	
845	0	32787	
846	0	32812	
847	0	32871	
848	0	32839	
849	0	32892	
850	0	32820	
851	0	32775	
852	0	32822	
853	0	32872	
854	0	32848	
855	0	32851	
856	0	32833	
857	0	32813	
858	0	32804	
859	0	32826	
860	0	32849	
861	0	32838	
862	0	32698	
863	0	32663	
864	0	32764	
865	0	32826	
866	0	32862	
867	0	32818	
868	0	32822	
869	0	32828	
870	0	32847	
871	0	32831	
872	0	32861	
873	0	32896	
874	0	32886	
875	0	32836	
876	0	32860	
877	0	32837	
878	0	32791	
879	0	32724	
880	0	32775	
881	0	32786	
882	0	32856	
883	0	32827	
884	0	32693	
885	0	32757	
886	0	32730	
887	0	32743	
888	0	32768	
889	0	32821	
890	0	32857	
891	0	32928	
892	0	32943	
893	0	32880	
894	0	32839	
895	0	32775	
896	0	32775	
897	0	32818	
898	0	32807	
899	0	32789	
900	0	32921	
901	0	32892	
902	0	32839	
903	0	32749	
904	0	32726	
905	0	32761	
906	0	32695	
907	0	32732	
908	0	32707	
909	0	32742	
910	0	32786	
911	0	32839	
912	0	32775	
913	0	32845	
914	0	32793	
915	0	32775	
916	0	32830	
917	0	32793	
918	0	32789	
919	0	32768	
920	0	32759	
921	0	32774	
922	0	32754	
923	0	32761	
924	0	32881	
925	0	32802	
926	0	32775	
927	0	32775	
928	0	32692	
929	0	32687	
930	0	32685	
931	0	32720	
932	0	32692	
933	0	32826	
934	0	32860	
935	0	32784	
936	0	32794	
937	0	32868	
938	0	32875	
939	0	32728	
940	0	32832	
941	0	32809	
942	0	32711	
943	0	32670	
944	0	32676	
945	0	32745	
946	0	32774	
947	0	32860	
948	0	32839	
949	0	32785	
950	0	32756	
951	0	32792	
952	0	32862	
953	0	32848	
954	0	32839	
955	0	32884	
956	0	32844	
957	0	32732	
958	0	32769	
959	0	32798	
960	0	32796	
961	0	32836	
962	0	32842	
963	0	32819	
964	0	32765	
965	0	32744	
966	0	32798	
967	0	32855	
968	0	32976	
969	0	32987	
970	0	32977	
971	0	32839	
972	0	32830	
973	0	32804	
974	0	32804	
975	0	32842	
976	0	32844	
977	0	32775	
978	0	32812	
979	0	32901	
980	0	32815	
981	0	32698	
982	0	32761	
983	0	32849	
984	0	32792	
985	0	32902	
986	0	32912	
987	0	32850	
988	0	32924	
989	0	32795	
990	0	32789	
991	0	32843	
992	0	32898	
993	0	32865	
994	0	32844	
995	0	32874	
996	0	32847	
997	0	32743	
998	0	32751	
999	0	32718	
1000	0	32722	
1001	0	32850	
1002	0	32877	
1003	0	32864	
1004	0	32816	
1005	0	32738	
1006	0	32854	
1007	0	32808	
1008	0	32775	
1009	0	32812	
1010	0	32813	
1011	0	32870	
1012	0	32850	
1013	0	32938	
1014	0	32897	
1015	0	32816	
1016	0	32863	
1017	0	32805	
1018	0	32903	
1019	0	32844	
1020	0	32783	
1021	0	32764	
1022	0	32829	
1023	0	32839	
1024	0	32719	
1025	0	32704	
1026	0	32764	
1027	0	32800	
1028	0	32760	
1029	0	32875	
1030	0	32860	
1031	0	32864	
1032	0	32831	
1033	0	32866	
1034	0	32833	
1035	0	32790	
1036	0	32754	
1037	0	32824	
1038	0	32839	
1039	0	32764	
1040	0	32814	
1041	0	32771	
1042	0	32784	
1043	0	32871	
1044	0	32887	
1045	0	32820	
1046	0	32821	
1047	0	32786	
1048	0	32923	
1049	0	32874	
1050	0	32813	
1051	0	32735	
1052	0	32710	
1053	0	32804	
1054	0	32775	
1055	0	32889	
1056	0	32798	
1057	0	32743	
1058	0	32711	
1059	0	32775	
1060	0	32793	
1061	0	32729	
1062	0	32762	
1063	0	32775	
1064	0	32813	
1065	0	32903	
1066	0	32948	
1067	0	32871	
1068	0	32876	
1069	0	32800	
1070	0	32784	
1071	0	32711	
1072	0	32739	
1073	0	32770	
1074	0	32900	
1075	0	32871	
1076	0	32938	
1077	0	32807	
1078	0	32863	
1079	0	32951	
1080	0	32980	
1081	0	32896	
1082	0	32788	
1083	0	32680	
1084	0	32685	
1085	0	32657	
1086	0	32732	
1087	0	32708	
1088	0	32681	
1089	0	32801	
1090	0	32736	
1091	0	32791	
1092	0	32854	
1093	0	32855	
1094	0	32799	
1095	0	32775	
1096	0	32809	
1097	0	32839	
1098	0	32858	
1099	0	32903	
1100	0	32700	
1101	0	32824	
1102	0	32884	
1103	0	32774	
1104	0	32762	
1105	0	32830	
1106	0	32782	
1107	0	32762	
1108	0	32744	
1109	0	32756	
1110	0	32849	
1111	0	32859	
1112	0	32900	
1113	0	32865	
1114	0	32904	
1115	0	32888	
1116	0	32790	
1117	0	32845	
1118	0	32839	
1119	0	32902	
1120	0	32809	
1121	0	32902	
1122	0	32752	
1123	0	32716	
1124	0	32696	
1125	0	32756	
1126	0	32723	
1127	0	32862	
1128	0	32845	
1129	0	32812	
1130	0	32843	
1131	0	32825	
1132	0	32795	
1133	0	32852	
1134	0	32858	
1135	0	32845	
1136	0	32813	
1137	0	32836	
1138	0	32792	
1139	0	32722	
1140	0	32765	
1141	0	32752	
1142	0	32764	
1143	0	32772	
1144	0	32770	
1145	0	32717	
1146	0	32864	
1147	0	32856	
1148	0	32884	
1149	0	32940	
1150	0	32866	
1151	0	32711	
1152	0	32747	
1153	0	32796	
1154	0	32836	
1155	0	32858	
1156	0	32775	
1157	0	32848	
1158	0	32916	
1159	0	32866	
1160	0	32715	
1161	0	32690	
1162	0	32725	
1163	0	32801	
1164	0	32832	
1165	0	32809	
1166	0	32927	
1167	0	32962	
1168	0	32887	
1169	0	32839	
1170	0	32740	
1171	0	32754	
1172	0	32805	
1173	0	32866	
1174	0	32817	
1175	0	32884	
1176	0	32912	
1177	0	32898	
1178	0	32695	
1179	0	32775	
1180	0	32755	
1181	0	32761	
1182	0	32830	
1183	0	32805	
1184	0	32775	
1185	0	32793	
1186	0	32818	
1187	0	32845	
1188	0	32764	
1189	0	32790	
1190	0	32710	
1191	0	32736	
1192	0	32786	
1193	0	32967	
1194	0	33135	
1195	0	33024	
1196	0	32729	
1197	0	32668	
1198	0	32785	
1199	0	32824	
1200	0	32834	
1201	0	32807	
1202	0	32927	
1203	0	32857	
1204	0	32892	
1205	0	32900	
1206	0	32775	
1207	0	32892	
1208	0	32945	
1209	0	32961	
1210	0	32895	
1211	0	32818	
1212	0	32886	
1213	0	32843	
1214	0	32748	
1215	0	32670	
1216	0	32642	
1217	0	32538	
1218	0	32538	
1219	0	32581	
1220	0	32576	
1221	0	32637	
1222	0	32704	
1223	0	32796	
1224	0	32786	
1225	0	32919	
1226	0	32973	
1227	0	32944	
1228	0	32775	
1229	0	32721	
1230	0	32749	
1231	0	32850	
1232	0	32870	
1233	0	32865	
1234	0	32802	
1235	0	32857	
1236	0	32869	
1237	0	32801	
1238	0	32804	
1239	0	32837	
1240	0	32836	
1241	0	32813	
1242	0	32802	
1243	0	32706	
1244	0	32733	
1245	0	32748	
1246	0	32697	
1247	0	32808	
1248	0	32838	
1249	0	32829	
1250	0	32839	
1251	0	32871	
1252	0	32872	
1253	0	32808	
1254	0	32854	
1255	0	32834	
1256	0	32824	
1257	0	32922	
1258	0	32966	
1259	0	32876	
1260	0	32892	
1261	0	32861	
1262	0	32890	
1263	0	32871	
1264	0	32891	
1265	0	32900	
1266	0	32849	
1267	0	32763	
1268	0	32741	
1269	0	32759	
1270	0	32735	
1271	0	32704	
1272	0	32717	
1273	0	32689	
1274	0	32743	
1275	0	32792	
1276	0	32871	
1277	0	32866	
1278	0	32874	
1279	0	32884	
1280	0	32698	
1281	0	32687	
1282	0	32676	
1283	0	32770	
1284	0	32825	
1285	0	32820	
1286	0	32864	
1287	0	32768	
1288	0	32808	
1289	0	32882	
1290	0	32852	
1291	0	32815	
1292	0	32913	
1293	0	32845	
1294	0	32745	
1295	0	32824	
1296	0	32874	
1297	0	32849	
1298	0	32799	
1299	0	32864	
1300	0	33016	
1301	0	32825	
1302	0	32737	
1303	0	32808	
1304	0	32711	
1305	0	32742	
1306	0	32784	
1307	0	32711	
1308	0	32757	
1309	0	32839	
1310	0	32924	
1311	0	32985	
1312	0	32943	
1313	0	32919	
1314	0	32787	
1315	0	32672	
1316	0	32623	
1317	0	32534	
1318	0	32643	
1319	0	32608	
1320	0	32697	
1321	0	32766	
1322	0	32872	
1323	0	32812	
1324	0	32744	
1325	0	32749	
1326	0	32796	
1327	0	32804	
1328	0	32742	
1329	0	32768	
1330	0	32798	
1331	0	32832	
1332	0	32866	
1333	0	32967	
1334	0	32943	
1335	0	32946	
1336	0	32861	
1337	0	32775	
1338	0	32679	
1339	0	32679	
1340	0	32832	
1341	0	32894	
1342	0	32919	
1343	0	32993	
1344	0	32916	
1345	0	32850	
1346	0	32801	
1347	0	32805	
1348	0	32730	
1349	0	32684	
1350	0	32732	
1351	0	32876	
1352	0	32861	
1353	0	32859	
1354	0	32928	
1355	0	32823	
1356	0	32877	
1357	0	32837	
1358	0	32837	
1359	0	32726	
1360	0	32687	
1361	0	32718	
1362	0	32710	
1363	0	32696	
1364	0	32854	
1365	0	32817	
1366	0	32803	
1367	0	32773	
1368	0	32826	
1369	0	32837	
1370	0	32940	
1371	0	32894	
1372	0	32864	
1373	0	33028	
1374	0	32980	
1375	0	32978	
1376	0	33028	
1377	0	32935	
1378	0	32912	
1379	0	32893	
1380	0	32888	
1381	0	32895	
1382	0	32993	
1383	0	32935	
1384	0	32934	
1385	0	32925	
1386	0	32936	
1387	0	32900	
1388	0	32765	
1389	0	32792	
1390	0	32768	
1391	0	32795	
1392	0	32658	
1393	0	32711	
1394	0	32647	
1395	0	32447	
1396	0	32356	
1397	0	32319	
1398	0	32334	
1399	0	32229	
1400	0	32244	
1401	0	32150	
1402	0	32168	
1403	0	32147	
1404	0	32036	
1405	0	32017	
1406	0	32117	
1407	0	32314	
1408	0	32425	
1409	0	32584	
1410	0	32590	
1411	0	32808	
1412	0	32848	
1413	0	32820	
1414	0	32775	
1415	0	32807	
1416	0	33063	
1417	0	33111	
1418	0	33159	
1419	0	33325	
1420	0	33292	
1421	0	33245	
1422	0	33320	
1423	0	33369	
1424	0	33436	
1425	0	33494	
1426	0	33407	
1427	0	33322	
1428	0	33335	
1429	0	33300	
1430	0	33272	
1431	0	33271	
1432	0	33185	
1433	0	33298	
1434	0	33392	
1435	0	33254	
1436	0	33112	
1437	0	33012	
1438	0	33092	
1439	0	32936	
1440	0	32928	
1441	0	32882	
1442	0	32918	
1443	0	32918	
1444	0	32848	
1445	0	32892	
1446	0	32880	
1447	0	32806	
1448	0	32754	
1449	0	32698	
1450	0	32739	
1451	0	32656	
1452	0	32598	
1453	0	32620	
1454	0	32629	
1455	0	32487	
1456	0	32470	
1457	0	32505	
1458	0	32460	
1459	0	32508	
1460	0	32559	
1461	0	32475	
1462	0	32594	
1463	0	32764	
1464	0	32975	
1465	0	32857	
1466	0	32799	
1467	0	32787	
1468	0	32676	
1469	0	32728	
1470	0	32734	
1471	0	32765	
1472	0	32808	
1473	0	32743	
1474	0	32792	
1475	0	32757	
1476	0	32679	
1477	0	32735	
1478	0	32871	
1479	0	32834	
1480	0	32775	
1481	0	32859	
1482	0	32930	
1483	0	32968	
1484	0	33068	
1485	0	32980	
1486	0	32807	
1487	0	32575	
1488	0	32653	
1489	0	32637	
1490	0	32636	
1491	0	32652	
1492	0	32727	
1493	0	32736	
1494	0	32722	
1495	0	32692	
1496	0	32684	
1497	0	32817	
1498	0	32831	
1499	0	32865	
1500	0	32767	
1501	0	32745	
1502	0	32794	
1503	0	32807	
1504	0	32853	
1505	0	32873	
1506	0	32847	
1507	0	32791	
1508	0	32839	
1509	0	32892	
1510	0	32958	
1511	0	32983	
1512	0	32928	
1513	0	32844	
1514	0	32876	
1515	0	32745	
1516	0	32725	
1517	0	32631	
1518	0	32672	
1519	0	32726	
1520	0	32775	
1521	0	32772	
1522	0	32805	
1523	0	32850	
1524	0	32844	
1525	0	32820	
1526	0	32802	
1527	0	32796	
1528	0	32834	
1529	0	32839	
1530	0	32837	
1531	0	32772	
1532	0	32761	
1533	0	32864	
1534	0	32813	
1535	0	32816	
1536	0	32805	
1537	0	32825	
1538	0	32966	
1539	0	32986	
1540	0	32960	
1541	0	32922	
1542	0	32931	
1543	0	32853	
1544	0	32790	
1545	0	32792	
1546	0	32847	
1547	0	32806	
1548	0	32731	
1549	0	32704	
1550	0	32630	
1551	0	32643	
1552	0	32836	
1553	0	32832	
1554	0	32852	
1555	0	32866	
1556	0	32706	
1557	0	32656	
1558	0	32711	
1559	0	32898	
1560	0	32921	
1561	0	32914	
1562	0	32997	
1563	0	32961	
1564	0	32912	
1565	0	32970	
1566	0	32988	
1567	0	32857	
1568	0	32679	
1569	0	32701	
1570	0	32775	
1571	0	32826	
1572	0	32909	
1573	0	32799	
1574	0	32720	
1575	0	32688	
1576	0	32703	
1577	0	32756	
1578	0	32801	
1579	0	32796	
1580	0	32758	
1581	0	32798	
1582	0	32801	
1583	0	32829	
1584	0	32878	
1585	0	32837	
1586	0	32830	
1587	0	32877	
1588	0	32826	
1589	0	32807	
1590	0	32772	
1591	0	32717	
1592	0	32810	
1593	0	32937	
1594	0	33042	
1595	0	33120	
1596	0	33075	
1597	0	32944	
1598	0	32864	
1599	0	32771	
1600	0	32647	
1601	0	32696	
1602	0	32621	
1603	0	32687	
1604	0	32647	
1605	0	32589	
1606	0	32540	
1607	0	32683	
1608	0	32706	
1609	0	32698	
1610	0	32722	
1611	0	32691	
1612	0	32711	
1613	0	32710	
1614	0	32810	
1615	0	32873	
1616	0	32868	
1617	0	32876	
1618	0	32914	
1619	0	32834	
1620	0	32848	
1621	0	32852	
1622	0	32881	
1623	0	32884	
1624	0	32853	
1625	0	32863	
1626	0	32884	
1627	0	32793	
1628	0	32735	
1629	0	32775	
1630	0	32808	
1631	0	32775	
1632	0	32689	
1633	0	32658	
1634	0	32654	
1635	0	32764	
1636	0	32800	
1637	0	32819	
1638	0	32791	
1639	0	32763	
1640	0	32813	
1641	0	32868	
1642	0	32858	
1643	0	32821	
1644	0	32737	
1645	0	32775	
1646	0	32732	
1647	0	32770	
1648	0	32795	
1649	0	32792	
1650	0	32720	
1651	0	32834	
1652	0	32930	
1653	0	33156	
1654	0	33071	
1655	0	32911	
1656	0	32925	
1657	0	32652	
1658	0	32497	
1659	0	32717	
1660	0	32691	
1661	0	32764	
1662	0	32775	
1663	0	32761	
1664	0	32628	
1665	0	32626	
1666	0	32754	
1667	0	32743	
1668	0	32768	
1669	0	32804	
1670	0	32753	
1671	0	32795	
1672	0	32818	
1673	0	32814	
1674	0	32889	
1675	0	32992	
1676	0	32925	
1677	0	32869	
1678	0	32853	
1679	0	32863	
1680	0	32853	
1681	0	32836	
1682	0	32765	
1683	0	32812	
1684	0	32876	
1685	0	32876	
1686	0	32829	
1687	0	32821	
1688	0	32847	
1689	0	32830	
1690	0	32775	
1691	0	32765	
1692	0	32850	
1693	0	32864	
1694	0	32874	
1695	0	32738	
1696	0	32856	
1697	0	32835	
1698	0	32883	
1699	0	32958	
1700	0	32798	
1701	0	32800	
1702	0	32848	
1703	0	32839	
1704	0	32866	
1705	0	32847	
1706	0	32871	
1707	0	32886	
1708	0	32788	
1709	0	32775	
1710	0	32805	
1711	0	32826	
1712	0	32763	
1713	0	32680	
1714	0	32727	
1715	0	32759	
1716	0	32856	
1717	0	32887	
1718	0	32850	
1719	0	32834	
1720	0	32869	
1721	0	32888	
1722	0	32807	
1723	0	32880	
1724	0	32865	
1725	0	32844	
1726	0	32756	
1727	0	32792	
1728	0	32750	
1729	0	32823	
1730	0	32906	
1731	0	32824	
1732	0	32813	
1733	0	32768	
1734	0	32786	
1735	0	32774	
1736	0	32761	
1737	0	32705	
1738	0	32800	
1739	0	32743	
1740	0	32815	
1741	0	32893	
1742	0	32831	
1743	0	32824	
1744	0	32798	
1745	0	32758	
1746	0	32760	
1747	0	32857	
1748	0	32850	
1749	0	32874	
1750	0	32866	
1751	0	32886	
1752	0	32842	
1753	0	32829	
1754	0	32870	
1755	0	32836	
1756	0	32813	
1757	0	32784	
1758	0	32823	
1759	0	32769	
1760	0	32784	
1761	0	32738	
1762	0	32760	
1763	0	32850	
1764	0	32861	
1765	0	32890	
1766	0	32809	
1767	0	32760	
1768	0	32879	
1769	0	32839	
1770	0	32823	
1771	0	32807	
1772	0	32871	
1773	0	32896	
1774	0	32935	
1775	0	32856	
1776	0	32818	
1777	0	32724	
1778	0	32717	
1779	0	32711	
1780	0	32618	
1781	0	32628	
1782	0	32625	
1783	0	32769	
1784	0	32713	
1785	0	32928	
1786	0	33222	
1787	0	33238	
1788	0	33175	
1789	0	33042	
1790	0	32773	
1791	0	32474	
1792	0	32570	
1793	0	32715	
1794	0	32831	
1795	0	32775	
1796	0	32647	
1797	0	32562	
1798	0	32418	
1799	0	32583	
1800	0	32647	
1801	0	32758	
1802	0	32816	
1803	0	32887	
1804	0	32989	
1805	0	32909	
1806	0	32891	
1807	0	32839	
1808	0	32868	
1809	0	32845	
1810	0	32762	
1811	0	32821	
1812	0	32819	
1813	0	32793	
1814	0	32868	
1815	0	32858	
1816	0	32868	
1817	0	32807	
1818	0	32845	
1819	0	32879	
1820	0	32808	
1821	0	32816	
1822	0	32903	
1823	0	32747	
1824	0	32850	
1825	0	32822	
1826	0	32885	
1827	0	32900	
1828	0	32823	
1829	0	32775	
1830	0	32722	
1831	0	32752	
1832	0	32756	
1833	0	32731	
1834	0	32755	
1835	0	32842	
1836	0	32767	
1837	0	32804	
1838	0	32903	
1839	0	32824	
1840	0	32897	
1841	0	32967	
1842	0	32909	
1843	0	32756	
1844	0	32775	
1845	0	32825	
1846	0	32866	
1847	0	32871	
1848	0	32751	
1849	0	32576	
1850	0	32505	
1851	0	32518	
1852	0	32762	
1853	0	32839	
1854	0	32974	
1855	0	33050	
1856	0	32985	
1857	0	32861	
1858	0	32921	
1859	0	32966	
1860	0	32967	
1861	0	32929	
1862	0	32839	
1863	0	32857	
1864	0	32828	
1865	0	32924	
1866	0	32869	
1867	0	32566	
1868	0	32469	
1869	0	32663	
1870	0	32820	
1871	0	32724	
1872	0	32647	
1873	0	32772	
1874	0	32727	
1875	0	32756	
1876	0	32855	
1877	0	32855	
1878	0	32967	
1879	0	32857	
1880	0	32821	
1881	0	32772	
1882	0	32647	
1883	0	32734	
1884	0	32856	
1885	0	32775	
1886	0	32723	
1887	0	32832	
1888	0	32775	
1889	0	32804	
1890	0	32775	
1891	0	32804	
1892	0	32791	
1893	0	32807	
1894	0	32918	
1895	0	32972	
1896	0	32941	
1897	0	32883	
1898	0	32945	
1899	0	32850	
1900	0	32851	
1901	0	32796	
1902	0	32815	
1903	0	32784	
1904	0	32751	
1905	0	32749	
1906	0	32757	
1907	0	32870	
1908	0	32833	
1909	0	32759	
1910	0	32786	
1911	0	32902	
1912	0	32803	
1913	0	32773	
1914	0	32672	
1915	0	32764	
1916	0	32772	
1917	0	32723	
1918	0	32751	
1919	0	32808	
1920	0	32783	
1921	0	32818	
1922	0	32919	
1923	0	33004	
1924	0	32989	
1925	0	32879	
1926	0	32796	
1927	0	32775	
1928	0	32752	
1929	0	32743	
1930	0	32870	
1931	0	32868	
1932	0	32870	
1933	0	32791	
1934	0	32736	
1935	0	32809	
1936	0	32754	
1937	0	32839	
1938	0	32914	
1939	0	32884	
1940	0	32768	
1941	0	32743	
1942	0	32679	
1943	0	32850	
1944	0	32838	
1945	0	32710	
1946	0	32748	
1947	0	32630	
1948	0	32655	
1949	0	32782	
1950	0	32775	
1951	0	32864	
1952	0	32886	
1953	0	32775	
1954	0	32576	
1955	0	32670	
1956	0	32743	
1957	0	32812	
1958	0	32908	
1959	0	33004	
1960	0	32858	
1961	0	32933	
1962	0	32991	
1963	0	33190	
1964	0	33074	
1965	0	32914	
1966	0	32774	
1967	0	32586	
1968	0	32645	
1969	0	32884	
1970	0	32967	
1971	0	32775	
1972	0	32751	
1973	0	32817	
1974	0	32685	
1975	0	32754	
1976	0	32872	
1977	0	32909	
1978	0	32967	
1979	0	32799	
1980	0	32749	
1981	0	32706	
1982	0	32629	
1983	0	32542	
1984	0	32594	
1985	0	32590	
1986	0	32647	
1987	0	32742	
1988	0	32831	
1989	0	32835	
1990	0	32872	
1991	0	32849	
1992	0	32970	
1993	0	33009	
1994	0	32932	
1995	0	32930	
1996	0	32967	
1997	0	32865	
1998	0	32803	
1999	0	32852	
2000	0	32845	
2001	0	32919	
2002	0	32894	
2003	0	32873	
2004	0	32877	
2005	0	32873	
2006	0	32832	
2007	0	32785	
2008	0	32805	
2009	0	32831	
2010	0	32997	
2011	0	32972	
2012	0	33028	
2013	0	33150	
2014	0	32825	
2015	0	32450	
2016	0	32568	
2017	0	32533	
2018	0	32386	
2019	0	32451	
2020	0	32549	
2021	0	32722	
2022	0	32743	
2023	0	32717	
2024	0	32512	
2025	0	32700	
2026	0	33342	
2027	0	33659	
2028	0	33799	
2029	0	33639	
2030	0	33460	
2031	0	33397	
2032	0	33384	
2033	0	33082	
2034	0	32824	
2035	0	32561	
2036	0	31800	
2037	0	30775	
2038	0	31252	
2039	0	31936	
2040	0	32130	
2041	0	32032	
2042	0	32600	
2043	0	33872	
2044	0	33647	
2045	0	33393	
2046	0	34622	
2047	0	35240	
2048	0	35162	
2049	0	34095	
2050	0	32583	
2051	0	31230	
2052	0	30787	
2053	0	30772	
2054	0	30798	
2055	0	30396	
2056	0	30287	
2057	0	30336	
2058	0	30847	
2059	0	31949	
2060	0	32869	
2061	0	33303	
2062	0	33330	
2063	0	33230	
2064	0	33484	
2065	0	34204	
2066	0	34375	
2067	0	34709	
2068	0	34406	
2069	0	34120	
2070	0	33788	
2071	0	33302	
2072	0	33085	
2073	0	33309	
2074	0	33790	
2075	0	33798	
2076	0	32804	
2077	0	32176	
2078	0	32108	
2079	0	32276	
2080	0	32444	
2081	0	32570	
2082	0	32565	
2083	0	32676	
2084	0	32747	
2085	0	32542	
2086	0	32610	
2087	0	32741	
2088	0	32759	
2089	0	32870	
2090	0	32884	
2091	0	32925	
2092	0	33343	
2093	0	33610	
2094	0	33695	
2095	0	33475	
2096	0	33354	
2097	0	33350	
2098	0	32816	
2099	0	32711	
2100	0	32743	
2101	0	33011	
2102	0	32892	
2103	0	32726	
2104	0	31938	
2105	0	31266	
2106	0	31666	
2107	0	32596	
2108	0	32692	
2109	0	33253	
2110	0	34019	
2111	0	34349	
2112	0	34509	
2113	0	35152	
2114	0	35989	
2115	0	35233	
2116	0	34290	
2117	0	35783	
2118	0	36552	
2119	0	35879	
2120	0	33847	
2121	0	30614	
2122	0	27312	
2123	0	24489	
2124	0	23748	
2125	0	24462	
2126	0	25347	
2127	0	26518	
2128	0	27764	
2129	0	29166	
2130	0	30703	
2131	0	32428	
2132	0	33121	
2133	0	33943	
2134	0	34658	
2135	0	35753	
2136	0	37149	
2137	0	37999	
2138	0	38259	
2139	0	37528	
2140	0	36163	
2141	0	34540	
2142	0	33415	
2143	0	32749	
2144	0	32609	
2145	0	32594	
2146	0	32679	
2147	0	32859	
2148	0	32933	
2149	0	32807	
2150	0	33012	
2151	0	33135	
2152	0	33431	
2153	0	33439	
2154	0	33494	
2155	0	33648	
2156	0	33532	
2157	0	33338	
2158	0	33438	
2159	0	33485	
2160	0	33476	
2161	0	33503	
2162	0	33360	
2163	0	33068	
2164	0	32983	
2165	0	33177	
2166	0	33318	
2167	0	32872	
2168	0	32708	
2169	0	32915	
2170	0	32309	
2171	0	31911	
2172	0	30356	
2173	0	29644	
2174	0	32086	
2175	0	38005	
2176	0	44768	
2177	0	48187	
2178	0	45204	
2179	0	37714	
2180	0	30154	
2181	0	24807	
2182	0	22841	
2183	0	22077	
2184	0	22245	
2185	0	23139	
2186	0	24071	
2187	0	25765	
2188	0	29666	
2189	0	30656	
2190	0	32415	
2191	0	35668	
2192	0	38330	
2193	0	41488	
2194	0	41932	
2195	0	38036	
2196	0	35501	
2197	0	33215	
2198	0	34167	
2199	0	34063	
2200	0	36553	
2201	0	38101	
2202	0	36807	
2203	0	33090	
2204	0	27858	
2205	0	23748	
2206	0	23028	
2207	0	24406	
2208	0	25916	
2209	0	27646	
2210	0	29202	
2211	0	29561	
2212	0	30097	
2213	0	31383	
2214	0	31322	
2215	0	32034	
2216	0	32452	
2217	0	33607	
2218	0	35040	
2219	0	35783	
2220	0	36188	
2221	0	36700	
2222	0	36897	
2223	0	37332	
2224	0	37004	
2225	0	35798	
2226	0	34647	
2227	0	34205	
2228	0	33397	
2229	0	30960	
2230	0	31670	
2231	0	33826	
2232	0	36162	
2233	0	37465	
2234	0	36735	
2235	0	34780	
2236	0	34048	
2237	0	32171	
2238	0	32451	
2239	0	32690	
2240	0	32616	
2241	0	32210	
2242	0	31565	
2243	0	31517	
2244	0	31746	
2245	0	31432	
2246	0	31372	
2247	0	31418	
2248	0	31493	
2249	0	31104	
2250	0	30305	
2251	0	30887	
2252	0	32124	
2253	0	33812	
2254	0	34821	
2255	0	34045	
2256	0	32690	
2257	0	32015	
2258	0	31623	
2259	0	31602	
2260	0	31298	
2261	0	31490	
2262	0	33085	
2263	0	33115	
2264	0	33025	
2265	0	34443	
2266	0	35292	
2267	0	35118	
2268	0	34598	
2269	0	33892	
2270	0	32954	
2271	0	32694	
2272	0	32552	
2273	0	32297	
2274	0	31938	
2275	0	31751	
2276	0	31784	
2277	0	31679	
2278	0	31706	
2279	0	32076	
2280	0	32196	
2281	0	31667	
2282	0	32263	
2283	0	33861	
2284	0	35164	
2285	0	35588	
2286	0	35612	
2287	0	34765	
2288	0	34567	
2289	0	33953	
2290	0	34910	
2291	0	35186	
2292	0	35357	
2293	0	37368	
2294	0	38996	
2295	0	36726	
2296	0	33760	
2297	0	30536	
2298	0	29170	
2299	0	27200	
2300	0	25324	
2301	0	24384	
2302	0	23559	
2303	0	24322	
2304	0	26530	
2305	0	28377	
2306	0	29922	
2307	0	30458	
2308	0	31135	
2309	0	31956	
2310	0	33049	
2311	0	34356	
2312	0	34783	
2313	0	37447	
2314	0	39687	
2315	0	39600	
2316	0	40007	
2317	0	40308	
2318	0	39570	
2319	0	37244	
2320	0	35241	
2321	0	33022	
2322	0	31646	
2323	0	31053	
2324	0	30119	
2325	0	28864	
2326	0	28436	
2327	0	28738	
2328	0	28532	
2329	0	29191	
2330	0	29498	
2331	0	30919	
2332	0	32438	
2333	0	33114	
2334	0	33350	
2335	0	33420	
2336	0	33520	
2337	0	33287	
2338	0	34725	
2339	0	36626	
2340	0	39026	
2341	0	39303	
2342	0	40807	
2343	0	42790	
2344	0	41910	
2345	0	37429	
2346	0	33217	
2347	0	29521	
2348	0	26564	
2349	0	26228	
2350	0	25236	
2351	0	24949	
2352	0	24922	
2353	0	25000	
2354	0	26582	
2355	0	28140	
2356	0	29618	
2357	0	30877	
2358	0	30690	
2359	0	29088	
2360	0	28600	
2361	0	29495	
2362	0	32231	
2363	0	35084	
2364	0	38908	
2365	0	40821	
2366	0	42284	
2367	0	43005	
2368	0	43308	
2369	0	43004	
2370	0	40066	
2371	0	36086	
2372	0	31414	
2373	0	28724	
2374	0	27634	
2375	0	27089	
2376	0	26896	
2377	0	26887	
2378	0	27583	
2379	0	29033	
2380	0	30405	
2381	0	31295	
2382	0	35334	
2383	0	34750	
2384	0	32921	
2385	0	32461	
2386	0	40788	
2387	0	47238	
2388	0	46289	
2389	0	44062	
2390	0	39477	
2391	0	32530	
2392	0	26368	
2393	0	22240	
2394	0	19916	
2395	0	19175	
2396	0	19152	
2397	0	20168	
2398	0	23668	
2399	0	26881	
2400	0	28376	
2401	0	30727	
2402	0	32033	
2403	0	32386	
2404	0	33671	
2405	0	34916	
2406	0	36228	
2407	0	37997	
2408	0	39495	
2409	0	39940	
2410	0	39644	
2411	0	37668	
2412	0	36199	
2413	0	36152	
2414	0	35579	
2415	0	34036	
2416	0	33853	
2417	0	34148	
2418	0	33989	
2419	0	33780	
2420	0	33545	
2421	0	32664	
2422	0	31908	
2423	0	31654	
2424	0	31836	
2425	0	32060	
2426	0	32529	
2427	0	32247	
2428	0	32069	
2429	0	32658	
2430	0	33835	
2431	0	34615	
2432	0	34636	
2433	0	33750	
2434	0	32527	
2435	0	31934	
2436	0	32518	
2437	0	33071	
2438	0	32391	
2439	0	31372	
2440	0	31916	
2441	0	33662	
2442	0	34387	
2443	0	34972	
2444	0	35024	
2445	0	34604	
2446	0	35092	
2447	0	34418	
2448	0	34189	
2449	0	35059	
2450	0	33735	
2451	0	32307	
2452	0	31117	
2453	0	31444	
2454	0	30598	
2455	0	31152	
2456	0	34296	
2457	0	33716	
2458	0	31577	
2459	0	29639	
2460	0	28521	
2461	0	26571	
2462	0	25702	
2463	0	25159	
2464	0	29731	
2465	0	31527	
2466	0	31555	
2467	0	31208	
2468	0	32401	
2469	0	32439	
2470	0	32489	
2471	0	31366	
2472	0	32940	
2473	0	37116	
2474	0	38960	
2475	0	38880	
2476	0	38127	
2477	0	36039	
2478	0	32847	
2479	0	31444	
2480	0	31008	
2481	0	30615	
2482	0	30375	
2483	0	31175	
2484	0	31941	
2485	0	35198	
2486	0	37284	
2487	0	38172	
2488	0	38514	
2489	0	35704	
2490	0	33053	
2491	0	30367	
2492	0	30834	
2493	0	32877	
2494	0	34482	
2495	0	34531	
2496	0	33175	
2497	0	31283	
2498	0	29744	
2499	0	27943	
2500	0	26588	
2501	0	26547	
2502	0	28491	
2503	0	29981	
2504	0	30803	
2505	0	32454	
2506	0	33732	
2507	0	35157	
2508	0	37339	
2509	0	38215	
2510	0	38407	
2511	0	37620	
2512	0	38010	
2513	0	41528	
2514	0	40855	
2515	0	36255	
2516	0	30923	
2517	0	27180	
2518	0	26054	
2519	0	26262	
2520	0	26388	
2521	0	26634	
2522	0	28201	
2523	0	30640	
2524	0	33569	
2525	0	32081	
2526	0	33196	
2527	0	33957	
2528	0	34182	
2529	0	34412	
2530	0	35389	
2531	0	41318	
2532	0	43514	
2533	0	41503	
2534	0	36268	
2535	0	29063	
2536	0	27168	
2537	0	29013	
2538	0	30950	
2539	0	34893	
2540	0	36752	
2541	0	35133	
2542	0	32592	
2543	0	28832	
2544	0	27867	
2545	0	28248	
2546	0	26780	
2547	0	26418	
2548	0	25082	
2549	0	27212	
2550	0	36268	
2551	0	38299	
2552	0	36948	
2553	0	35777	
2554	0	36903	
2555	0	35417	
2556	0	32507	
2557	0	28846	
2558	0	24666	
2559	0	25135	
2560	0	27088	
2561	0	29624	
2562	0	31087	
2563	0	32340	
2564	0	32852	
2565	0	34298	
2566	0	35088	
2567	0	35966	
2568	0	35808	
2569	0	37100	
2570	0	37708	
2571	0	36758	
2572	0	34566	
2573	0	33085	
2574	0	33319	
2575	0	33130	
2576	0	34050	
2577	0	34860	
2578	0	35256	
2579	0	36306	
2580	0	37797	
2581	0	40248	
2582	0	39346	
2583	0	34268	
2584	0	29360	
2585	0	26636	
2586	0	25620	
2587	0	25557	
2588	0	26644	
2589	0	28155	
2590	0	29485	
2591	0	30481	
2592	0	31318	
2593	0	32245	
2594	0	33664	
2595	0	34896	
2596	0	36212	
2597	0	38366	
2598	0	39402	
2599	0	40433	
2600	0	41532	
2601	0	39885	
2602	0	38854	
2603	0	39431	
2604	0	35591	
2605	0	30324	
2606	0	28368	
2607	0	25778	
2608	0	24301	
2609	0	22134	
2610	0	20957	
2611	0	22146	
2612	0	23086	
2613	0	24199	
2614	0	26776	
2615	0	30301	
2616	0	32604	
2617	0	35805	
2618	0	36459	
2619	0	38988	
2620	0	40839	
2621	0	41288	
2622	0	41082	
2623	0	40297	
2624	0	43244	
2625	0	41377	
2626	0	36516	
2627	0	32439	
2628	0	31484	
2629	0	33874	
2630	0	34650	
2631	0	33536	
2632	0	28922	
2633	0	27802	
2634	0	28285	
2635	0	27201	
2636	0	23873	
2637	0	23452	
2638	0	25981	
2639	0	29120	
2640	0	30113	
2641	0	30132	
2642	0	31254	
2643	0	32878	
2644	0	35762	
2645	0	36299	
2646	0	36035	
2647	0	36854	
2648	0	36543	
2649	0	37895	
2650	0	38791	
2651	0	45528	
2652	0	46627	
2653	0	39898	
2654	0	32050	
2655	0	30215	
2656	0	29852	
2657	0	28592	
2658	0	25712	
2659	0	21869	
2660	0	19549	
2661	0	19376	
2662	0	20996	
2663	0	22906	
2664	0	25848	
2665	0	28935	
2666	0	31919	
2667	0	34454	
2668	0	36200	
2669	0	37856	
2670	0	39271	
2671	0	40576	
2672	0	42020	
2673	0	44499	
2674	0	45186	
2675	0	44509	
2676	0	40792	
2677	0	36930	
2678	0	36740	
2679	0	34329	
2680	0	31002	
2681	0	31226	
2682	0	30258	
2683	0	27250	
2684	0	26473	
2685	0	26375	
2686	0	24863	
2687	0	23895	
2688	0	24794	
2689	0	26386	
2690	0	29016	
2691	0	31346	
2692	0	33505	
2693	0	34727	
2694	0	35742	
2695	0	35904	
2696	0	36646	
2697	0	42938	
2698	0	46033	
2699	0	40332	
2700	0	32999	
2701	0	32823	
2702	0	35012	
2703	0	36260	
2704	0	34712	
2705	0	31455	
2706	0	28264	
2707	0	27472	
2708	0	29335	
2709	0	30592	
2710	0	30293	
2711	0	28807	
2712	0	27650	
2713	0	27858	
2714	0	28679	
2715	0	28687	
2716	0	28748	
2717	0	29515	
2718	0	31154	
2719	0	33436	
2720	0	38638	
2721	0	43714	
2722	0	48952	
2723	0	45432	
2724	0	41212	
2725	0	46569	
2726	0	53146	
2727	0	51840	
2728	0	44160	
2729	0	24581	
2730	0	14591	
2731	0	10194	
2732	0	9511	
2733	0	11320	
2734	0	12506	
2735	0	15130	
2736	0	18684	
2737	0	21673	
2738	0	24160	
2739	0	28174	
2740	0	32953	
2741	0	38104	
2742	0	41373	
2743	0	42812	
2744	0	45850	
2745	0	52512	
2746	0	54592	
2747	0	49505	
2748	0	41200	
2749	0	34290	
2750	0	31341	
2751	0	30672	
2752	0	30240	
2753	0	31778	
2754	0	33387	
2755	0	31173	
2756	0	29031	
2757	0	27668	
2758	0	29950	
2759	0	27644	
2760	0	25383	
2761	0	24094	
2762	0	27404	
2763	0	27796	
2764	0	27353	
2765	0	27736	
2766	0	29405	
2767	0	33260	
2768	0	36290	
2769	0	39604	
2770	0	41202	
2771	0	40711	
2772	0	44272	
2773	0	43367	
2774	0	44141	
2775	0	43246	
2776	0	38268	
2777	0	33532	
2778	0	29135	
2779	0	24706	
2780	0	21904	
2781	0	21940	
2782	0	23292	
2783	0	25061	
2784	0	26380	
2785	0	27352	
2786	0	28573	
2787	0	29554	
2788	0	30440	
2789	0	31661	
2790	0	33101	
2791	0	35232	
2792	0	36639	
2793	0	38798	
2794	0	41488	
2795	0	40912	
2796	0	40492	
2797	0	37808	
2798	0	38540	
2799	0	38654	
2800	0	38184	
2801	0	40784	
2802	0	43389	
2803	0	37682	
2804	0	31129	
2805	0	23300	
2806	0	22734	
2807	0	26523	
2808	0	30164	
2809	0	30708	
2810	0	28838	
2811	0	27701	
2812	0	26159	
2813	0	29603	
2814	0	31405	
2815	0	33620	
2816	0	33927	
2817	0	30743	
2818	0	27232	
2819	0	25071	
2820	0	25462	
2821	0	30921	
2822	0	34380	
2823	0	40380	
2824	0	45862	
2825	0	50966	
2826	0	49992	
2827	0	49456	
2828	0	41757	
2829	0	33428	
2830	0	22490	
2831	0	14233	
2832	0	11168	
2833	0	11927	
2834	0	13791	
2835	0	17705	
2836	0	21670	
2837	0	24108	
2838	0	26388	
2839	0	29015	
2840	0	32297	
2841	0	35486	
2842	0	37529	
2843	0	39362	
2844	0	41430	
2845	0	43878	
2846	0	42856	
2847	0	41043	
2848	0	41456	
2849	0	42418	
2850	0	42439	
2851	0	41109	
2852	0	38644	
2853	0	36774	
2854	0	35228	
2855	0	34074	
2856	0	32770	
2857	0	32042	
2858	0	31757	
2859	0	31558	
2860	0	31529	
2861	0	31742	
2862	0	31991	
2863	0	32620	
2864	0	32423	
2865	0	31654	
2866	0	31652	
2867	0	32808	
2868	0	33634	
2869	0	33757	
2870	0	34681	
2871	0	34540	
2872	0	33370	
2873	0	31399	
2874	0	31110	
2875	0	32135	
2876	0	32012	
2877	0	31543	
2878	0	30705	
2879	0	32480	
2880	0	32316	
2881	0	29979	
2882	0	30927	
2883	0	37138	
2884	0	41604	
2885	0	47084	
2886	0	53069	
2887	0	48007	
2888	0	36608	
2889	0	26866	
2890	0	19238	
2891	0	14115	
2892	0	14554	
2893	0	16841	
2894	0	17551	
2895	0	17415	
2896	0	17408	
2897	0	20041	
2898	0	23787	
2899	0	27638	
2900	0	30824	
2901	0	33396	
2902	0	37805	
2903	0	44316	
2904	0	48671	
2905	0	50232	
2906	0	48882	
2907	0	43249	
2908	0	40638	
2909	0	41607	
2910	0	45312	
2911	0	43489	
2912	0	34779	
2913	0	26064	
2914	0	22284	
2915	0	21152	
2916	0	21591	
2917	0	21553	
2918	0	22189	
2919	0	24276	
2920	0	26780	
2921	0	28135	
2922	0	30342	
2923	0	32623	
2924	0	35053	
2925	0	37299	
2926	0	39366	
2927	0	41024	
2928	0	50152	
2929	0	52904	
2930	0	45575	
2931	0	39384	
2932	0	33594	
2933	0	30679	
2934	0	27593	
2935	0	27503	
2936	0	28692	
2937	0	28646	
2938	0	28432	
2939	0	27044	
2940	0	25904	
2941	0	28423	
2942	0	31089	
2943	0	33095	
2944	0	34641	
2945	0	41958	
2946	0	41809	
2947	0	35420	
2948	0	29807	
2949	0	26263	
2950	0	25551	
2951	0	28362	
2952	0	32284	
2953	0	35696	
2954	0	34490	
2955	0	30727	
2956	0	30215	
2957	0	28665	
2958	0	26656	
2959	0	25392	
2960	0	27378	
2961	0	30813	
2962	0	30988	
2963	0	34317	
2964	0	36465	
2965	0	37601	
2966	0	41542	
2967	0	47721	
2968	0	56936	
2969	0	56644	
2970	0	53735	
2971	0	50104	
2972	0	22096	
2973	0	11686	
2974	0	8603	
2975	0	9122	
2976	0	12270	
2977	0	17090	
2978	0	21736	
2979	0	25776	
2980	0	29626	
2981	0	32098	
2982	0	34722	
2983	0	37776	
2984	0	39069	
2985	0	47076	
2986	0	48460	
2987	0	43832	
2988	0	37818	
2989	0	39047	
2990	0	36366	
2991	0	33100	
2992	0	30679	
2993	0	29091	
2994	0	28438	
2995	0	27847	
2996	0	27213	
2997	0	28287	
2998	0	29454	
2999	0	30489	
3000	0	31259	
3001	0	31740	
3002	0	33204	
3003	0	34240	
3004	0	34148	
3005	0	35250	
3006	0	35353	
3007	0	38953	
3008	0	43628	
3009	0	46759	
3010	0	43975	
3011	0	42514	
3012	0	43485	
3013	0	39458	
3014	0	31996	
3015	0	22424	
3016	0	18020	
3017	0	19079	
3018	0	21096	
3019	0	22221	
3020	0	21412	
3021	0	21204	
3022	0	22256	
3023	0	24753	
3024	0	27257	
3025	0	31239	
3026	0	35194	
3027	0	39208	
3028	0	41970	
3029	0	41549	
3030	0	40412	
3031	0	40973	
3032	0	44724	
3033	0	48552	
3034	0	49168	
3035	0	43589	
3036	0	38128	
3037	0	32196	
3038	0	26970	
3039	0	24904	
3040	0	23796	
3041	0	25743	
3042	0	28596	
3043	0	33562	
3044	0	37580	
3045	0	40202	
3046	0	41066	
3047	0	40479	
3048	0	34157	
3049	0	30978	
3050	0	23003	
3051	0	16540	
3052	0	11641	
3053	0	13545	
3054	0	15249	
3055	0	18600	
3056	0	22084	
3057	0	25810	
3058	0	29186	
3059	0	30950	
3060	0	32575	
3061	0	35277	
3062	0	37336	
3063	0	38759	
3064	0	39970	
3065	0	43578	
3066	0	45703	
3067	0	49760	
3068	0	52452	
3069	0	50306	
3070	0	41518	
3071	0	35110	
3072	0	31860	
3073	0	31982	
3074	0	29636	
3075	0	27714	
3076	0	27384	
3077	0	26790	
3078	0	27374	
3079	0	28146	
3080	0	28430	
3081	0	28913	
3082	0	29465	
3083	0	29823	
3084	0	38028	
3085	0	56100	
3086	0	58084	
3087	0	55106	
3088	0	36192	
3089	0	28796	
3090	0	22202	
3091	0	15876	
3092	0	11984	
3093	0	13127	
3094	0	17426	
3095	0	22426	
3096	0	26574	
3097	0	29929	
3098	0	31512	
3099	0	31329	
3100	0	31782	
3101	0	33774	
3102	0	36190	
3103	0	38910	
3104	0	43430	
3105	0	52824	
3106	0	59644	
3107	0	54876	
3108	0	42606	
3109	0	31718	
3110	0	24800	
3111	0	23315	
3112	0	23251	
3113	0	24877	
3114	0	25597	
3115	0	25260	
3116	0	25696	
3117	0	25850	
3118	0	27304	
3119	0	28846	
3120	0	29282	
3121	0	30200	
3122	0	34695	
3123	0	38628	
3124	0	40381	
3125	0	43480	
3126	0	49600	
3127	0	56625	
3128	0	55129	
3129	0	43136	
3130	0	28088	
3131	0	23112	
3132	0	21958	
3133	0	18114	
3134	0	15480	
3135	0	14831	
3136	0	16137	
3137	0	18082	
3138	0	20967	
3139	0	23682	
3140	0	27730	
3141	0	31600	
3142	0	34166	
3143	0	36496	
3144	0	39484	
3145	0	43260	
3146	0	48722	
3147	0	47684	
3148	0	42119	
3149	0	35826	
3150	0	32168	
3151	0	30113	
3152	0	29723	
3153	0	30061	
3154	0	30940	
3155	0	32071	
3156	0	32412	
3157	0	33405	
3158	0	34085	
3159	0	34273	
3160	0	33961	
3161	0	37613	
3162	0	53135	
3163	0	55708	
3164	0	47530	
3165	0	34456	
3166	0	25468	
3167	0	19630	
3168	0	18084	
3169	0	19783	
3170	0	21754	
3171	0	23582	
3172	0	26276	
3173	0	28933	
3174	0	30840	
3175	0	30206	
3176	0	30938	
3177	0	31942	
3178	0	35108	
3179	0	40058	
3180	0	47876	
3181	0	50531	
3182	0	51308	
3183	0	49529	
3184	0	37186	
3185	0	26648	
3186	0	22830	
3187	0	20229	
3188	0	21591	
3189	0	22002	
3190	0	22950	
3191	0	23546	
3192	0	24001	
3193	0	24886	
3194	0	26183	
3195	0	28007	
3196	0	29738	
3197	0	32622	
3198	0	36562	
3199	0	39591	
3200	0	40249	
3201	0	40028	
3202	0	39335	
3203	0	38828	
3204	0	38380	
3205	0	38484	
3206	0	36224	
3207	0	33775	
3208	0	32089	
3209	0	32583	
3210	0	37114	
3211	0	39672	
3212	0	37228	
3213	0	36056	
3214	0	39256	
3215	0	36547	
3216	0	31480	
3217	0	27037	
3218	0	26130	
3219	0	25182	
3220	0	28162	
3221	0	32988	
3222	0	33479	
3223	0	35224	
3224	0	34864	
3225	0	30300	
3226	0	24469	
3227	0	22519	
3228	0	24545	
3229	0	26452	
3230	0	27721	
3231	0	28707	
3232	0	30877	
3233	0	32834	
3234	0	37494	
3235	0	40348	
3236	0	36446	
3237	0	34843	
3238	0	34397	
3239	0	37761	
3240	0	41243	
3241	0	41188	
3242	0	37807	
3243	0	36854	
3244	0	32706	
3245	0	28390	
3246	0	27857	
3247	0	36610	
3248	0	44730	
3249	0	39844	
3250	0	32263	
3251	0	26476	
3252	0	25412	
3253	0	29572	
3254	0	30794	
3255	0	30780	
3256	0	29092	
3257	0	31975	
3258	0	34832	
3259	0	32728	
3260	0	28924	
3261	0	30668	
3262	0	29300	
3263	0	25968	
3264	0	24794	
3265	0	24069	
3266	0	24997	
3267	0	25662	
3268	0	28576	
3269	0	30704	
3270	0	33959	
3271	0	35238	
3272	0	34814	
3273	0	34326	
3274	0	34716	
3275	0	36120	
3276	0	38342	
3277	0	38566	
3278	0	37992	
3279	0	41658	
3280	0	45464	
3281	0	47276	
3282	0	42886	
3283	0	36556	
3284	0	31644	
3285	0	27915	
3286	0	25782	
3287	0	25520	
3288	0	26800	
3289	0	28534	
3290	0	29897	
3291	0	30432	
3292	0	28896	
3293	0	29942	
3294	0	31600	
3295	0	33254	
3296	0	34333	
3297	0	35791	
3298	0	39782	
3299	0	45655	
3300	0	43807	
3301	0	38023	
3302	0	33271	
3303	0	28601	
3304	0	25687	
3305	0	26557	
3306	0	29501	
3307	0	29254	
3308	0	28833	
3309	0	31378	
3310	0	45256	
3311	0	54428	
3312	0	51784	
3313	0	39696	
3314	0	40988	
3315	0	35069	
3316	0	23686	
3317	0	16397	
3318	0	12644	
3319	0	11755	
3320	0	13733	
3321	0	16924	
3322	0	19796	
3323	0	21508	
3324	0	22461	
3325	0	25633	
3326	0	28728	
3327	0	32096	
3328	0	34988	
3329	0	37947	
3330	0	39848	
3331	0	41470	
3332	0	43404	
3333	0	44720	
3334	0	45661	
3335	0	48394	
3336	0	49951	
3337	0	45672	
3338	0	39418	
3339	0	35368	
3340	0	32639	
3341	0	32600	
3342	0	32065	
3343	0	31607	
3344	0	29809	
3345	0	29469	
3346	0	32840	
3347	0	33920	
3348	0	33309	
3349	0	27099	
3350	0	21972	
3351	0	21650	
3352	0	23576	
3353	0	25752	
3354	0	29115	
3355	0	30565	
3356	0	32024	
3357	0	32722	
3358	0	36080	
3359	0	40343	
3360	0	49048	
3361	0	55656	
3362	0	51534	
3363	0	41506	
3364	0	31262	
3365	0	24999	
3366	0	29202	
3367	0	29661	
3368	0	26296	
3369	0	22912	
3370	0	19637	
3371	0	17370	
3372	0	18176	
3373	0	21149	
3374	0	23334	
3375	0	24618	
3376	0	26527	
3377	0	29721	
3378	0	32670	
3379	0	35896	
3380	0	38132	
3381	0	40492	
3382	0	42247	
3383	0	41519	
3384	0	39476	
3385	0	37508	
3386	0	37202	
3387	0	39145	
3388	0	42322	
3389	0	42563	
3390	0	42560	
3391	0	41396	
3392	0	40996	
3393	0	41523	
3394	0	39074	
3395	0	32500	
3396	0	24357	
3397	0	18670	
3398	0	16789	
3399	0	18672	
3400	0	21287	
3401	0	23623	
3402	0	25880	
3403	0	27282	
3404	0	28738	
3405	0	29947	
3406	0	30107	
3407	0	31584	
3408	0	33779	
3409	0	36072	
3410	0	37641	
3411	0	42300	
3412	0	47948	
3413	0	54359	
3414	0	51449	
3415	0	41916	
3416	0	33479	
3417	0	33843	
3418	0	42671	
3419	0	41842	
3420	0	30596	
3421	0	22512	
3422	0	18755	
3423	0	18216	
3424	0	17577	
3425	0	18318	
3426	0	20741	
3427	0	24633	
3428	0	27470	
3429	0	29185	
3430	0	30542	
3431	0	30953	
3432	0	31453	
3433	0	31740	
3434	0	32798	
3435	0	34066	
3436	0	35682	
3437	0	37328	
3438	0	40631	
3439	0	46371	
3440	0	50806	
3441	0	55888	
3442	0	56022	
3443	0	53549	
3444	0	50852	
3445	0	48462	
3446	0	44943	
3447	0	39248	
3448	0	23030	
3449	0	5221	
3450	0	26	
3451	0	19	
3452	0	2409	
3453	0	6762	
3454	0	10396	
3455	0	13462	
3456	0	21918	
3457	0	27729	
3458	0	31917	
3459	0	34674	
3460	0	36934	
3461	0	37910	
3462	0	38767	
3463	0	40930	
3464	0	42537	
3465	0	43794	
3466	0	44536	
3467	0	44576	
3468	0	43818	
3469	0	42468	
3470	0	40810	
3471	0	39094	
3472	0	37868	
3473	0	36937	
3474	0	37298	
3475	0	39556	
3476	0	50033	
3477	0	54240	
3478	0	52085	
3479	0	43176	
3480	0	32420	
3481	0	25093	
3482	0	20818	
3483	0	18324	
3484	0	15100	
3485	0	13292	
3486	0	13243	
3487	0	15239	
3488	0	19730	
3489	0	23845	
3490	0	26985	
3491	0	29398	
3492	0	32016	
3493	0	34069	
3494	0	35672	
3495	0	37981	
3496	0	40748	
3497	0	45600	
3498	0	50994	
3499	0	58434	
3500	0	56951	
3501	0	53888	
3502	0	51060	
3503	0	26003	
3504	0	19097	
3505	0	27434	
3506	0	35622	
3507	0	30824	
3508	0	25540	
3509	0	15509	
3510	0	11372	
3511	0	9388	
3512	0	9276	
3513	0	11884	
3514	0	16737	
3515	0	20212	
3516	0	23606	
3517	0	27495	
3518	0	32685	
3519	0	36960	
3520	0	40839	
3521	0	44935	
3522	0	46279	
3523	0	47268	
3524	0	47060	
3525	0	46614	
3526	0	45044	
3527	0	46116	
3528	0	49946	
3529	0	47495	
3530	0	39564	
3531	0	31334	
3532	0	26053	
3533	0	23294	
3534	0	22561	
3535	0	25030	
3536	0	27180	
3537	0	29606	
3538	0	33997	
3539	0	34110	
3540	0	31808	
3541	0	28724	
3542	0	26662	
3543	0	27941	
3544	0	31111	
3545	0	33644	
3546	0	34946	
3547	0	35100	
3548	0	34917	
3549	0	34860	
3550	0	41244	
3551	0	45913	
3552	0	42493	
3553	0	36571	
3554	0	28926	
3555	0	23007	
3556	0	20328	
3557	0	21119	
3558	0	23577	
3559	0	25859	
3560	0	28649	
3561	0	30740	
3562	0	31235	
3563	0	31806	
3564	0	34562	
3565	0	39333	
3566	0	38380	
3567	0	35143	
3568	0	34167	
3569	0	37276	
3570	0	37072	
3571	0	34988	
3572	0	34332	
3573	0	37459	
3574	0	38108	
3575	0	36122	
3576	0	35172	
3577	0	36935	
3578	0	36455	
3579	0	37236	
3580	0	39098	
3581	0	41349	
3582	0	46774	
3583	0	45484	
3584	0	36938	
3585	0	23876	
3586	0	13938	
3587	0	8201	
3588	0	6717	
3589	0	9797	
3590	0	15751	
3591	0	21868	
3592	0	27832	
3593	0	31566	
3594	0	32308	
3595	0	32415	
3596	0	34294	
3597	0	38514	
3598	0	43912	
3599	0	45600	
3600	0	45300	
3601	0	44834	
3602	0	41318	
3603	0	33420	
3604	0	28594	
3605	0	30376	
3606	0	33686	
3607	0	35298	
3608	0	35533	
3609	0	37444	
3610	0	38690	
3611	0	35110	
3612	0	35318	
3613	0	44118	
3614	0	51496	
3615	0	43922	
3616	0	30833	
3617	0	19828	
3618	0	14303	
3619	0	13694	
3620	0	15956	
3621	0	19329	
3622	0	23108	
3623	0	26212	
3624	0	28334	
3625	0	30500	
3626	0	31367	
3627	0	33712	
3628	0	36980	
3629	0	39317	
3630	0	43417	
3631	0	44767	
3632	0	42055	
3633	0	40031	
3634	0	44576	
3635	0	50540	
3636	0	50106	
3637	0	39808	
3638	0	28020	
3639	0	21983	
3640	0	21111	
3641	0	21241	
3642	0	21051	
3643	0	21032	
3644	0	22433	
3645	0	24447	
3646	0	27812	
3647	0	30670	
3648	0	31512	
3649	0	32194	
3650	0	33031	
3651	0	34097	
3652	0	35244	
3653	0	36506	
3654	0	37181	
3655	0	37801	
3656	0	38246	
3657	0	38237	
3658	0	38390	
3659	0	40088	
3660	0	43496	
3661	0	49968	
3662	0	54330	
3663	0	52760	
3664	0	41001	
3665	0	29024	
3666	0	21702	
3667	0	19588	
3668	0	20830	
3669	0	27143	
3670	0	28908	
3671	0	25423	
3672	0	20166	
3673	0	18880	
3674	0	20657	
3675	0	20402	
3676	0	20144	
3677	0	23621	
3678	0	27944	
3679	0	32722	
3680	0	33916	
3681	0	32852	
3682	0	33265	
3683	0	36640	
3684	0	38464	
3685	0	39693	
3686	0	40846	
3687	0	42528	
3688	0	54186	
3689	0	58871	
3690	0	56092	
3691	0	53008	
3692	0	50316	
3693	0	25666	
3694	0	15484	
3695	0	11719	
3696	0	10988	
3697	0	11105	
3698	0	13376	
3699	0	16797	
3700	0	21638	
3701	0	23516	
3702	0	25550	
3703	0	26965	
3704	0	29490	
3705	0	32562	
3706	0	35015	
3707	0	37120	
3708	0	39714	
3709	0	41384	
3710	0	43013	
3711	0	44109	
3712	0	42701	
3713	0	40112	
3714	0	39016	
3715	0	40484	
3716	0	44030	
3717	0	43458	
3718	0	40471	
3719	0	39788	
3720	0	41693	
3721	0	45836	
3722	0	50780	
3723	0	45654	
3724	0	29684	
3725	0	14744	
3726	0	5838	
3727	0	3792	
3728	0	7727	
3729	0	13761	
3730	0	18812	
3731	0	23613	
3732	0	27066	
3733	0	29108	
3734	0	30662	
3735	0	33612	
3736	0	36116	
3737	0	38064	
3738	0	39566	
3739	0	40745	
3740	0	40710	
3741	0	40337	
3742	0	40217	
3743	0	40016	
3744	0	39533	
3745	0	38719	
3746	0	38546	
3747	0	39661	
3748	0	45460	
3749	0	44750	
3750	0	41095	
3751	0	36743	
3752	0	36354	
3753	0	31815	
3754	0	27485	
3755	0	28328	
3756	0	32444	
3757	0	31061	
3758	0	27040	
3759	0	27451	
3760	0	25749	
3761	0	22494	
3762	0	21678	
3763	0	22352	
3764	0	27908	
3765	0	29924	
3766	0	27981	
3767	0	25288	
3768	0	25622	
3769	0	27613	
3770	0	29367	
3771	0	30572	
3772	0	31429	
3773	0	33072	
3774	0	36071	
3775	0	39337	
3776	0	40498	
3777	0	38249	
3778	0	36007	
3779	0	35783	
3780	0	40324	
3781	0	42365	
3782	0	42994	
3783	0	43252	
3784	0	45232	
3785	0	46768	
3786	0	44967	
3787	0	39490	
3788	0	30656	
3789	0	21744	
3790	0	17022	
3791	0	15709	
3792	0	13510	
3793	0	12949	
3794	0	14781	
3795	0	18601	
3796	0	22849	
3797	0	28688	
3798	0	34269	
3799	0	43173	
3800	0	51280	
3801	0	48576	
3802	0	43706	
3803	0	40678	
3804	0	36242	
3805	0	31956	
3806	0	30808	
3807	0	31719	
3808	0	32484	
3809	0	32136	
3810	0	31298	
3811	0	31209	
3812	0	30142	
3813	0	30472	
3814	0	31224	
3815	0	32701	
3816	0	33693	
3817	0	34492	
3818	0	34698	
3819	0	35072	
3820	0	38144	
3821	0	45312	
3822	0	46372	
3823	0	42276	
3824	0	39290	
3825	0	36377	
3826	0	37060	
3827	0	38962	
3828	0	33185	
3829	0	23462	
3830	0	16898	
3831	0	14830	
3832	0	15712	
3833	0	18974	
3834	0	22099	
3835	0	23465	
3836	0	25700	
3837	0	29137	
3838	0	33614	
3839	0	37612	
3840	0	38992	
3841	0	42670	
3842	0	45127	
3843	0	44368	
3844	0	46364	
3845	0	53072	
3846	0	55512	
3847	0	53074	
3848	0	50440	
3849	0	30045	
3850	0	15006	
3851	0	8334	
3852	0	9401	
3853	0	12707	
3854	0	14614	
3855	0	16698	
3856	0	19194	
3857	0	21403	
3858	0	23785	
3859	0	26989	
3860	0	29774	
3861	0	33266	
3862	0	36935	
3863	0	40022	
3864	0	41645	
3865	0	42140	
3866	0	44304	
3867	0	44246	
3868	0	49068	
3869	0	54790	
3870	0	51316	
3871	0	46592	
3872	0	47085	
3873	0	41991	
3874	0	30500	
3875	0	20828	
3876	0	17012	
3877	0	15456	
3878	0	21446	
3879	0	25426	
3880	0	24580	
3881	0	22718	
3882	0	22429	
3883	0	24628	
3884	0	27299	
3885	0	29670	
3886	0	31846	
3887	0	35625	
3888	0	38454	
3889	0	42210	
3890	0	41805	
3891	0	43960	
3892	0	49026	
3893	0	47909	
3894	0	40933	
3895	0	32768	
3896	0	25892	
3897	0	22300	
3898	0	22075	
3899	0	23544	
3900	0	24858	
3901	0	25509	
3902	0	26601	
3903	0	29258	
3904	0	32148	
3905	0	32975	
3906	0	32381	
3907	0	34974	
3908	0	38137	
3909	0	43704	
3910	0	52306	
3911	0	53427	
3912	0	45746	
3913	0	37756	
3914	0	32468	
3915	0	30810	
3916	0	27850	
3917	0	21162	
3918	0	17073	
3919	0	17816	
3920	0	24280	
3921	0	30778	
3922	0	32636	
3923	0	31212	
3924	0	30023	
3925	0	29936	
3926	0	29506	
3927	0	28804	
3928	0	29340	
3929	0	31913	
3930	0	37378	
3931	0	45097	
3932	0	48720	
3933	0	41990	
3934	0	32813	
3935	0	28378	
3936	0	28348	
3937	0	30940	
3938	0	31453	
3939	0	30947	
3940	0	31160	
3941	0	30956	
3942	0	35465	
3943	0	39597	
3944	0	41146	
3945	0	47408	
3946	0	49784	
3947	0	41154	
3948	0	31648	
3949	0	25479	
3950	0	21330	
3951	0	17354	
3952	0	18777	
3953	0	24978	
3954	0	26374	
3955	0	27919	
3956	0	28358	
3957	0	25670	
3958	0	23559	
3959	0	23936	
3960	0	27559	
3961	0	34102	
3962	0	37485	
3963	0	39981	
3964	0	41896	
3965	0	43753	
3966	0	39340	
3967	0	35180	
3968	0	32632	
3969	0	33810	
3970	0	35885	
3971	0	34162	
3972	0	31520	
3973	0	30181	
3974	0	30819	
3975	0	32812	
3976	0	35714	
3977	0	36522	
3978	0	34810	
3979	0	33236	
3980	0	34374	
3981	0	35424	
3982	0	35964	
3983	0	37750	
3984	0	39446	
3985	0	37641	
3986	0	37371	
3987	0	37791	
3988	0	44800	
3989	0	45446	
3990	0	38938	
3991	0	28988	
3992	0	21456	
3993	0	16428	
3994	0	15937	
3995	0	16607	
3996	0	19857	
3997	0	25180	
3998	0	27132	
3999	0	26104	
4000	0	26736	
4001	0	30700	
4002	0	32839	
4003	0	36593	
4004	0	40908	
4005	0	41011	
4006	0	40261	
4007	0	44288	
4008	0	46650	
4009	0	42232	
4010	0	35501	
4011	0	29350	
4012	0	30601	
4013	0	38937	
4014	0	40857	
4015	0	31316	
4016	0	20399	
4017	0	16391	
4018	0	18174	
4019	0	23808	
4020	0	29287	
4021	0	32510	
4022	0	35420	
4023	0	37894	
4024	0	40966	
4025	0	48735	
4026	0	52860	
4027	0	43972	
4028	0	30970	
4029	0	22308	
4030	0	21906	
4031	0	22922	
4032	0	24941	
4033	0	27755	
4034	0	28514	
4035	0	30040	
4036	0	29004	
4037	0	28090	
4038	0	26728	
4039	0	27398	
4040	0	32049	
4041	0	38704	
4042	0	38764	
4043	0	41680	
4044	0	41532	
4045	0	42311	
4046	0	40616	
4047	0	39372	
4048	0	38557	
4049	0	36871	
4050	0	40440	
4051	0	36144	
4052	0	26894	
4053	0	19552	
4054	0	16956	
4055	0	19079	
4056	0	23692	
4057	0	26252	
4058	0	27401	
4059	0	28525	
4060	0	30076	
4061	0	31263	
4062	0	32396	
4063	0	34156	
4064	0	36073	
4065	0	39968	
4066	0	48342	
4067	0	53188	
4068	0	55760	
4069	0	49001	
4070	0	38976	
4071	0	29018	
4072	0	21172	
4073	0	17636	
4074	0	18618	
4075	0	22072	
4076	0	29160	
4077	0	31724	
4078	0	34569	
4079	0	34109	
4080	0	35632	
4081	0	36104	
4082	0	36997	
4083	0	40110	
4084	0	41010	
4085	0	36954	
4086	0	35487	
4087	0	39694	
4088	0	37212	
4089	0	29336	
4090	0	22768	
4091	0	21236	
4092	0	25490	
4093	0	28793	
4094	0	25847	
4095	0	23128	
4096	0	22798	
4097	0	24418	
4098	0	27460	
4099	0	30811	
4100	0	34695	
4101	0	38421	
4102	0	37033	
4103	0	33792	
4104	0	34068	
4105	0	38821	
4106	0	43597	
4107	0	43902	
4108	0	39943	
4109	0	34775	
4110	0	31381	
4111	0	29661	
4112	0	27474	
4113	0	27566	
4114	0	30628	
4115	0	34100	
4116	0	42636	
4117	0	44523	
4118	0	40477	
4119	0	33328	
4120	0	26998	
4121	0	24972	
4122	0	25190	
4123	0	26991	
4124	0	29284	
4125	0	31683	
4126	0	31878	
4127	0	32186	
4128	0	36469	
4129	0	45212	
4130	0	51796	
4131	0	53029	
4132	0	47687	
4133	0	34426	
4134	0	22794	
4135	0	16108	
4136	0	14050	
4137	0	15039	
4138	0	19038	
4139	0	24881	
4140	0	28984	
4141	0	34050	
4142	0	39507	
4143	0	37858	
4144	0	31216	
4145	0	33056	
4146	0	38418	
4147	0	36013	
4148	0	31289	
4149	0	31832	
4150	0	35660	
4151	0	37646	
4152	0	40452	
4153	0	41248	
4154	0	37842	
4155	0	31460	
4156	0	24805	
4157	0	22951	
4158	0	25084	
4159	0	28679	
4160	0	28551	
4161	0	27568	
4162	0	28045	
4163	0	32412	
4164	0	33991	
4165	0	35320	
4166	0	35744	
4167	0	44080	
4168	0	49623	
4169	0	45839	
4170	0	36958	
4171	0	28966	
4172	0	26802	
4173	0	30551	
4174	0	36626	
4175	0	36695	
4176	0	35330	
4177	0	30898	
4178	0	26118	
4179	0	26445	
4180	0	28273	
4181	0	30540	
4182	0	30362	
4183	0	29131	
4184	0	27258	
4185	0	26837	
4186	0	27154	
4187	0	26694	
4188	0	26448	
4189	0	27653	
4190	0	29684	
4191	0	32090	
4192	0	34414	
4193	0	35606	
4194	0	37561	
4195	0	39677	
4196	0	40248	
4197	0	41062	
4198	0	41086	
4199	0	42130	
4200	0	49014	
4201	0	52212	
4202	0	45632	
4203	0	42482	
4204	0	37902	
4205	0	33084	
4206	0	25576	
4207	0	17779	
4208	0	12025	
4209	0	10253	
4210	0	13571	
4211	0	20366	
4212	0	28504	
4213	0	31454	
4214	0	30412	
4215	0	28998	
4216	0	29575	
4217	0	32576	
4218	0	43015	
4219	0	47370	
4220	0	44268	
4221	0	38727	
4222	0	36352	
4223	0	35676	
4224	0	33437	
4225	0	31070	
4226	0	29202	
4227	0	29048	
4228	0	30012	
4229	0	30882	
4230	0	31905	
4231	0	34109	
4232	0	41094	
4233	0	46784	
4234	0	45676	
4235	0	43366	
4236	0	39480	
4237	0	40720	
4238	0	43655	
4239	0	37319	
4240	0	23670	
4241	0	11821	
4242	0	6993	
4243	0	8136	
4244	0	12290	
4245	0	17663	
4246	0	22582	
4247	0	27687	
4248	0	32978	
4249	0	38011	
4250	0	43330	
4251	0	45486	
4252	0	46617	
4253	0	52684	
4254	0	56868	
4255	0	56679	
4256	0	46977	
4257	0	32404	
4258	0	20892	
4259	0	15619	
4260	0	14355	
4261	0	15812	
4262	0	18210	
4263	0	21077	
4264	0	23826	
4265	0	27097	
4266	0	30113	
4267	0	31933	
4268	0	33311	
4269	0	35392	
4270	0	39994	
4271	0	45408	
4272	0	47106	
4273	0	50914	
4274	0	50680	
4275	0	45196	
4276	0	35968	
4277	0	28858	
4278	0	26400	
4279	0	25607	
4280	0	23758	
4281	0	22972	
4282	0	23414	
4283	0	24960	
4284	0	26400	
4285	0	27691	
4286	0	30279	
4287	0	33849	
4288	0	34164	
4289	0	34241	
4290	0	37732	
4291	0	46500	
4292	0	58064	
4293	0	57413	
4294	0	54353	
4295	0	48960	
4296	0	37180	
4297	0	22980	
4298	0	12686	
4299	0	7150	
4300	0	6988	
4301	0	11696	
4302	0	18258	
4303	0	23330	
4304	0	29425	
4305	0	34438	
4306	0	33445	
4307	0	30599	
4308	0	29042	
4309	0	29358	
4310	0	31037	
4311	0	40472	
4312	0	52645	
4313	0	60738	
4314	0	54682	
4315	0	53122	
4316	0	53857	
4317	0	45176	
4318	0	31516	
4319	0	18101	
4320	0	13807	
4321	0	15545	
4322	0	14712	
4323	0	12994	
4324	0	13527	
4325	0	15960	
4326	0	20074	
4327	0	24918	
4328	0	28884	
4329	0	31636	
4330	0	34454	
4331	0	37240	
4332	0	38976	
4333	0	43078	
4334	0	47812	
4335	0	50034	
4336	0	47284	
4337	0	41944	
4338	0	38450	
4339	0	36878	
4340	0	35749	
4341	0	36022	
4342	0	33343	
4343	0	29668	
4344	0	28203	
4345	0	28812	
4346	0	28057	
4347	0	27287	
4348	0	27601	
4349	0	28592	
4350	0	29998	
4351	0	31483	
4352	0	32860	
4353	0	33914	
4354	0	34986	
4355	0	37758	
4356	0	47856	
4357	0	53812	
4358	0	52568	
4359	0	50806	
4360	0	44128	
4361	0	40105	
4362	0	29154	
4363	0	24837	
4364	0	21984	
4365	0	16017	
4366	0	11967	
4367	0	10577	
4368	0	12752	
4369	0	15780	
4370	0	17961	
4371	0	20503	
4372	0	24007	
4373	0	26547	
4374	0	28954	
4375	0	32440	
4376	0	44516	
4377	0	51496	
4378	0	48468	
4379	0	45251	
4380	0	45154	
4381	0	45740	
4382	0	45762	
4383	0	47270	
4384	0	48444	
4385	0	46121	
4386	0	35734	
4387	0	23512	
4388	0	15046	
4389	0	13478	
4390	0	15438	
4391	0	18172	
4392	0	20965	
4393	0	26465	
4394	0	31612	
4395	0	33356	
4396	0	32089	
4397	0	30484	
4398	0	28852	
4399	0	29210	
4400	0	35054	
4401	0	37644	
4402	0	38812	
4403	0	38608	
4404	0	37746	
4405	0	36489	
4406	0	35924	
4407	0	37682	
4408	0	37494	
4409	0	35982	
4410	0	34170	
4411	0	33998	
4412	0	37252	
4413	0	38440	
4414	0	36487	
4415	0	37090	
4416	0	39632	
4417	0	43944	
4418	0	45696	
4419	0	42128	
4420	0	32971	
4421	0	23554	
4422	0	18950	
4423	0	19104	
4424	0	21300	
4425	0	23864	
4426	0	25682	
4427	0	26780	
4428	0	26576	
4429	0	26258	
4430	0	27170	
4431	0	29376	
4432	0	30471	
4433	0	31278	
4434	0	36577	
4435	0	47017	
4436	0	59802	
4437	0	58887	
4438	0	55576	
4439	0	43336	
4440	0	27368	
4441	0	21234	
4442	0	23334	
4443	0	23224	
4444	0	17353	
4445	0	14958	
4446	0	16276	
4447	0	18511	
4448	0	20391	
4449	0	22358	
4450	0	24886	
4451	0	27768	
4452	0	31453	
4453	0	34226	
4454	0	37047	
4455	0	39224	
4456	0	39956	
4457	0	39796	
4458	0	39156	
4459	0	38556	
4460	0	39662	
4461	0	39912	
4462	0	38722	
4463	0	37654	
4464	0	39016	
4465	0	53456	
4466	0	56718	
4467	0	54112	
4468	0	51304	
4469	0	48854	
4470	0	43768	
4471	0	16006	
4472	0	7791	
4473	0	2060	
4474	0	1455	
4475	0	3574	
4476	0	7528	
4477	0	11025	
4478	0	14004	
4479	0	22149	
4480	0	27780	
4481	0	33575	
4482	0	37833	
4483	0	40644	
4484	0	42732	
4485	0	44523	
4486	0	45864	
4487	0	46087	
4488	0	45982	
4489	0	45223	
4490	0	43696	
4491	0	42048	
4492	0	40560	
4493	0	39384	
4494	0	40519	
4495	0	39924	
4496	0	37112	
4497	0	34872	
4498	0	32376	
4499	0	30189	
4500	0	29069	
4501	0	30263	
4502	0	35607	
4503	0	43406	
4504	0	41976	
4505	0	35909	
4506	0	30104	
4507	0	23572	
4508	0	17926	
4509	0	15077	
4510	0	16064	
4511	0	20780	
4512	0	28812	
4513	0	36271	
4514	0	38559	
4515	0	39047	
4516	0	36988	
4517	0	33205	
4518	0	33359	
4519	0	32727	
4520	0	28550	
4521	0	26735	
4522	0	28327	
4523	0	35392	
4524	0	39520	
4525	0	40674	
4526	0	39224	
4527	0	33471	
4528	0	33972	
4529	0	37092	
4530	0	34854	
4531	0	30276	
4532	0	28392	
4533	0	26854	
4534	0	24966	
4535	0	24162	
4536	0	25983	
4537	0	31826	
4538	0	34429	
4539	0	31446	
4540	0	27498	
4541	0	26292	
4542	0	31904	
4543	0	38098	
4544	0	42934	
4545	0	42071	
4546	0	35854	
4547	0	31794	
4548	0	29084	
4549	0	28574	
4550	0	29639	
4551	0	31908	
4552	0	33701	
4553	0	37271	
4554	0	45016	
4555	0	52380	
4556	0	49844	
4557	0	41436	
4558	0	31554	
4559	0	25503	
4560	0	24157	
4561	0	24665	
4562	0	29002	
4563	0	33728	
4564	0	34726	
4565	0	28717	
4566	0	23455	
4567	0	21001	
4568	0	21727	
4569	0	25050	
4570	0	28628	
4571	0	31155	
4572	0	32822	
4573	0	34242	
4574	0	37084	
4575	0	38480	
4576	0	38207	
4577	0	36916	
4578	0	36792	
4579	0	37444	
4580	0	38458	
4581	0	37727	
4582	0	40304	
4583	0	43346	
4584	0	49076	
4585	0	53882	
4586	0	48388	
4587	0	32852	
4588	0	22124	
4589	0	21804	
4590	0	18186	
4591	0	15494	
4592	0	13917	
4593	0	17326	
4594	0	19878	
4595	0	26834	
4596	0	35776	
4597	0	34069	
4598	0	28316	
4599	0	25356	
4600	0	25757	
4601	0	27818	
4602	0	30181	
4603	0	32122	
4604	0	32760	
4605	0	33630	
4606	0	34928	
4607	0	35796	
4608	0	36551	
4609	0	37138	
4610	0	37702	
4611	0	38464	
4612	0	39331	
4613	0	43472	
4614	0	47748	
4615	0	57056	
4616	0	56342	
4617	0	53428	
4618	0	50692	
4619	0	48322	
4620	0	38850	
4621	0	19260	
4622	0	7490	
4623	0	2614	
4624	0	2051	
4625	0	5138	
4626	0	9557	
4627	0	15096	
4628	0	20783	
4629	0	25800	
4630	0	28839	
4631	0	31062	
4632	0	33562	
4633	0	35903	
4634	0	38080	
4635	0	40610	
4636	0	42969	
4637	0	44016	
4638	0	44759	
4639	0	47098	
4640	0	51648	
4641	0	54620	
4642	0	51359	
4643	0	43857	
4644	0	34771	
4645	0	27350	
4646	0	27462	
4647	0	42040	
4648	0	47092	
4649	0	41441	
4650	0	33794	
4651	0	30957	
4652	0	21641	
4653	0	11245	
4654	0	5637	
4655	0	7062	
4656	0	15302	
4657	0	22337	
4658	0	28600	
4659	0	28018	
4660	0	24806	
4661	0	23276	
4662	0	24232	
4663	0	27829	
4664	0	33124	
4665	0	37432	
4666	0	40180	
4667	0	41045	
4668	0	40696	
4669	0	42230	
4670	0	42761	
4671	0	40063	
4672	0	38018	
4673	0	38590	
4674	0	40888	
4675	0	42021	
4676	0	45118	
4677	0	46962	
4678	0	53324	
4679	0	52999	
4680	0	50558	
4681	0	48216	
4682	0	33024	
4683	0	18657	
4684	0	8487	
4685	0	3898	
4686	0	3925	
4687	0	7676	
4688	0	12139	
4689	0	15053	
4690	0	18323	
4691	0	24099	
4692	0	27498	
4693	0	30215	
4694	0	32900	
4695	0	37314	
4696	0	42734	
4697	0	46320	
4698	0	52181	
4699	0	54194	
4700	0	55556	
4701	0	58207	
4702	0	55764	
4703	0	52540	
4704	0	44103	
4705	0	39218	
4706	0	31436	
4707	0	24222	
4708	0	19044	
4709	0	16637	
4710	0	13336	
4711	0	10643	
4712	0	11289	
4713	0	13818	
4714	0	16428	
4715	0	20513	
4716	0	25357	
4717	0	28993	
4718	0	29958	
4719	0	30826	
4720	0	33574	
4721	0	38084	
4722	0	43696	
4723	0	46624	
4724	0	47913	
4725	0	51416	
4726	0	59078	
4727	0	57378	
4728	0	50266	
4729	0	40065	
4730	0	28842	
4731	0	19822	
4732	0	16396	
4733	0	16608	
4734	0	19434	
4735	0	23182	
4736	0	26972	
4737	0	29036	
4738	0	30343	
4739	0	31329	
4740	0	32676	
4741	0	35634	
4742	0	39083	
4743	0	41062	
4744	0	42305	
4745	0	48268	
4746	0	49344	
4747	0	44602	
4748	0	42777	
4749	0	41720	
4750	0	33362	
4751	0	22247	
4752	0	15971	
4753	0	18174	
4754	0	18701	
4755	0	18064	
4756	0	16097	
4757	0	17978	
4758	0	22171	
4759	0	25762	
4760	0	28469	
4761	0	29992	
4762	0	30026	
4763	0	29840	
4764	0	30981	
4765	0	34857	
4766	0	39078	
4767	0	42940	
4768	0	45742	
4769	0	54780	
4770	0	60978	
4771	0	58165	
4772	0	54804	
4773	0	46466	
4774	0	32169	
4775	0	25628	
4776	0	18285	
4777	0	14705	
4778	0	11938	
4779	0	13045	
4780	0	16130	
4781	0	19346	
4782	0	22829	
4783	0	26208	
4784	0	28564	
4785	0	30702	
4786	0	31751	
4787	0	32414	
4788	0	34221	
4789	0	35257	
4790	0	35501	
4791	0	37008	
4792	0	39348	
4793	0	41613	
4794	0	48344	
4795	0	55336	
4796	0	58788	
4797	0	56016	
4798	0	52930	
4799	0	50247	
4800	0	38400	
4801	0	24408	
4802	0	14811	
4803	0	9500	
4804	0	8615	
4805	0	10710	
4806	0	13927	
4807	0	16354	
4808	0	19002	
4809	0	22304	
4810	0	24683	
4811	0	26578	
4812	0	28994	
4813	0	31455	
4814	0	33999	
4815	0	36955	
4816	0	39958	
4817	0	42079	
4818	0	43384	
4819	0	44744	
4820	0	47429	
4821	0	48855	
4822	0	49204	
4823	0	44439	
4824	0	40110	
4825	0	36045	
4826	0	30362	
4827	0	26013	
4828	0	24226	
4829	0	24549	
4830	0	26151	
4831	0	29389	
4832	0	39320	
4833	0	56272	
4834	0	55750	
4835	0	52937	
4836	0	42816	
4837	0	22598	
4838	0	15953	
4839	0	12627	
4840	0	12389	
4841	0	10720	
4842	0	10663	
4843	0	12840	
4844	0	17593	
4845	0	23423	
4846	0	30692	
4847	0	35158	
4848	0	35284	
4849	0	35588	
4850	0	37050	
4851	0	38040	
4852	0	38960	
4853	0	39852	
4854	0	40107	
4855	0	39780	
4856	0	38952	
4857	0	38884	
4858	0	39340	
4859	0	39941	
4860	0	42198	
4861	0	49990	
4862	0	55932	
4863	0	53959	
4864	0	51245	
4865	0	37952	
4866	0	19093	
4867	0	12551	
4868	0	11959	
4869	0	14055	
4870	0	16128	
4871	0	18202	
4872	0	21208	
4873	0	24246	
4874	0	26966	
4875	0	29479	
4876	0	31276	
4877	0	31924	
4878	0	32495	
4879	0	33358	
4880	0	34912	
4881	0	35903	
4882	0	36743	
4883	0	38006	
4884	0	39224	
4885	0	39207	
4886	0	39766	
4887	0	42995	
4888	0	49821	
4889	0	46686	
4890	0	36810	
4891	0	27925	
4892	0	24028	
4893	0	24733	
4894	0	27692	
4895	0	28892	
4896	0	28708	
4897	0	28226	
4898	0	28368	
4899	0	29366	
4900	0	30861	
4901	0	32246	
4902	0	32866	
4903	0	33588	
4904	0	34336	
4905	0	34951	
4906	0	35110	
4907	0	34932	
4908	0	34539	
4909	0	34091	
4910	0	33835	
4911	0	33757	
4912	0	33567	
4913	0	33484	
4914	0	33309	
4915	0	33156	
4916	0	33275	
4917	0	35060	
4918	0	35508	
4919	0	35181	
4920	0	36762	
4921	0	38244	
4922	0	38224	
4923	0	36456	
4924	0	31462	
4925	0	26958	
4926	0	24921	
4927	0	26189	
4928	0	32263	
4929	0	32554	
4930	0	32349	
4931	0	33085	
4932	0	34505	
4933	0	33322	
4934	0	32167	
4935	0	31591	
4936	0	30396	
4937	0	35560	
4938	0	41878	
4939	0	38808	
4940	0	32238	
4941	0	25347	
4942	0	20213	
4943	0	18896	
4944	0	20188	
4945	0	22967	
4946	0	25604	
4947	0	27635	
4948	0	29784	
4949	0	32545	
4950	0	35265	
4951	0	36452	
4952	0	37516	
4953	0	39600	
4954	0	44592	
4955	0	47153	
4956	0	42476	
4957	0	36844	
4958	0	32663	
4959	0	30947	
4960	0	30498	
4961	0	30504	
4962	0	31442	
4963	0	34010	
4964	0	34439	
4965	0	33084	
4966	0	32053	
4967	0	31612	
4968	0	31740	
4969	0	32325	
4970	0	32857	
4971	0	33095	
4972	0	33496	
4973	0	33736	
4974	0	33707	
4975	0	34060	
4976	0	35559	
4977	0	36057	
4978	0	36432	
4979	0	35664	
4980	0	34136	
4981	0	32372	
4982	0	30886	
4983	0	32110	
4984	0	32153	
4985	0	31143	
4986	0	29797	
4987	0	29380	
4988	0	29773	
4989	0	30215	
4990	0	30495	
4991	0	30572	
4992	0	30802	
4993	0	31607	
4994	0	32396	
4995	0	33036	
4996	0	33309	
4997	0	33447	
4998	0	33700	
4999	0	33868	
5000	0	33808	
5001	0	33609	
5002	0	33632	
5003	0	34092	
5004	0	35084	
5005	0	39536	
5006	0	44236	
5007	0	46712	
5008	0	50018	
5009	0	43358	
5010	0	33136	
5011	0	23905	
5012	0	21652	
5013	0	20351	
5014	0	18343	
5015	0	17348	
5016	0	19008	
5017	0	21818	
5018	0	24125	
5019	0	26424	
5020	0	28583	
5021	0	30960	
5022	0	33863	
5023	0	36239	
5024	0	36911	
5025	0	36846	
5026	0	36999	
5027	0	37566	
5028	0	37880	
5029	0	37928	
5030	0	37548	
5031	0	36984	
5032	0	36322	
5033	0	35788	
5034	0	35223	
5035	0	34708	
5036	0	34196	
5037	0	33885	
5038	0	33574	
5039	0	33238	
5040	0	33099	
5041	0	32909	
5042	0	32801	
5043	0	32920	
5044	0	32688	
5045	0	32355	
5046	0	32154	
5047	0	32184	
5048	0	32204	
5049	0	32175	
5050	0	32120	
5051	0	32207	
5052	0	32346	
5053	0	32449	
5054	0	32491	
5055	0	32486	
5056	0	32542	
5057	0	32576	
5058	0	32660	
5059	0	32771	
5060	0	32736	
5061	0	32685	
5062	0	32768	
5063	0	32973	
5064	0	32924	
5065	0	32860	
5066	0	32822	
5067	0	32698	
5068	0	32640	
5069	0	32704	
5070	0	32708	
5071	0	32753	
5072	0	32720	
5073	0	32845	
5074	0	32800	
5075	0	33314	
5076	0	33211	
5077	0	32527	
5078	0	32018	
5079	0	32194	
5080	0	32746	
5081	0	34166	
5082	0	35194	
5083	0	36032	
5084	0	37160	
5085	0	35746	
5086	0	33538	
5087	0	31321	
5088	0	28852	
5089	0	27640	
5090	0	27329	
5091	0	28146	
5092	0	29329	
5093	0	31740	
5094	0	33926	
5095	0	34281	
5096	0	34088	
5097	0	34328	
5098	0	34647	
5099	0	34296	
5100	0	33914	
5101	0	34984	
5102	0	36210	
5103	0	35169	
5104	0	32795	
5105	0	31004	
5106	0	30285	
5107	0	30128	
5108	0	32567	
5109	0	37050	
5110	0	37544	
5111	0	34465	
5112	0	31014	
5113	0	29280	
5114	0	29028	
5115	0	29384	
5116	0	29539	
5117	0	30300	
5118	0	31871	
5119	0	32426	
5120	0	31832	
5121	0	31134	
5122	0	31405	
5123	0	32310	
5124	0	32781	
5125	0	33404	
5126	0	33973	
5127	0	34218	
5128	0	34454	
5129	0	34308	
5130	0	34245	
5131	0	34436	
5132	0	34434	
5133	0	34228	
5134	0	34090	
5135	0	33887	
5136	0	33840	
5137	0	33520	
5138	0	33337	
5139	0	33282	
5140	0	33107	
5141	0	32943	
5142	0	32847	
5143	0	32822	
5144	0	32670	
5145	0	32537	
5146	0	32501	
5147	0	32578	
5148	0	32647	
5149	0	32576	
5150	0	32572	
5151	0	32470	
5152	0	32442	
5153	0	32466	
5154	0	32470	
5155	0	32410	
5156	0	32506	
5157	0	32399	
5158	0	32287	
5159	0	32461	
5160	0	32601	
5161	0	32703	
5162	0	32786	
5163	0	32694	
5164	0	32873	
5165	0	32910	
5166	0	32910	
5167	0	32968	
5168	0	32892	
5169	0	32869	
5170	0	32759	
5171	0	32716	
5172	0	32729	
5173	0	32687	
5174	0	32854	
5175	0	33090	
5176	0	33066	
5177	0	32692	
5178	0	32851	
5179	0	33471	
5180	0	33636	
5181	0	33353	
5182	0	33180	
5183	0	33261	
5184	0	33190	
5185	0	33144	
5186	0	33769	
5187	0	34375	
5188	0	33968	
5189	0	33114	
5190	0	31685	
5191	0	30944	
5192	0	30534	
5193	0	30634	
5194	0	30765	
5195	0	30914	
5196	0	31303	
5197	0	31742	
5198	0	32156	
5199	0	32660	
5200	0	33023	
5201	0	33202	
5202	0	33742	
5203	0	33865	
5204	0	33621	
5205	0	34295	
5206	0	35845	
5207	0	37712	
5208	0	38383	
5209	0	37307	
5210	0	35143	
5211	0	32662	
5212	0	29746	
5213	0	28167	
5214	0	28195	
5215	0	28788	
5216	0	28927	
5217	0	28669	
5218	0	29724	
5219	0	30855	
5220	0	31713	
5221	0	32464	
5222	0	33077	
5223	0	33633	
5224	0	33684	
5225	0	33809	
5226	0	33970	
5227	0	34266	
5228	0	34311	
5229	0	33904	
5230	0	33556	
5231	0	33074	
5232	0	32708	
5233	0	32914	
5234	0	33249	
5235	0	32935	
5236	0	32471	
5237	0	32152	
5238	0	32181	
5239	0	32248	
5240	0	32518	
5241	0	32756	
5242	0	32865	
5243	0	32900	
5244	0	33015	
5245	0	33107	
5246	0	33060	
5247	0	33181	
5248	0	33253	
5249	0	33335	
5250	0	33430	
5251	0	33478	
5252	0	33509	
5253	0	33543	
5254	0	33495	
5255	0	33351	
5256	0	33341	
5257	0	33360	
5258	0	33384	
5259	0	33364	
5260	0	33458	
5261	0	33456	
5262	0	33327	
5263	0	33220	
5264	0	33101	
5265	0	32898	
5266	0	33048	
5267	0	32839	
5268	0	32834	
5269	0	32871	
5270	0	32912	
5271	0	32772	
5272	0	32800	
5273	0	32802	
5274	0	32826	
5275	0	32716	
5276	0	32581	
5277	0	32663	
5278	0	32553	
5279	0	32480	
5280	0	32518	
5281	0	32590	
5282	0	32583	
5283	0	32508	
5284	0	32722	
5285	0	32684	
5286	0	32517	
5287	0	32540	
5288	0	32527	
5289	0	32570	
5290	0	32754	
5291	0	32770	
5292	0	32738	
5293	0	32738	
5294	0	32753	
5295	0	32738	
5296	0	32768	
5297	0	32869	
5298	0	32808	
5299	0	32815	
5300	0	32790	
5301	0	32783	
5302	0	32772	
5303	0	32711	
5304	0	32736	
5305	0	32740	
5306	0	32793	
5307	0	32688	
5308	0	32744	
5309	0	32823	
5310	0	32812	
5311	0	32791	
5312	0	32729	
5313	0	32753	
5314	0	32765	
5315	0	32797	
5316	0	32913	
5317	0	32942	
5318	0	32832	
5319	0	32811	
5320	0	32775	
5321	0	32671	
5322	0	32620	
5323	0	32718	
5324	0	32409	
5325	0	31901	
5326	0	32560	
5327	0	33030	
5328	0	33268	
5329	0	33470	
5330	0	33497	
5331	0	33749	
5332	0	33657	
5333	0	33369	
5334	0	32992	
5335	0	32348	
5336	0	31916	
5337	0	32018	
5338	0	32764	
5339	0	33351	
5340	0	33314	
5341	0	32806	
5342	0	32300	
5343	0	32161	
5344	0	32013	
5345	0	32071	
5346	0	32236	
5347	0	32400	
5348	0	32665	
5349	0	32868	
5350	0	33087	
5351	0	33031	
5352	0	32952	
5353	0	33011	
5354	0	33047	
5355	0	32997	
5356	0	32948	
5357	0	33058	
5358	0	33018	
5359	0	32989	
5360	0	32936	
5361	0	32986	
5362	0	33010	
5363	0	33037	
5364	0	32967	
5365	0	33357	
5366	0	33891	
5367	0	34132	
5368	0	33658	
5369	0	33186	
5370	0	32487	
5371	0	32025	
5372	0	31852	
5373	0	31612	
5374	0	31473	
5375	0	31943	
5376	0	32324	
5377	0	32524	
5378	0	32552	
5379	0	32604	
5380	0	32603	
5381	0	32440	
5382	0	32600	
5383	0	32876	
5384	0	32961	
5385	0	33054	
5386	0	33142	
5387	0	33143	
5388	0	33191	
5389	0	33198	
5390	0	33125	
5391	0	33128	
5392	0	33101	
5393	0	33124	
5394	0	33024	
5395	0	33002	
5396	0	32924	
5397	0	32898	
5398	0	32833	
5399	0	32877	
5400	0	32771	
5401	0	32674	
5402	0	32671	
5403	0	32720	
5404	0	32769	
5405	0	32726	
5406	0	32724	
5407	0	32775	
5408	0	32817	
5409	0	32833	
5410	0	32796	
5411	0	32757	
5412	0	32774	
5413	0	32807	
5414	0	32857	
5415	0	32927	
5416	0	32901	
5417	0	32834	
5418	0	32916	
5419	0	32921	
5420	0	33027	
5421	0	32974	
5422	0	33093	
5423	0	33082	
5424	0	33122	
5425	0	32946	
5426	0	32719	
5427	0	32804	
5428	0	32683	
5429	0	32463	
5430	0	32234	
5431	0	32144	
5432	0	32156	
5433	0	32193	
5434	0	32342	
5435	0	32472	
5436	0	32629	
5437	0	32785	
5438	0	32980	
5439	0	32955	
5440	0	32339	
5441	0	32452	
5442	0	32999	
5443	0	33663	
5444	0	34280	
5445	0	34333	
5446	0	33441	
5447	0	32578	
5448	0	32474	
5449	0	32323	
5450	0	32889	
5451	0	33309	
5452	0	33492	
5453	0	32890	
5454	0	32215	
5455	0	31628	
5456	0	31306	
5457	0	31463	
5458	0	31881	
5459	0	32196	
5460	0	32572	
5461	0	32766	
5462	0	32982	
5463	0	33074	
5464	0	33072	
5465	0	33153	
5466	0	33129	
5467	0	33043	
5468	0	33031	
5469	0	33047	
5470	0	33113	
5471	0	32877	
5472	0	32729	
5473	0	32957	
5474	0	33412	
5475	0	33514	
5476	0	33366	
5477	0	33191	
5478	0	32854	
5479	0	32418	
5480	0	32150	
5481	0	32136	
5482	0	32229	
5483	0	32374	
5484	0	32455	
5485	0	32550	
5486	0	32615	
5487	0	32823	
5488	0	32847	
5489	0	32871	
5490	0	32873	
5491	0	32889	
5492	0	33004	
5493	0	33004	
5494	0	32842	
5495	0	32918	
5496	0	32930	
5497	0	33002	
5498	0	33009	
5499	0	32930	
5500	0	32784	
5501	0	32816	
5502	0	33068	
5503	0	32962	
5504	0	32992	
5505	0	32717	
5506	0	32816	
5507	0	32940	
5508	0	33076	
5509	0	33124	
5510	0	33362	
5511	0	33636	
5512	0	32816	
5513	0	31836	
5514	0	32816	
5515	0	33915	
5516	0	34280	
5517	0	33660	
5518	0	32583	
5519	0	31204	
5520	0	30421	
5521	0	30207	
5522	0	30727	
5523	0	31512	
5524	0	31884	
5525	0	32342	
5526	0	32918	
5527	0	33357	
5528	0	33469	
5529	0	33580	
5530	0	33752	
5531	0	33704	
5532	0	33629	
5533	0	33649	
5534	0	33550	
5535	0	33381	
5536	0	33256	
5537	0	33171	
5538	0	33016	
5539	0	32940	
5540	0	32898	
5541	0	32832	
5542	0	32768	
5543	0	32845	
5544	0	32895	
5545	0	32924	
5546	0	32745	
5547	0	32762	
5548	0	32711	
5549	0	32699	
5550	0	32892	
5551	0	33031	
5552	0	32922	
5553	0	32838	
5554	0	32668	
5555	0	32479	
5556	0	32539	
5557	0	32548	
5558	0	32600	
5559	0	32689	
5560	0	32781	
5561	0	32864	
5562	0	32775	
5563	0	32680	
5564	0	32636	
5565	0	32628	
5566	0	32666	
5567	0	32690	
5568	0	32837	
5569	0	32798	
5570	0	32752	
5571	0	32863	
5572	0	32903	
5573	0	32906	
5574	0	32950	
5575	0	32960	
5576	0	33010	
5577	0	32899	
5578	0	32901	
5579	0	32868	
5580	0	32740	
5581	0	32720	
5582	0	32822	
5583	0	32775	
5584	0	32809	
5585	0	32806	
5586	0	32793	
5587	0	32833	
5588	0	32934	
5589	0	32787	
5590	0	32798	
5591	0	32801	
5592	0	32923	
5593	0	32839	
5594	0	32953	
5595	0	32967	
5596	0	32858	
5597	0	32724	
5598	0	32506	
5599	0	32458	
5600	0	32473	
5601	0	32498	
5602	0	32548	
5603	0	32696	
5604	0	32742	
5605	0	32720	
5606	0	32714	
5607	0	32789	
5608	0	32848	
5609	0	32928	
5610	0	32980	
5611	0	33019	
5612	0	33012	
5613	0	32888	
5614	0	32972	
5615	0	32928	
5616	0	32989	
5617	0	33031	
5618	0	32988	
5619	0	32851	
5620	0	32559	
5621	0	32603	
5622	0	32823	
5623	0	33022	
5624	0	33046	
5625	0	32943	
5626	0	32743	
5627	0	32702	
5628	0	32632	
5629	0	32592	
5630	0	32625	
5631	0	32768	
5632	0	32861	
5633	0	32711	
5634	0	32631	
5635	0	32758	
5636	0	32795	
5637	0	32765	
5638	0	32826	
5639	0	32809	
5640	0	32980	
5641	0	32982	
5642	0	32955	
5643	0	32898	
5644	0	32991	
5645	0	32900	
5646	0	32900	
5647	0	32847	
5648	0	32710	
5649	0	32679	
5650	0	32706	
5651	0	32731	
5652	0	32813	
5653	0	32952	
5654	0	32909	
5655	0	32832	
5656	0	32878	
5657	0	32866	
5658	0	32842	
5659	0	32839	
5660	0	32919	
5661	0	32861	
5662	0	32877	
5663	0	32932	
5664	0	32832	
5665	0	32848	
5666	0	32802	
5667	0	32854	
5668	0	32814	
5669	0	32700	
5670	0	32620	
5671	0	32624	
5672	0	32733	
5673	0	32740	
5674	0	32774	
5675	0	32788	
5676	0	32698	
5677	0	32742	
5678	0	32688	
5679	0	32657	
5680	0	32736	
5681	0	32712	
5682	0	32859	
5683	0	32911	
5684	0	32828	
5685	0	32820	
5686	0	32855	
5687	0	32921	
5688	0	32944	
5689	0	32850	
5690	0	32865	
5691	0	32916	
5692	0	32959	
5693	0	32798	
5694	0	32756	
5695	0	32799	
5696	0	32816	
5697	0	32892	
5698	0	32889	
5699	0	32912	
5700	0	32877	
5701	0	32848	
5702	0	32751	
5703	0	32773	
5704	0	32828	
5705	0	32951	
5706	0	32851	
5707	0	32903	
5708	0	32770	
5709	0	32775	
5710	0	32742	
5711	0	32748	
5712	0	32666	
5713	0	32664	
5714	0	32695	
5715	0	32724	
5716	0	32752	
5717	0	32717	
5718	0	32711	
5719	0	32886	
5720	0	32884	
5721	0	32758	
5722	0	32815	
5723	0	32754	
5724	0	32696	
5725	0	32638	
5726	0	32604	
5727	0	32676	
5728	0	32698	
5729	0	32783	
5730	0	32833	
5731	0	32729	
5732	0	32694	
5733	0	32635	
5734	0	32632	
5735	0	32650	
5736	0	32632	
5737	0	32701	
5738	0	32849	
5739	0	32914	
5740	0	32954	
5741	0	32967	
5742	0	32992	
5743	0	32954	
5744	0	32860	
5745	0	32816	
5746	0	32765	
5747	0	32745	
5748	0	32807	
5749	0	32887	
5750	0	32902	
5751	0	32914	
5752	0	32924	
5753	0	32879	
5754	0	32888	
5755	0	32840	
5756	0	32910	
5757	0	32871	
5758	0	32928	
5759	0	32962	
5760	0	32903	
5761	0	32889	
5762	0	32780	
5763	0	32763	
5764	0	32775	
5765	0	32744	
5766	0	32806	
5767	0	32775	
5768	0	32796	
5769	0	32906	
5770	0	32781	
5771	0	32876	
5772	0	32964	
5773	0	33094	
5774	0	33163	
5775	0	33119	
5776	0	33037	
5777	0	32962	
5778	0	32796	
5779	0	32741	
5780	0	32879	
5781	0	32913	
5782	0	32903	
5783	0	33010	
5784	0	32998	
5785	0	32948	
5786	0	32950	
5787	0	32890	
5788	0	32843	
5789	0	32890	
5790	0	32869	
5791	0	32864	
5792	0	32748	
5793	0	32614	
5794	0	32580	
5795	0	32522	
5796	0	32327	
5797	0	32182	
5798	0	32148	
5799	0	32308	
5800	0	32278	
5801	0	32217	
5802	0	32132	
5803	0	32103	
5804	0	32052	
5805	0	31942	
5806	0	32044	
5807	0	32093	
5808	0	32172	
5809	0	32285	
5810	0	32450	
5811	0	32671	
5812	0	32809	
5813	0	32829	
5814	0	32937	
5815	0	33018	
5816	0	33141	
5817	0	33030	
5818	0	33090	
5819	0	33205	
5820	0	33246	
5821	0	33324	
5822	0	33463	
5823	0	33540	
5824	0	33485	
5825	0	33476	
5826	0	33294	
5827	0	33220	
5828	0	33240	
5829	0	33333	
5830	0	33264	
5831	0	33287	
5832	0	33316	
5833	0	33276	
5834	0	33238	
5835	0	33274	
5836	0	33258	
5837	0	33225	
5838	0	33179	
5839	0	33158	
5840	0	33096	
5841	0	33066	
5842	0	32960	
5843	0	32928	
5844	0	32900	
5845	0	32818	
5846	0	32816	
5847	0	32784	
5848	0	32773	
5849	0	32786	
5850	0	32717	
5851	0	32720	
5852	0	32783	
5853	0	32699	
5854	0	32665	
5855	0	32521	
5856	0	32525	
5857	0	32379	
5858	0	32316	
5859	0	32215	
5860	0	32216	
5861	0	32456	
5862	0	32688	
5863	0	32801	
5864	0	32929	
5865	0	32864	
5866	0	32806	
5867	0	32790	
5868	0	32706	
5869	0	32708	
5870	0	32677	
5871	0	32775	
5872	0	32858	
5873	0	32895	
5874	0	32861	
5875	0	32813	
5876	0	32774	
5877	0	32805	
5878	0	32748	
5879	0	32696	
5880	0	32671	
5881	0	32750	
5882	0	32754	
5883	0	32843	
5884	0	32826	
5885	0	32859	
5886	0	32833	
5887	0	32830	
5888	0	32805	
5889	0	32839	
5890	0	32793	
5891	0	32845	
5892	0	32682	
5893	0	32680	
5894	0	32750	
5895	0	32724	
5896	0	32807	
5897	0	32799	
5898	0	32826	
5899	0	32775	
5900	0	32775	
5901	0	32880	
5902	0	32896	
5903	0	32837	
5904	0	32836	
5905	0	32926	
5906	0	32885	
5907	0	32837	
5908	0	32888	
5909	0	32844	
5910	0	32866	
5911	0	32869	
5912	0	32832	
5913	0	32871	
5914	0	32956	
5915	0	32931	
5916	0	32788	
5917	0	32722	
5918	0	32758	
5919	0	32693	
5920	0	32687	
5921	0	32775	
5922	0	32692	
5923	0	32706	
5924	0	32711	
5925	0	32728	
5926	0	32740	
5927	0	32748	
5928	0	32676	
5929	0	32745	
5930	0	32839	
5931	0	32983	
5932	0	32949	
5933	0	32925	
5934	0	33075	
5935	0	33009	
5936	0	32970	
5937	0	32884	
5938	0	32812	
5939	0	32790	
5940	0	32711	
5941	0	32658	
5942	0	32711	
5943	0	32738	
5944	0	32724	
5945	0	32700	
5946	0	32723	
5947	0	32839	
5948	0	32742	
5949	0	32806	
5950	0	32842	
5951	0	32758	
5952	0	32775	
5953	0	32788	
5954	0	32885	
5955	0	32866	
5956	0	32832	
5957	0	32975	
5958	0	32920	
5959	0	32876	
5960	0	32775	
5961	0	32871	
5962	0	32828	
5963	0	32860	
5964	0	32884	
5965	0	32793	
5966	0	32839	
5967	0	32839	
5968	0	32826	
5969	0	32858	
5970	0	32839	
5971	0	32792	
5972	0	32871	
5973	0	32816	
5974	0	32738	
5975	0	32764	
5976	0	32738	
5977	0	32726	
5978	0	32726	
5979	0	32761	
5980	0	32773	
5981	0	32818	
5982	0	32854	
5983	0	32900	
5984	0	32903	
5985	0	32903	
5986	0	32863	
5987	0	32758	
5988	0	32824	
5989	0	32816	
5990	0	32767	
5991	0	32872	
5992	0	32830	
5993	0	32838	
5994	0	32758	
5995	0	32770	
5996	0	32759	
5997	0	32768	
5998	0	32761	
5999	0	32770	
6000	0	32836	
6001	0	32914	
6002	0	32813	
6003	0	32772	
6004	0	32704	
6005	0	32684	
6006	0	32613	
6007	0	32594	
6008	0	32647	
6009	0	32710	
6010	0	32818	
6011	0	32806	
6012	0	32647	
6013	0	32741	
6014	0	32796	
6015	0	32811	
6016	0	32806	
6017	0	32812	
6018	0	32912	
6019	0	32800	
6020	0	32761	
6021	0	32892	
6022	0	32942	
6023	0	32992	
6024	0	32852	
6025	0	32884	
6026	0	32870	
6027	0	32860	
6028	0	32870	
6029	0	32918	
6030	0	32816	
6031	0	32762	
6032	0	32753	
6033	0	32650	
6034	0	32749	
6035	0	32668	
6036	0	32676	
6037	0	32709	
6038	0	32622	
6039	0	32649	
6040	0	32704	
6041	0	32720	
6042	0	32787	
6043	0	32846	
6044	0	32856	
6045	0	32855	
6046	0	32827	
6047	0	32754	
6048	0	32637	
6049	0	32683	
6050	0	32751	
6051	0	32657	
6052	0	32732	
6053	0	32838	
6054	0	32859	
6055	0	32881	
6056	0	32890	
6057	0	32912	
6058	0	32946	
6059	0	32964	
6060	0	32928	
6061	0	32871	
6062	0	32730	
6063	0	32783	
6064	0	32839	
6065	0	32867	
6066	0	32848	
6067	0	32717	
6068	0	32708	
6069	0	32702	
6070	0	32679	
6071	0	32720	
6072	0	32882	
6073	0	32817	
6074	0	32764	
6075	0	32788	
6076	0	32864	
6077	0	32822	
6078	0	32775	
6079	0	32980	
6080	0	32908	
6081	0	32924	
6082	0	32867	
6083	0	32817	
6084	0	32872	
6085	0	32794	
6086	0	32815	
6087	0	32839	
6088	0	32854	
6089	0	32871	
6090	0	32912	
6091	0	32900	
6092	0	32812	
6093	0	32876	
6094	0	32980	
6095	0	32818	
6096	0	32719	
6097	0	32799	
6098	0	32839	
6099	0	32814	
6100	0	32720	
6101	0	32744	
6102	0	32752	
6103	0	32751	
6104	0	32960	
6105	0	32927	
6106	0	32838	
6107	0	32800	
6108	0	32792	
6109	0	32879	
6110	0	32886	
6111	0	32829	
6112	0	32768	
6113	0	32827	
6114	0	32878	
6115	0	32758	
6116	0	32824	
6117	0	32851	
6118	0	32887	
6119	0	32807	
6120	0	32843	
6121	0	32804	
6122	0	32782	
6123	0	32838	
6124	0	32913	
6125	0	33014	
6126	0	32761	
6127	0	32263	
6128	0	32807	
6129	0	34659	
6130	0	36179	
6131	0	35982	
6132	0	34118	
6133	0	31989	
6134	0	30367	
6135	0	29634	
6136	0	29678	
6137	0	30281	
6138	0	30704	
6139	0	31208	
6140	0	31764	
6141	0	32282	
6142	0	32668	
6143	0	33159	
6144	0	33693	
6145	0	33872	
6146	0	34068	
6147	0	34071	
6148	0	33961	
6149	0	33723	
6150	0	33391	
6151	0	33156	
6152	0	32972	
6153	0	32916	
6154	0	32852	
6155	0	32987	
6156	0	32988	
6157	0	33005	
6158	0	33023	
6159	0	32940	
6160	0	32986	
6161	0	32885	
6162	0	32841	
6163	0	32765	
6164	0	32625	
6165	0	32556	
6166	0	32644	
6167	0	32657	
6168	0	32583	
6169	0	32583	
6170	0	32628	
6171	0	32664	
6172	0	32604	
6173	0	32679	
6174	0	32760	
6175	0	32817	
6176	0	32799	
6177	0	32796	
6178	0	32728	
6179	0	32851	
6180	0	32839	
6181	0	32799	
6182	0	32783	
6183	0	32864	
6184	0	32890	
6185	0	32888	
6186	0	32927	
6187	0	32949	
6188	0	32903	
6189	0	32996	
6190	0	32924	
6191	0	32918	
6192	0	32839	
6193	0	32736	
6194	0	32764	
6195	0	32818	
6196	0	32772	
6197	0	32666	
6198	0	32756	
6199	0	32857	
6200	0	32813	
6201	0	32838	
6202	0	32863	
6203	0	32816	
6204	0	32795	
6205	0	32799	
6206	0	32905	
6207	0	32956	
6208	0	32916	
6209	0	32880	
6210	0	32861	
6211	0	32764	
6212	0	32685	
6213	0	32545	
6214	0	32495	
6215	0	32700	
6216	0	32712	
6217	0	32717	
6218	0	32711	
6219	0	32664	
6220	0	32692	
6221	0	32775	
6222	0	32766	
6223	0	32732	
6224	0	32756	
6225	0	32877	
6226	0	32999	
6227	0	32867	
6228	0	32785	
6229	0	32647	
6230	0	32714	
6231	0	32766	
6232	0	32817	
6233	0	32896	
6234	0	32859	
6235	0	32884	
6236	0	32862	
6237	0	32980	
6238	0	33112	
6239	0	33049	
6240	0	32775	
6241	0	32749	
6242	0	33156	
6243	0	33552	
6244	0	33559	
6245	0	33351	
6246	0	32878	
6247	0	32654	
6248	0	32786	
6249	0	32990	
6250	0	32762	
6251	0	32410	
6252	0	31944	
6253	0	31609	
6254	0	31516	
6255	0	31256	
6256	0	31536	
6257	0	32728	
6258	0	34130	
6259	0	34550	
6260	0	34040	
6261	0	33103	
6262	0	32359	
6263	0	32025	
6264	0	31943	
6265	0	32032	
6266	0	32310	
6267	0	32306	
6268	0	32514	
6269	0	32578	
6270	0	32811	
6271	0	33089	
6272	0	33303	
6273	0	33283	
6274	0	33267	
6275	0	33309	
6276	0	33286	
6277	0	33157	
6278	0	33028	
6279	0	32928	
6280	0	32884	
6281	0	32871	
6282	0	32936	
6283	0	32894	
6284	0	32824	
6285	0	32771	
6286	0	32864	
6287	0	32876	
6288	0	32788	
6289	0	32903	
6290	0	32890	
6291	0	32740	
6292	0	32772	
6293	0	32702	
6294	0	32668	
6295	0	32537	
6296	0	32556	
6297	0	32682	
6298	0	32726	
6299	0	32809	
6300	0	32851	
6301	0	32839	
6302	0	32829	
6303	0	32844	
6304	0	32853	
6305	0	32764	
6306	0	32673	
6307	0	32553	
6308	0	32432	
6309	0	32387	
6310	0	32373	
6311	0	32456	
6312	0	32551	
6313	0	32647	
6314	0	32722	
6315	0	32727	
6316	0	32866	
6317	0	32956	
6318	0	32930	
6319	0	33051	
6320	0	32954	
6321	0	32999	
6322	0	32994	
6323	0	32993	
6324	0	33105	
6325	0	33045	
6326	0	32935	
6327	0	32888	
6328	0	32877	
6329	0	32886	
6330	0	32808	
6331	0	32794	
6332	0	32993	
6333	0	32909	
6334	0	32894	
6335	0	32899	
6336	0	32884	
6337	0	32775	
6338	0	32667	
6339	0	32686	
6340	0	32684	
6341	0	32716	
6342	0	32738	
6343	0	32764	
6344	0	32794	
6345	0	32811	
6346	0	32804	
6347	0	32842	
6348	0	32944	
6349	0	32928	
6350	0	32888	
6351	0	32912	
6352	0	32874	
6353	0	32936	
6354	0	32943	
6355	0	32768	
6356	0	32850	
6357	0	32843	
6358	0	32891	
6359	0	32889	
6360	0	32863	
6361	0	33009	
6362	0	33144	
6363	0	33116	
6364	0	33148	
6365	0	33057	
6366	0	32916	
6367	0	32960	
6368	0	32851	
6369	0	32900	
6370	0	32780	
6371	0	32535	
6372	0	32584	
6373	0	32927	
6374	0	33408	
6375	0	31745	
6376	0	31915	
6377	0	36040	
6378	0	39644	
6379	0	39858	
6380	0	36855	
6381	0	32514	
6382	0	28653	
6383	0	26674	
6384	0	26517	
6385	0	27170	
6386	0	28103	
6387	0	29224	
6388	0	30082	
6389	0	31140	
6390	0	32246	
6391	0	33039	
6392	0	33485	
6393	0	33764	
6394	0	33793	
6395	0	33712	
6396	0	33540	
6397	0	33399	
6398	0	33426	
6399	0	33393	
6400	0	33446	
6401	0	33415	
6402	0	33255	
6403	0	33223	
6404	0	33151	
6405	0	33130	
6406	0	33042	
6407	0	33028	
6408	0	32933	
6409	0	33018	
6410	0	33144	
6411	0	33282	
6412	0	33287	
6413	0	33440	
6414	0	33496	
6415	0	33437	
6416	0	33254	
6417	0	33344	
6418	0	33262	
6419	0	33247	
6420	0	33222	
6421	0	33223	
6422	0	33248	
6423	0	33202	
6424	0	33218	
6425	0	33279	
6426	0	33280	
6427	0	33174	
6428	0	32943	
6429	0	32999	
6430	0	32966	
6431	0	32944	
6432	0	32903	
6433	0	32932	
6434	0	33002	
6435	0	32964	
6436	0	32868	
6437	0	32835	
6438	0	32774	
6439	0	32647	
6440	0	32534	
6441	0	32590	
6442	0	32628	
6443	0	32684	
6444	0	32604	
6445	0	32697	
6446	0	32668	
6447	0	32592	
6448	0	32505	
6449	0	32423	
6450	0	32393	
6451	0	32383	
6452	0	32376	
6453	0	32500	
6454	0	32608	
6455	0	32626	
6456	0	32687	
6457	0	32796	
6458	0	32893	
6459	0	32919	
6460	0	33020	
6461	0	32623	
6462	0	32912	
6463	0	34234	
6464	0	35343	
6465	0	35036	
6466	0	33469	
6467	0	31693	
6468	0	30674	
6469	0	30360	
6470	0	30572	
6471	0	31019	
6472	0	31506	
6473	0	32007	
6474	0	32299	
6475	0	32669	
6476	0	32992	
6477	0	33309	
6478	0	33407	
6479	0	33449	
6480	0	33647	
6481	0	33703	
6482	0	34014	
6483	0	34176	
6484	0	34116	
6485	0	33671	
6486	0	33159	
6487	0	32500	
6488	0	32063	
6489	0	31843	
6490	0	31820	
6491	0	31935	
6492	0	32071	
6493	0	32199	
6494	0	32509	
6495	0	32730	
6496	0	32860	
6497	0	33024	
6498	0	33031	
6499	0	33096	
6500	0	33156	
6501	0	33209	
6502	0	33136	
6503	0	33080	
6504	0	33082	
6505	0	32977	
6506	0	32980	
6507	0	32880	
6508	0	32796	
6509	0	32758	
6510	0	32775	
6511	0	32824	
6512	0	32795	
6513	0	32855	
6514	0	32854	
6515	0	32828	
6516	0	32846	
6517	0	32879	
6518	0	32866	
6519	0	32789	
6520	0	32888	
6521	0	32881	
6522	0	32842	
6523	0	32845	
6524	0	32744	
6525	0	32671	
6526	0	32752	
6527	0	32804	
6528	0	32761	
6529	0	32647	
6530	0	32685	
6531	0	32685	
6532	0	32669	
6533	0	32658	
6534	0	32708	
6535	0	32870	
6536	0	32784	
6537	0	32793	
6538	0	32787	
6539	0	32819	
6540	0	32914	
6541	0	32881	
6542	0	32903	
6543	0	32842	
6544	0	32921	
6545	0	32896	
6546	0	32854	
6547	0	32827	
6548	0	32743	
6549	0	32713	
6550	0	32887	
6551	0	32880	
6552	0	32932	
6553	0	32916	
6554	0	32941	
6555	0	32936	
6556	0	32903	
6557	0	32856	
6558	0	32839	
6559	0	32851	
6560	0	32888	
6561	0	32821	
6562	0	32812	
6563	0	32821	
6564	0	32844	
6565	0	32864	
6566	0	32862	
6567	0	32736	
6568	0	32828	
6569	0	32961	
6570	0	33036	
6571	0	32992	
6572	0	32944	
6573	0	32943	
6574	0	32899	
6575	0	32764	
6576	0	32799	
6577	0	32802	
6578	0	32704	
6579	0	32660	
6580	0	32661	
6581	0	32681	
6582	0	32617	
6583	0	32618	
6584	0	32695	
6585	0	32642	
6586	0	32623	
6587	0	32760	
6588	0	32807	
6589	0	32868	
6590	0	32972	
6591	0	33001	
6592	0	32973	
6593	0	32935	
6594	0	32845	
6595	0	32733	
6596	0	32646	
6597	0	32503	
6598	0	32575	
6599	0	32662	
