# OpenSignals Text File Format
# {"00:07:80:FC:57:23": {"sensor": ["EMG"], "device name": "00:07:80:FC:57:23", "column": ["nSeq", "DI", "flexor_fingers"], "sync interval": 2, "time": "13:25:44.444", "comments": "", "device connection": "BTH00:07:80:FC:57:23", "channels": [5], "keywords": "", "convertedValues": 0, "digital IO": [0, 1], "mode": 0, "date": "2018-7-9", "firmware version": 773, "device": "biosignalsplux", "position": 0, "sampling rate": 1000, "label": ["flexor_fingers"], "resolution": [16], "forcePlatform values": [0.0, 0.0, 0.0, 0.0, 0.0, 0.0, 0.0, 0.0], "special": [{}]}}
# EndOfHeader
0	0	32739	
1	0	32775	
2	0	32834	
3	0	32854	
4	0	32788	
5	0	32578	
6	0	32720	
7	0	32793	
8	0	32839	
9	0	32663	
10	0	32672	
11	0	32837	
12	0	32775	
13	0	32658	
14	0	32603	
15	0	32775	
16	0	32838	
17	0	32848	
18	0	32758	
19	0	32807	
20	0	32810	
21	0	32752	
22	0	32830	
23	0	32960	
24	0	32940	
25	0	32407	
26	0	32301	
27	0	32516	
28	0	32732	
29	0	32857	
30	0	32871	
31	0	32794	
32	0	32785	
33	0	32728	
34	0	32850	
35	0	32818	
36	0	32775	
37	0	32665	
38	0	32726	
39	0	32744	
40	0	32881	
41	0	32809	
42	0	32758	
43	0	32717	
44	0	32690	
45	0	32691	
46	0	32711	
47	0	32767	
48	0	32681	
49	0	32771	
50	0	32912	
51	0	32671	
52	0	32669	
53	0	32734	
54	0	32823	
55	0	32664	
56	0	32743	
57	0	32782	
58	0	32715	
59	0	32792	
60	0	32873	
61	0	32881	
62	0	32707	
63	0	32577	
64	0	32551	
65	0	32695	
66	0	32875	
67	0	32856	
68	0	32847	
69	0	32806	
70	0	32775	
71	0	32775	
72	0	32775	
73	0	32610	
74	0	32655	
75	0	32668	
76	0	32673	
77	0	32734	
78	0	32815	
79	0	32749	
80	0	32775	
81	0	32728	
82	0	32719	
83	0	32749	
84	0	32754	
85	0	32761	
86	0	32824	
87	0	32769	
88	0	32797	
89	0	32675	
90	0	32672	
91	0	32745	
92	0	32794	
93	0	32808	
94	0	32758	
95	0	32775	
96	0	32718	
97	0	32713	
98	0	32721	
99	0	32726	
100	0	32702	
101	0	32775	
102	0	32805	
103	0	32576	
104	0	32704	
105	0	32835	
106	0	32775	
107	0	32774	
108	0	32755	
109	0	32670	
110	0	32668	
111	0	32797	
112	0	32750	
113	0	32708	
114	0	32812	
115	0	32888	
116	0	32885	
117	0	32729	
118	0	32811	
119	0	32775	
120	0	32735	
121	0	32617	
122	0	32762	
123	0	32868	
124	0	32752	
125	0	32754	
126	0	32704	
127	0	32932	
128	0	32830	
129	0	32644	
130	0	32836	
131	0	32883	
132	0	32760	
133	0	32565	
134	0	32605	
135	0	32626	
136	0	32647	
137	0	32679	
138	0	32705	
139	0	32918	
140	0	32869	
141	0	32775	
142	0	32801	
143	0	32692	
144	0	32759	
145	0	32807	
146	0	32749	
147	0	32805	
148	0	32771	
149	0	32678	
150	0	32721	
151	0	32775	
152	0	32711	
153	0	32774	
154	0	32842	
155	0	32863	
156	0	32671	
157	0	32775	
158	0	32803	
159	0	32775	
160	0	32565	
161	0	32646	
162	0	32803	
163	0	32873	
164	0	32740	
165	0	32843	
166	0	32804	
167	0	32720	
168	0	32665	
169	0	32750	
170	0	32711	
171	0	32707	
172	0	32693	
173	0	32747	
174	0	32800	
175	0	32856	
176	0	32603	
177	0	32678	
178	0	32822	
179	0	32684	
180	0	32751	
181	0	32753	
182	0	32732	
183	0	32816	
184	0	32842	
185	0	32751	
186	0	32679	
187	0	32669	
188	0	32749	
189	0	32722	
190	0	32771	
191	0	32678	
192	0	32679	
193	0	32692	
194	0	32775	
195	0	32874	
196	0	32791	
197	0	32644	
198	0	32845	
199	0	32909	
200	0	32797	
201	0	32762	
202	0	32773	
203	0	32820	
204	0	32746	
205	0	32734	
206	0	32768	
207	0	32736	
208	0	32738	
209	0	32719	
210	0	32701	
211	0	32763	
212	0	32809	
213	0	32602	
214	0	32551	
215	0	32687	
216	0	32800	
217	0	32784	
218	0	32746	
219	0	32820	
220	0	32862	
221	0	32994	
222	0	32952	
223	0	32850	
224	0	32560	
225	0	32428	
226	0	32416	
227	0	32626	
228	0	32748	
229	0	32719	
230	0	32864	
231	0	32775	
232	0	32910	
233	0	32824	
234	0	32751	
235	0	32803	
236	0	32794	
237	0	32773	
238	0	32812	
239	0	32722	
240	0	32740	
241	0	32714	
242	0	32832	
243	0	32813	
244	0	32695	
245	0	32639	
246	0	32660	
247	0	32848	
248	0	32851	
249	0	32671	
250	0	32655	
251	0	32742	
252	0	32827	
253	0	32775	
254	0	32702	
255	0	32712	
256	0	32852	
257	0	32775	
258	0	32887	
259	0	32909	
260	0	32804	
261	0	32670	
262	0	32602	
263	0	32718	
264	0	32679	
265	0	32673	
266	0	32715	
267	0	32716	
268	0	32775	
269	0	32767	
270	0	32758	
271	0	32695	
272	0	32628	
273	0	32858	
274	0	33093	
275	0	32740	
276	0	32549	
277	0	32690	
278	0	32775	
279	0	32698	
280	0	32609	
281	0	32665	
282	0	32809	
283	0	32812	
284	0	32668	
285	0	32729	
286	0	32794	
287	0	32749	
288	0	32864	
289	0	32748	
290	0	32717	
291	0	32764	
292	0	32816	
293	0	32829	
294	0	32756	
295	0	32696	
296	0	32706	
297	0	32735	
298	0	32882	
299	0	32934	
300	0	32826	
301	0	32635	
302	0	32613	
303	0	32733	
304	0	32843	
305	0	32770	
306	0	32745	
307	0	32739	
308	0	32752	
309	0	32848	
310	0	32791	
311	0	32749	
312	0	32863	
313	0	32767	
314	0	32708	
315	0	32664	
316	0	32724	
317	0	32757	
318	0	32746	
319	0	32706	
320	0	32696	
321	0	32749	
322	0	32697	
323	0	32755	
324	0	32800	
325	0	32808	
326	0	32807	
327	0	32775	
328	0	32941	
329	0	32824	
330	0	32626	
331	0	32582	
332	0	32613	
333	0	32646	
334	0	32811	
335	0	32758	
336	0	32914	
337	0	32870	
338	0	32702	
339	0	32647	
340	0	32615	
341	0	32703	
342	0	32756	
343	0	32775	
344	0	32719	
345	0	32775	
346	0	32745	
347	0	32695	
348	0	32711	
349	0	32772	
350	0	32749	
351	0	32752	
352	0	32822	
353	0	32837	
354	0	32914	
355	0	32830	
356	0	32718	
357	0	32610	
358	0	32631	
359	0	32715	
360	0	32720	
361	0	32743	
362	0	32805	
363	0	32957	
364	0	32705	
365	0	32672	
366	0	32611	
367	0	32621	
368	0	32743	
369	0	32759	
370	0	32741	
371	0	32752	
372	0	32749	
373	0	32809	
374	0	32767	
375	0	32871	
376	0	32946	
377	0	32812	
378	0	32704	
379	0	32696	
380	0	32909	
381	0	32871	
382	0	32645	
383	0	32506	
384	0	32474	
385	0	32567	
386	0	32726	
387	0	32988	
388	0	33002	
389	0	32763	
390	0	32530	
391	0	32722	
392	0	32775	
393	0	32746	
394	0	32749	
395	0	32865	
396	0	32956	
397	0	32711	
398	0	32568	
399	0	32720	
400	0	32862	
401	0	32803	
402	0	32700	
403	0	32818	
404	0	32798	
405	0	32647	
406	0	32799	
407	0	32738	
408	0	32746	
409	0	32720	
410	0	32674	
411	0	32802	
412	0	32743	
413	0	32755	
414	0	32662	
415	0	32751	
416	0	32793	
417	0	32773	
418	0	32757	
419	0	32790	
420	0	32677	
421	0	32679	
422	0	32724	
423	0	32754	
424	0	32760	
425	0	32788	
426	0	32775	
427	0	32804	
428	0	32839	
429	0	32768	
430	0	32766	
431	0	32767	
432	0	32884	
433	0	32849	
434	0	32742	
435	0	32568	
436	0	32653	
437	0	32631	
438	0	32634	
439	0	32679	
440	0	32881	
441	0	32903	
442	0	32760	
443	0	32652	
444	0	32622	
445	0	32719	
446	0	32825	
447	0	32837	
448	0	32772	
449	0	32765	
450	0	32734	
451	0	32814	
452	0	32824	
453	0	32801	
454	0	32806	
455	0	32664	
456	0	32667	
457	0	32698	
458	0	32748	
459	0	32816	
460	0	32871	
461	0	32871	
462	0	32970	
463	0	32850	
464	0	32615	
465	0	32570	
466	0	32602	
467	0	32568	
468	0	32621	
469	0	32711	
470	0	32743	
471	0	32753	
472	0	32790	
473	0	32774	
474	0	32646	
475	0	32699	
476	0	32775	
477	0	32807	
478	0	32748	
479	0	32786	
480	0	32702	
481	0	32716	
482	0	32798	
483	0	32798	
484	0	32775	
485	0	32676	
486	0	32756	
487	0	32775	
488	0	32732	
489	0	32775	
490	0	32941	
491	0	32829	
492	0	32732	
493	0	32873	
494	0	32770	
495	0	32597	
496	0	32679	
497	0	32726	
498	0	32709	
499	0	32690	
500	0	32668	
501	0	32743	
502	0	32821	
503	0	32740	
504	0	32798	
505	0	32758	
506	0	32807	
507	0	32837	
508	0	32638	
509	0	32724	
510	0	32750	
511	0	32795	
512	0	32856	
513	0	32655	
514	0	32641	
515	0	32645	
516	0	32710	
517	0	32756	
518	0	32947	
519	0	33078	
520	0	32797	
521	0	32643	
522	0	32657	
523	0	32690	
524	0	32564	
525	0	32636	
526	0	32738	
527	0	32730	
528	0	32707	
529	0	32698	
530	0	32764	
531	0	32773	
532	0	32839	
533	0	32839	
534	0	32834	
535	0	32852	
536	0	32835	
537	0	32657	
538	0	32786	
539	0	32833	
540	0	32701	
541	0	32656	
542	0	32749	
543	0	32909	
544	0	32808	
545	0	32746	
546	0	32592	
547	0	32592	
548	0	32720	
549	0	32831	
550	0	32798	
551	0	32803	
552	0	32734	
553	0	32752	
554	0	32889	
555	0	32836	
556	0	32702	
557	0	32647	
558	0	32670	
559	0	32695	
560	0	32692	
561	0	32748	
562	0	32734	
563	0	32775	
564	0	32725	
565	0	32801	
566	0	32786	
567	0	32743	
568	0	32826	
569	0	32816	
570	0	32687	
571	0	32667	
572	0	32711	
573	0	32823	
574	0	32785	
575	0	32703	
576	0	32660	
577	0	32772	
578	0	32800	
579	0	32744	
580	0	32723	
581	0	32728	
582	0	32861	
583	0	32793	
584	0	32692	
585	0	32680	
586	0	32647	
587	0	32670	
588	0	32658	
589	0	32756	
590	0	32821	
591	0	33012	
592	0	32922	
593	0	32744	
594	0	32632	
595	0	32583	
596	0	32621	
597	0	32748	
598	0	32869	
599	0	32880	
600	0	32722	
601	0	32628	
602	0	32697	
603	0	32812	
604	0	32818	
605	0	32910	
606	0	32800	
607	0	32748	
608	0	32695	
609	0	32699	
610	0	32760	
611	0	32790	
612	0	32847	
613	0	32713	
614	0	32669	
615	0	32726	
616	0	32772	
617	0	32745	
618	0	32700	
619	0	32770	
620	0	32686	
621	0	32683	
622	0	32752	
623	0	32833	
624	0	32806	
625	0	32775	
626	0	32690	
627	0	32775	
628	0	32829	
629	0	32663	
630	0	32731	
631	0	32669	
632	0	32723	
633	0	32794	
634	0	32829	
635	0	32728	
636	0	32716	
637	0	32804	
638	0	32815	
639	0	32719	
640	0	32634	
641	0	32601	
642	0	32784	
643	0	32893	
644	0	32668	
645	0	32732	
646	0	32918	
647	0	32849	
648	0	32803	
649	0	32839	
650	0	32738	
651	0	32632	
652	0	32816	
653	0	32716	
654	0	32616	
655	0	32686	
656	0	32677	
657	0	32741	
658	0	32775	
659	0	32799	
660	0	32798	
661	0	32792	
662	0	32804	
663	0	32730	
664	0	32735	
665	0	32738	
666	0	32770	
667	0	32751	
668	0	32784	
669	0	32805	
670	0	32773	
671	0	32732	
672	0	32684	
673	0	32704	
674	0	32741	
675	0	32788	
676	0	32775	
677	0	32723	
678	0	32699	
679	0	32732	
680	0	32796	
681	0	32848	
682	0	32830	
683	0	32692	
684	0	32687	
685	0	32745	
686	0	32814	
687	0	32690	
688	0	32702	
689	0	32756	
690	0	32785	
691	0	32775	
692	0	32851	
693	0	32775	
694	0	32805	
695	0	32853	
696	0	32811	
697	0	32739	
698	0	32551	
699	0	32798	
700	0	32854	
701	0	32664	
702	0	32615	
703	0	32705	
704	0	32729	
705	0	32797	
706	0	32665	
707	0	32768	
708	0	32736	
709	0	32860	
710	0	32847	
711	0	32754	
712	0	32656	
713	0	32702	
714	0	32747	
715	0	32741	
716	0	32719	
717	0	32807	
718	0	32809	
719	0	32792	
720	0	32679	
721	0	32749	
722	0	32786	
723	0	32728	
724	0	32758	
725	0	32717	
726	0	32759	
727	0	32722	
728	0	32876	
729	0	32786	
730	0	32656	
731	0	32609	
732	0	32748	
733	0	32743	
734	0	32772	
735	0	32912	
736	0	32850	
737	0	32710	
738	0	32710	
739	0	32711	
740	0	32766	
741	0	32684	
742	0	32588	
743	0	32690	
744	0	32827	
745	0	32751	
746	0	32838	
747	0	32791	
748	0	32728	
749	0	32719	
750	0	32749	
751	0	32770	
752	0	32730	
753	0	32711	
754	0	32955	
755	0	32806	
756	0	32612	
757	0	32667	
758	0	32699	
759	0	32775	
760	0	32865	
761	0	32759	
762	0	32721	
763	0	32696	
764	0	32791	
765	0	32798	
766	0	32752	
767	0	32744	
768	0	32738	
769	0	32740	
770	0	32727	
771	0	32724	
772	0	32758	
773	0	32783	
774	0	32794	
775	0	32783	
776	0	32670	
777	0	32804	
778	0	32862	
779	0	32706	
780	0	32716	
781	0	32768	
782	0	32732	
783	0	32718	
784	0	32658	
785	0	32755	
786	0	32738	
787	0	32694	
788	0	32690	
789	0	32834	
790	0	32860	
791	0	32783	
792	0	32748	
793	0	32641	
794	0	32773	
795	0	32870	
796	0	32832	
797	0	32667	
798	0	32519	
799	0	32611	
800	0	32664	
801	0	32745	
802	0	32771	
803	0	32703	
804	0	32748	
805	0	32958	
806	0	32850	
807	0	32807	
808	0	32728	
809	0	32752	
810	0	32775	
811	0	32878	
812	0	32855	
813	0	32829	
814	0	32752	
815	0	32597	
816	0	32692	
817	0	32729	
818	0	32771	
819	0	32774	
820	0	32821	
821	0	32738	
822	0	32743	
823	0	32804	
824	0	32696	
825	0	32739	
826	0	32793	
827	0	32625	
828	0	32711	
829	0	32871	
830	0	32775	
831	0	32693	
832	0	32654	
833	0	32647	
834	0	32634	
835	0	32903	
836	0	32848	
837	0	32750	
838	0	32744	
839	0	32824	
840	0	32893	
841	0	32933	
842	0	32858	
843	0	32772	
844	0	32692	
845	0	32647	
846	0	32563	
847	0	32572	
848	0	32733	
849	0	32822	
850	0	32755	
851	0	32646	
852	0	32655	
853	0	32703	
854	0	32687	
855	0	32759	
856	0	32896	
857	0	32918	
858	0	32735	
859	0	32705	
860	0	32727	
861	0	32664	
862	0	32784	
863	0	32858	
864	0	32765	
865	0	32775	
866	0	32908	
867	0	32967	
868	0	32610	
869	0	32454	
870	0	32649	
871	0	32816	
872	0	32909	
873	0	32798	
874	0	32711	
875	0	32706	
876	0	32662	
877	0	32661	
878	0	32606	
879	0	32679	
880	0	32771	
881	0	32872	
882	0	32800	
883	0	32743	
884	0	32728	
885	0	32760	
886	0	32868	
887	0	32807	
888	0	32835	
889	0	32716	
890	0	32668	
891	0	32743	
892	0	32845	
893	0	32897	
894	0	32870	
895	0	32670	
896	0	32707	
897	0	32671	
898	0	32711	
899	0	32860	
900	0	32862	
901	0	32727	
902	0	32684	
903	0	32563	
904	0	32546	
905	0	32769	
906	0	32854	
907	0	32849	
908	0	32772	
909	0	32796	
910	0	32715	
911	0	32805	
912	0	33103	
913	0	33179	
914	0	32678	
915	0	32288	
916	0	32366	
917	0	32583	
918	0	32843	
919	0	32903	
920	0	32789	
921	0	32671	
922	0	32703	
923	0	32728	
924	0	32748	
925	0	32827	
926	0	32839	
927	0	32792	
928	0	32652	
929	0	32644	
930	0	32812	
931	0	32847	
932	0	32814	
933	0	32816	
934	0	32732	
935	0	32724	
936	0	32875	
937	0	32816	
938	0	32803	
939	0	32732	
940	0	32769	
941	0	32679	
942	0	32692	
943	0	32742	
944	0	32752	
945	0	32729	
946	0	32734	
947	0	32786	
948	0	32791	
949	0	32793	
950	0	32836	
951	0	32678	
952	0	32800	
953	0	32903	
954	0	32759	
955	0	32759	
956	0	32707	
957	0	32594	
958	0	32583	
959	0	32654	
960	0	32740	
961	0	32854	
962	0	32914	
963	0	32823	
964	0	32647	
965	0	32594	
966	0	32548	
967	0	32723	
968	0	32775	
969	0	32933	
970	0	32770	
971	0	32606	
972	0	32696	
973	0	32673	
974	0	32717	
975	0	32740	
976	0	32871	
977	0	32800	
978	0	32661	
979	0	32696	
980	0	32784	
981	0	32738	
982	0	32798	
983	0	32952	
984	0	32900	
985	0	32658	
986	0	32558	
987	0	32583	
988	0	32809	
989	0	32754	
990	0	32669	
991	0	32793	
992	0	32843	
993	0	32847	
994	0	32765	
995	0	32768	
996	0	32767	
997	0	32893	
998	0	33007	
999	0	32692	
1000	0	32543	
1001	0	32637	
1002	0	32695	
1003	0	32690	
1004	0	32745	
1005	0	32760	
1006	0	32715	
1007	0	32713	
1008	0	32698	
1009	0	32706	
1010	0	32783	
1011	0	32855	
1012	0	32775	
1013	0	32826	
1014	0	32806	
1015	0	32757	
1016	0	32727	
1017	0	32759	
1018	0	32821	
1019	0	33068	
1020	0	32824	
1021	0	32647	
1022	0	32517	
1023	0	32604	
1024	0	32774	
1025	0	32810	
1026	0	32741	
1027	0	32790	
1028	0	32821	
1029	0	32756	
1030	0	32671	
1031	0	32619	
1032	0	32677	
1033	0	32699	
1034	0	32740	
1035	0	32752	
1036	0	32832	
1037	0	32816	
1038	0	32683	
1039	0	32698	
1040	0	32774	
1041	0	32766	
1042	0	32711	
1043	0	32770	
1044	0	32799	
1045	0	32903	
1046	0	32870	
1047	0	32774	
1048	0	32768	
1049	0	32765	
1050	0	32701	
1051	0	32537	
1052	0	32788	
1053	0	32888	
1054	0	32758	
1055	0	32802	
1056	0	32742	
1057	0	32687	
1058	0	32711	
1059	0	32669	
1060	0	32662	
1061	0	32671	
1062	0	32849	
1063	0	32912	
1064	0	32819	
1065	0	32803	
1066	0	32783	
1067	0	32719	
1068	0	32701	
1069	0	32684	
1070	0	32697	
1071	0	32771	
1072	0	32812	
1073	0	32619	
1074	0	32594	
1075	0	32676	
1076	0	32941	
1077	0	32910	
1078	0	32726	
1079	0	32615	
1080	0	32672	
1081	0	32761	
1082	0	32799	
1083	0	32738	
1084	0	32853	
1085	0	32734	
1086	0	32813	
1087	0	32819	
1088	0	32807	
1089	0	32806	
1090	0	32771	
1091	0	32809	
1092	0	32758	
1093	0	32751	
1094	0	32749	
1095	0	32710	
1096	0	32756	
1097	0	32722	
1098	0	32684	
1099	0	32775	
1100	0	32806	
1101	0	32639	
1102	0	32711	
1103	0	32845	
1104	0	32967	
1105	0	32764	
1106	0	32721	
1107	0	32807	
1108	0	32692	
1109	0	32598	
1110	0	32693	
1111	0	32738	
1112	0	32715	
1113	0	32637	
1114	0	32711	
1115	0	32722	
1116	0	32765	
1117	0	32846	
1118	0	32886	
1119	0	32833	
1120	0	32864	
1121	0	32822	
1122	0	32810	
1123	0	32596	
1124	0	32696	
1125	0	32564	
1126	0	32711	
1127	0	32887	
1128	0	32858	
1129	0	32844	
1130	0	32877	
1131	0	32752	
1132	0	32612	
1133	0	32560	
1134	0	32637	
1135	0	32730	
1136	0	32812	
1137	0	32914	
1138	0	32802	
1139	0	32677	
1140	0	32672	
1141	0	32775	
1142	0	32805	
1143	0	32792	
1144	0	32832	
1145	0	32739	
1146	0	32705	
1147	0	32685	
1148	0	32710	
1149	0	32775	
1150	0	32775	
1151	0	32710	
1152	0	32732	
1153	0	32713	
1154	0	32772	
1155	0	32800	
1156	0	32722	
1157	0	32804	
1158	0	32601	
1159	0	32630	
1160	0	32711	
1161	0	32810	
1162	0	32859	
1163	0	32918	
1164	0	32765	
1165	0	32699	
1166	0	32647	
1167	0	32766	
1168	0	32868	
1169	0	32790	
1170	0	32658	
1171	0	32765	
1172	0	32915	
1173	0	32833	
1174	0	32733	
1175	0	32727	
1176	0	32749	
1177	0	32620	
1178	0	32627	
1179	0	32710	
1180	0	32813	
1181	0	32919	
1182	0	32861	
1183	0	32664	
1184	0	32597	
1185	0	32724	
1186	0	32730	
1187	0	32641	
1188	0	32744	
1189	0	32676	
1190	0	32756	
1191	0	32819	
1192	0	32818	
1193	0	32856	
1194	0	32876	
1195	0	32871	
1196	0	32844	
1197	0	32665	
1198	0	32721	
1199	0	32775	
1200	0	32639	
1201	0	32609	
1202	0	32774	
1203	0	32831	
1204	0	32943	
1205	0	33144	
1206	0	32501	
1207	0	32506	
1208	0	32615	
1209	0	32797	
1210	0	32738	
1211	0	32692	
1212	0	32691	
1213	0	32832	
1214	0	32836	
1215	0	32727	
1216	0	32775	
1217	0	32879	
1218	0	32832	
1219	0	32670	
1220	0	32623	
1221	0	32730	
1222	0	32711	
1223	0	32744	
1224	0	32774	
1225	0	32705	
1226	0	32727	
1227	0	32722	
1228	0	32799	
1229	0	32789	
1230	0	32736	
1231	0	32745	
1232	0	32687	
1233	0	32784	
1234	0	32914	
1235	0	32775	
1236	0	32797	
1237	0	32855	
1238	0	32749	
1239	0	32666	
1240	0	32835	
1241	0	32758	
1242	0	32613	
1243	0	32546	
1244	0	32592	
1245	0	32813	
1246	0	32871	
1247	0	32909	
1248	0	32817	
1249	0	32716	
1250	0	32803	
1251	0	32775	
1252	0	32753	
1253	0	32579	
1254	0	32757	
1255	0	32806	
1256	0	32695	
1257	0	32825	
1258	0	32797	
1259	0	32647	
1260	0	32716	
1261	0	32823	
1262	0	32748	
1263	0	32766	
1264	0	32751	
1265	0	32700	
1266	0	32700	
1267	0	32732	
1268	0	32741	
1269	0	32775	
1270	0	32733	
1271	0	32827	
1272	0	32775	
1273	0	32802	
1274	0	32845	
1275	0	32768	
1276	0	32751	
1277	0	32743	
1278	0	32748	
1279	0	32732	
1280	0	32851	
1281	0	32758	
1282	0	32625	
1283	0	32839	
1284	0	32730	
1285	0	32658	
1286	0	32637	
1287	0	32454	
1288	0	32740	
1289	0	32746	
1290	0	32665	
1291	0	32863	
1292	0	33101	
1293	0	32932	
1294	0	32583	
1295	0	32744	
1296	0	32793	
1297	0	32610	
1298	0	32627	
1299	0	32758	
1300	0	32828	
1301	0	32831	
1302	0	32829	
1303	0	32647	
1304	0	32711	
1305	0	32719	
1306	0	32750	
1307	0	32747	
1308	0	32745	
1309	0	32775	
1310	0	32768	
1311	0	32844	
1312	0	32725	
1313	0	32759	
1314	0	32797	
1315	0	32745	
1316	0	32790	
1317	0	32775	
1318	0	32642	
1319	0	32538	
1320	0	32660	
1321	0	32736	
1322	0	32807	
1323	0	32848	
1324	0	32797	
1325	0	32697	
1326	0	32627	
1327	0	32731	
1328	0	32901	
1329	0	32839	
1330	0	32903	
1331	0	32824	
1332	0	32505	
1333	0	32557	
1334	0	32730	
1335	0	32932	
1336	0	32930	
1337	0	32754	
1338	0	32662	
1339	0	32658	
1340	0	32601	
1341	0	32696	
1342	0	32775	
1343	0	32707	
1344	0	32716	
1345	0	32909	
1346	0	32839	
1347	0	32940	
1348	0	32850	
1349	0	32653	
1350	0	32589	
1351	0	32784	
1352	0	32887	
1353	0	32759	
1354	0	32676	
1355	0	32807	
1356	0	32743	
1357	0	32731	
1358	0	32799	
1359	0	32830	
1360	0	32932	
1361	0	32756	
1362	0	32532	
1363	0	32647	
1364	0	32704	
1365	0	32727	
1366	0	32695	
1367	0	32709	
1368	0	32716	
1369	0	32775	
1370	0	32725	
1371	0	32782	
1372	0	32814	
1373	0	32871	
1374	0	32804	
1375	0	32720	
1376	0	32762	
1377	0	32711	
1378	0	32752	
1379	0	32749	
1380	0	32709	
1381	0	32764	
1382	0	32716	
1383	0	32784	
1384	0	32715	
1385	0	32802	
1386	0	32797	
1387	0	32579	
1388	0	32676	
1389	0	32917	
1390	0	32848	
1391	0	32818	
1392	0	32775	
1393	0	32588	
1394	0	32607	
1395	0	32681	
1396	0	32864	
1397	0	32882	
1398	0	32772	
1399	0	32763	
1400	0	32716	
1401	0	32710	
1402	0	32687	
1403	0	32736	
1404	0	32735	
1405	0	32731	
1406	0	32846	
1407	0	32832	
1408	0	32807	
1409	0	32758	
1410	0	32790	
1411	0	32729	
1412	0	32750	
1413	0	32758	
1414	0	32870	
1415	0	32887	
1416	0	32749	
1417	0	32591	
1418	0	32568	
1419	0	32694	
1420	0	32816	
1421	0	32775	
1422	0	32767	
1423	0	32839	
1424	0	32750	
1425	0	32711	
1426	0	32809	
1427	0	32632	
1428	0	32708	
1429	0	32711	
1430	0	32710	
1431	0	32694	
1432	0	32657	
1433	0	32728	
1434	0	32790	
1435	0	32741	
1436	0	32758	
1437	0	32813	
1438	0	32758	
1439	0	32775	
1440	0	32770	
1441	0	32836	
1442	0	32775	
1443	0	32711	
1444	0	32652	
1445	0	32855	
1446	0	32919	
1447	0	32856	
1448	0	32796	
1449	0	32637	
1450	0	32656	
1451	0	32668	
1452	0	32734	
1453	0	32743	
1454	0	32756	
1455	0	32727	
1456	0	32745	
1457	0	32726	
1458	0	32883	
1459	0	32895	
1460	0	32754	
1461	0	32727	
1462	0	32744	
1463	0	32699	
1464	0	32683	
1465	0	32676	
1466	0	32741	
1467	0	32566	
1468	0	32659	
1469	0	32720	
1470	0	32741	
1471	0	32757	
1472	0	32786	
1473	0	32805	
1474	0	32743	
1475	0	32852	
1476	0	32890	
1477	0	32815	
1478	0	32785	
1479	0	32802	
1480	0	32596	
1481	0	32509	
1482	0	32690	
1483	0	32844	
1484	0	32689	
1485	0	32774	
1486	0	32716	
1487	0	32754	
1488	0	32815	
1489	0	32804	
1490	0	32740	
1491	0	32847	
1492	0	32794	
1493	0	32727	
1494	0	32701	
1495	0	32725	
1496	0	32742	
1497	0	32820	
1498	0	32806	
1499	0	32742	
1500	0	32804	
1501	0	32791	
1502	0	32764	
1503	0	32692	
1504	0	32638	
1505	0	32530	
1506	0	32600	
1507	0	32845	
1508	0	32995	
1509	0	32823	
1510	0	32598	
1511	0	32704	
1512	0	32848	
1513	0	32774	
1514	0	32745	
1515	0	32798	
1516	0	32675	
1517	0	32733	
1518	0	32807	
1519	0	32793	
1520	0	32673	
1521	0	32767	
1522	0	32746	
1523	0	32781	
1524	0	32806	
1525	0	32815	
1526	0	32758	
1527	0	32771	
1528	0	32674	
1529	0	32614	
1530	0	32761	
1531	0	32826	
1532	0	32753	
1533	0	32845	
1534	0	32906	
1535	0	33005	
1536	0	32682	
1537	0	32548	
1538	0	32624	
1539	0	32685	
1540	0	32682	
1541	0	32845	
1542	0	32759	
1543	0	32748	
1544	0	32655	
1545	0	32681	
1546	0	32654	
1547	0	32671	
1548	0	32668	
1549	0	32795	
1550	0	32804	
1551	0	32791	
1552	0	32866	
1553	0	32791	
1554	0	32711	
1555	0	32761	
1556	0	32794	
1557	0	32815	
1558	0	32793	
1559	0	32832	
1560	0	32811	
1561	0	32850	
1562	0	33048	
1563	0	32606	
1564	0	32419	
1565	0	32670	
1566	0	32848	
1567	0	32668	
1568	0	32696	
1569	0	32767	
1570	0	32676	
1571	0	32669	
1572	0	32670	
1573	0	32710	
1574	0	32743	
1575	0	32854	
1576	0	32908	
1577	0	32855	
1578	0	32735	
1579	0	32743	
1580	0	32731	
1581	0	32792	
1582	0	32815	
1583	0	32737	
1584	0	32663	
1585	0	32738	
1586	0	32892	
1587	0	32856	
1588	0	32729	
1589	0	32658	
1590	0	32647	
1591	0	32789	
1592	0	32773	
1593	0	32745	
1594	0	32652	
1595	0	32760	
1596	0	32836	
1597	0	32916	
1598	0	32987	
1599	0	32717	
1600	0	32625	
1601	0	32647	
1602	0	32557	
1603	0	32606	
1604	0	32668	
1605	0	32695	
1606	0	32702	
1607	0	32747	
1608	0	32833	
1609	0	32834	
1610	0	32808	
1611	0	32794	
1612	0	32871	
1613	0	32706	
1614	0	32806	
1615	0	32768	
1616	0	32765	
1617	0	32793	
1618	0	32726	
1619	0	32754	
1620	0	32591	
1621	0	32683	
1622	0	32758	
1623	0	32759	
1624	0	32785	
1625	0	32696	
1626	0	32723	
1627	0	32774	
1628	0	32920	
1629	0	32808	
1630	0	32519	
1631	0	32709	
1632	0	32859	
1633	0	32815	
1634	0	32742	
1635	0	32784	
1636	0	32706	
1637	0	32784	
1638	0	32872	
1639	0	32742	
1640	0	32716	
1641	0	32772	
1642	0	32815	
1643	0	32775	
1644	0	32751	
1645	0	32757	
1646	0	32748	
1647	0	32703	
1648	0	32729	
1649	0	32716	
1650	0	32740	
1651	0	32748	
1652	0	32640	
1653	0	32742	
1654	0	32800	
1655	0	32786	
1656	0	32772	
1657	0	32789	
1658	0	32799	
1659	0	32775	
1660	0	32645	
1661	0	32734	
1662	0	32878	
1663	0	32932	
1664	0	32727	
1665	0	32588	
1666	0	32701	
1667	0	32714	
1668	0	32579	
1669	0	32701	
1670	0	32815	
1671	0	32813	
1672	0	32765	
1673	0	32695	
1674	0	32699	
1675	0	32726	
1676	0	32850	
1677	0	32890	
1678	0	32641	
1679	0	32647	
1680	0	32826	
1681	0	32775	
1682	0	32731	
1683	0	32775	
1684	0	32755	
1685	0	32834	
1686	0	32787	
1687	0	32800	
1688	0	32800	
1689	0	32703	
1690	0	32679	
1691	0	32696	
1692	0	32726	
1693	0	32619	
1694	0	32646	
1695	0	32807	
1696	0	32727	
1697	0	32750	
1698	0	32831	
1699	0	32903	
1700	0	32820	
1701	0	32743	
1702	0	32690	
1703	0	32665	
1704	0	32687	
1705	0	32686	
1706	0	32772	
1707	0	32711	
1708	0	32756	
1709	0	32683	
1710	0	32724	
1711	0	32813	
1712	0	32736	
1713	0	32711	
1714	0	32760	
1715	0	32769	
1716	0	32702	
1717	0	32767	
1718	0	32788	
1719	0	32725	
1720	0	32771	
1721	0	32793	
1722	0	32830	
1723	0	32800	
1724	0	32708	
1725	0	32799	
1726	0	33024	
1727	0	32870	
1728	0	32611	
1729	0	32647	
1730	0	32545	
1731	0	32690	
1732	0	32860	
1733	0	32831	
1734	0	32839	
1735	0	32670	
1736	0	32734	
1737	0	32735	
1738	0	32697	
1739	0	32662	
1740	0	32759	
1741	0	32864	
1742	0	32854	
1743	0	32695	
1744	0	32721	
1745	0	32856	
1746	0	32775	
1747	0	32678	
1748	0	32606	
1749	0	32742	
1750	0	32824	
1751	0	32828	
1752	0	32797	
1753	0	32743	
1754	0	32798	
1755	0	32748	
1756	0	32716	
1757	0	32785	
1758	0	32852	
1759	0	32642	
1760	0	32722	
1761	0	32823	
1762	0	32833	
1763	0	32758	
1764	0	32691	
1765	0	32634	
1766	0	32696	
1767	0	32877	
1768	0	32952	
1769	0	32919	
1770	0	32692	
1771	0	32500	
1772	0	32603	
1773	0	32690	
1774	0	32865	
1775	0	32723	
1776	0	32711	
1777	0	32644	
1778	0	32546	
1779	0	32684	
1780	0	32857	
1781	0	32885	
1782	0	32711	
1783	0	32743	
1784	0	32736	
1785	0	32914	
1786	0	32976	
1787	0	32672	
1788	0	32502	
1789	0	32608	
1790	0	32676	
1791	0	32711	
1792	0	32616	
1793	0	32810	
1794	0	32967	
1795	0	32863	
1796	0	32623	
1797	0	32661	
1798	0	32886	
1799	0	32808	
1800	0	32744	
1801	0	32823	
1802	0	32818	
1803	0	32761	
1804	0	32838	
1805	0	32753	
1806	0	32591	
1807	0	32670	
1808	0	32756	
1809	0	32827	
1810	0	32717	
1811	0	32775	
1812	0	32758	
1813	0	32688	
1814	0	32728	
1815	0	32727	
1816	0	32883	
1817	0	32883	
1818	0	32772	
1819	0	32726	
1820	0	32678	
1821	0	32720	
1822	0	32798	
1823	0	32822	
1824	0	32723	
1825	0	32583	
1826	0	32604	
1827	0	32775	
1828	0	32928	
1829	0	32817	
1830	0	32578	
1831	0	32633	
1832	0	32742	
1833	0	32734	
1834	0	32760	
1835	0	32797	
1836	0	32812	
1837	0	32683	
1838	0	32711	
1839	0	32726	
1840	0	32743	
1841	0	32834	
1842	0	32894	
1843	0	32738	
1844	0	32807	
1845	0	32679	
1846	0	32692	
1847	0	32832	
1848	0	32812	
1849	0	32665	
1850	0	32647	
1851	0	32743	
1852	0	32795	
1853	0	32767	
1854	0	32743	
1855	0	32790	
1856	0	32754	
1857	0	32743	
1858	0	32750	
1859	0	32559	
1860	0	32517	
1861	0	32836	
1862	0	32879	
1863	0	32935	
1864	0	32833	
1865	0	32711	
1866	0	32653	
1867	0	32707	
1868	0	32860	
1869	0	32879	
1870	0	32732	
1871	0	32802	
1872	0	32788	
1873	0	32715	
1874	0	32690	
1875	0	32632	
1876	0	32736	
1877	0	32793	
1878	0	32773	
1879	0	32940	
1880	0	32737	
1881	0	32725	
1882	0	32643	
1883	0	32796	
1884	0	32775	
1885	0	32599	
1886	0	32641	
1887	0	32721	
1888	0	32752	
1889	0	32733	
1890	0	32689	
1891	0	32784	
1892	0	32827	
1893	0	32762	
1894	0	32760	
1895	0	32728	
1896	0	32808	
1897	0	32912	
1898	0	32860	
1899	0	32826	
1900	0	32976	
1901	0	32722	
1902	0	32403	
1903	0	32503	
1904	0	32744	
1905	0	32769	
1906	0	32740	
1907	0	32764	
1908	0	32696	
1909	0	32792	
1910	0	32709	
1911	0	32703	
1912	0	32857	
1913	0	32910	
1914	0	32774	
1915	0	32751	
1916	0	32720	
1917	0	32727	
1918	0	32813	
1919	0	32811	
1920	0	32673	
1921	0	32604	
1922	0	32618	
1923	0	32737	
1924	0	32869	
1925	0	32820	
1926	0	32746	
1927	0	32690	
1928	0	32598	
1929	0	32830	
1930	0	32893	
1931	0	32826	
1932	0	32736	
1933	0	32691	
1934	0	32722	
1935	0	32798	
1936	0	32739	
1937	0	32775	
1938	0	32862	
1939	0	32764	
1940	0	32668	
1941	0	32749	
1942	0	32745	
1943	0	32736	
1944	0	32743	
1945	0	32792	
1946	0	32754	
1947	0	32706	
1948	0	32676	
1949	0	32861	
1950	0	32767	
1951	0	32673	
1952	0	32704	
1953	0	32774	
1954	0	32708	
1955	0	32725	
1956	0	32807	
1957	0	32868	
1958	0	32839	
1959	0	32676	
1960	0	32775	
1961	0	32902	
1962	0	32820	
1963	0	32698	
1964	0	32662	
1965	0	32704	
1966	0	32604	
1967	0	32748	
1968	0	32735	
1969	0	32775	
1970	0	32829	
1971	0	32813	
1972	0	32789	
1973	0	32591	
1974	0	32645	
1975	0	32816	
1976	0	32902	
1977	0	32704	
1978	0	32587	
1979	0	32647	
1980	0	32708	
1981	0	32792	
1982	0	32789	
1983	0	32775	
1984	0	32711	
1985	0	32729	
1986	0	32796	
1987	0	32786	
1988	0	32715	
1989	0	32804	
1990	0	32864	
1991	0	32692	
1992	0	32651	
1993	0	32775	
1994	0	32837	
1995	0	32823	
1996	0	32745	
1997	0	32790	
1998	0	32847	
1999	0	32812	
2000	0	32720	
2001	0	32764	
2002	0	32700	
2003	0	32709	
2004	0	32675	
2005	0	32702	
2006	0	32653	
2007	0	32631	
2008	0	32820	
2009	0	32930	
2010	0	32937	
2011	0	32783	
2012	0	32614	
2013	0	32633	
2014	0	32653	
2015	0	32765	
2016	0	32738	
2017	0	32991	
2018	0	32986	
2019	0	32773	
2020	0	32535	
2021	0	32487	
2022	0	32624	
2023	0	32791	
2024	0	32631	
2025	0	32775	
2026	0	32926	
2027	0	32866	
2028	0	32750	
2029	0	32758	
2030	0	32700	
2031	0	32760	
2032	0	32748	
2033	0	32875	
2034	0	32844	
2035	0	32666	
2036	0	32647	
2037	0	32768	
2038	0	32976	
2039	0	32839	
2040	0	32628	
2041	0	32502	
2042	0	32639	
2043	0	32559	
2044	0	32644	
2045	0	32799	
2046	0	32882	
2047	0	33028	
2048	0	32972	
2049	0	32715	
2050	0	32572	
2051	0	32654	
2052	0	32673	
2053	0	32816	
2054	0	32675	
2055	0	32708	
2056	0	32799	
2057	0	32867	
2058	0	32854	
2059	0	32876	
2060	0	32692	
2061	0	32608	
2062	0	32631	
2063	0	32711	
2064	0	32789	
2065	0	32834	
2066	0	32819	
2067	0	32790	
2068	0	32814	
2069	0	32626	
2070	0	32739	
2071	0	32684	
2072	0	32690	
2073	0	32704	
2074	0	32843	
2075	0	32829	
2076	0	32759	
2077	0	32743	
2078	0	32797	
2079	0	32748	
2080	0	32673	
2081	0	32808	
2082	0	32838	
2083	0	32720	
2084	0	32728	
2085	0	32742	
2086	0	32754	
2087	0	32647	
2088	0	32666	
2089	0	32679	
2090	0	32618	
2091	0	32903	
2092	0	32909	
2093	0	32724	
2094	0	32737	
2095	0	32855	
2096	0	32735	
2097	0	32767	
2098	0	32642	
2099	0	32602	
2100	0	32722	
2101	0	32798	
2102	0	32844	
2103	0	32816	
2104	0	32740	
2105	0	32745	
2106	0	32848	
2107	0	32813	
2108	0	32782	
2109	0	32717	
2110	0	32724	
2111	0	32699	
2112	0	32757	
2113	0	32716	
2114	0	32719	
2115	0	32674	
2116	0	32758	
2117	0	32793	
2118	0	32793	
2119	0	32655	
2120	0	32800	
2121	0	32807	
2122	0	32857	
2123	0	32795	
2124	0	32677	
2125	0	32751	
2126	0	32804	
2127	0	32775	
2128	0	32773	
2129	0	32793	
2130	0	32890	
2131	0	32903	
2132	0	32732	
2133	0	32627	
2134	0	32756	
2135	0	32719	
2136	0	32662	
2137	0	32609	
2138	0	32749	
2139	0	32775	
2140	0	32768	
2141	0	32673	
2142	0	32594	
2143	0	32717	
2144	0	32924	
2145	0	32850	
2146	0	32807	
2147	0	32647	
2148	0	32610	
2149	0	32724	
2150	0	32725	
2151	0	32624	
2152	0	32619	
2153	0	32847	
2154	0	32866	
2155	0	32754	
2156	0	32838	
2157	0	32884	
2158	0	32742	
2159	0	32794	
2160	0	32711	
2161	0	32841	
2162	0	32846	
2163	0	32801	
2164	0	32694	
2165	0	32704	
2166	0	32616	
2167	0	32614	
2168	0	32767	
2169	0	32711	
2170	0	32714	
2171	0	32758	
2172	0	32705	
2173	0	32724	
2174	0	32676	
2175	0	32807	
2176	0	32804	
2177	0	32789	
2178	0	32787	
2179	0	32676	
2180	0	32710	
2181	0	32711	
2182	0	32717	
2183	0	32766	
2184	0	32822	
2185	0	32860	
2186	0	32788	
2187	0	32724	
2188	0	32767	
2189	0	32746	
2190	0	32757	
2191	0	32757	
2192	0	32732	
2193	0	32704	
2194	0	32807	
2195	0	32736	
2196	0	32586	
2197	0	32710	
2198	0	32717	
2199	0	32739	
2200	0	32839	
2201	0	32848	
2202	0	32849	
2203	0	32822	
2204	0	32767	
2205	0	32839	
2206	0	32791	
2207	0	32619	
2208	0	32450	
2209	0	32790	
2210	0	32807	
2211	0	32683	
2212	0	32658	
2213	0	32901	
2214	0	32850	
2215	0	32739	
2216	0	32733	
2217	0	32748	
2218	0	32797	
2219	0	32763	
2220	0	32860	
2221	0	32842	
2222	0	32991	
2223	0	32870	
2224	0	32567	
2225	0	32464	
2226	0	32615	
2227	0	32735	
2228	0	32679	
2229	0	32744	
2230	0	32698	
2231	0	32681	
2232	0	32675	
2233	0	32816	
2234	0	32864	
2235	0	32820	
2236	0	32702	
2237	0	32829	
2238	0	32813	
2239	0	32824	
2240	0	32774	
2241	0	32737	
2242	0	32750	
2243	0	32727	
2244	0	32695	
2245	0	32749	
2246	0	32782	
2247	0	32806	
2248	0	32736	
2249	0	32638	
2250	0	32726	
2251	0	32846	
2252	0	32876	
2253	0	32772	
2254	0	32797	
2255	0	32752	
2256	0	32839	
2257	0	32752	
2258	0	32685	
2259	0	32561	
2260	0	32583	
2261	0	32690	
2262	0	32730	
2263	0	32684	
2264	0	32728	
2265	0	32949	
2266	0	33064	
2267	0	32830	
2268	0	32581	
2269	0	32580	
2270	0	32768	
2271	0	32719	
2272	0	32690	
2273	0	32688	
2274	0	32665	
2275	0	32813	
2276	0	32868	
2277	0	32909	
2278	0	32952	
2279	0	32829	
2280	0	32614	
2281	0	32556	
2282	0	32761	
2283	0	32914	
2284	0	32854	
2285	0	32711	
2286	0	32650	
2287	0	32742	
2288	0	32726	
2289	0	32772	
2290	0	32877	
2291	0	32826	
2292	0	32553	
2293	0	32806	
2294	0	32796	
2295	0	32616	
2296	0	32706	
2297	0	32668	
2298	0	32775	
2299	0	32890	
2300	0	32900	
2301	0	32716	
2302	0	32617	
2303	0	32706	
2304	0	32647	
2305	0	32629	
2306	0	32642	
2307	0	32560	
2308	0	32812	
2309	0	32886	
2310	0	32783	
2311	0	32775	
2312	0	32710	
2313	0	32807	
2314	0	32888	
2315	0	32887	
2316	0	32897	
2317	0	32698	
2318	0	32633	
2319	0	32704	
2320	0	32697	
2321	0	32735	
2322	0	32724	
2323	0	32764	
2324	0	32676	
2325	0	32668	
2326	0	32928	
2327	0	32842	
2328	0	32775	
2329	0	32868	
2330	0	32775	
2331	0	32711	
2332	0	32649	
2333	0	32628	
2334	0	32698	
2335	0	32753	
2336	0	32994	
2337	0	33064	
2338	0	33404	
2339	0	33179	
2340	0	32830	
2341	0	32606	
2342	0	32637	
2343	0	32903	
2344	0	32549	
2345	0	32407	
2346	0	32287	
2347	0	32415	
2348	0	32752	
2349	0	32572	
2350	0	32374	
2351	0	32455	
2352	0	32573	
2353	0	32752	
2354	0	32731	
2355	0	32656	
2356	0	33024	
2357	0	32964	
2358	0	32847	
2359	0	33192	
2360	0	33471	
2361	0	33726	
2362	0	33794	
2363	0	34723	
2364	0	36992	
2365	0	36749	
2366	0	38211	
2367	0	38519	
2368	0	37401	
2369	0	34203	
2370	0	29066	
2371	0	24220	
2372	0	22768	
2373	0	23090	
2374	0	25593	
2375	0	27037	
2376	0	28743	
2377	0	30436	
2378	0	34815	
2379	0	38309	
2380	0	37324	
2381	0	33198	
2382	0	30448	
2383	0	29529	
2384	0	30568	
2385	0	32293	
2386	0	35264	
2387	0	37508	
2388	0	37604	
2389	0	35124	
2390	0	34400	
2391	0	33358	
2392	0	35632	
2393	0	37956	
2394	0	40380	
2395	0	40273	
2396	0	36520	
2397	0	30772	
2398	0	26431	
2399	0	26037	
2400	0	25984	
2401	0	25124	
2402	0	26150	
2403	0	31038	
2404	0	32318	
2405	0	31513	
2406	0	31983	
2407	0	35452	
2408	0	37132	
2409	0	36450	
2410	0	36738	
2411	0	40494	
2412	0	42198	
2413	0	34455	
2414	0	27458	
2415	0	27366	
2416	0	33693	
2417	0	32762	
2418	0	26150	
2419	0	21093	
2420	0	21184	
2421	0	23905	
2422	0	26056	
2423	0	35718	
2424	0	47608	
2425	0	45442	
2426	0	38324	
2427	0	40146	
2428	0	41970	
2429	0	33314	
2430	0	26340	
2431	0	23397	
2432	0	22948	
2433	0	21541	
2434	0	20244	
2435	0	29590	
2436	0	44788	
2437	0	46688	
2438	0	48260	
2439	0	49178	
2440	0	41262	
2441	0	28903	
2442	0	18592	
2443	0	24308	
2444	0	23260	
2445	0	26924	
2446	0	35838	
2447	0	37910	
2448	0	31024	
2449	0	21143	
2450	0	19611	
2451	0	26248	
2452	0	41199	
2453	0	52729	
2454	0	56714	
2455	0	57766	
2456	0	55036	
2457	0	52252	
2458	0	42574	
2459	0	4542	
2460	0	25	
2461	0	20	
2462	0	4800	
2463	0	8560	
2464	0	11720	
2465	0	22988	
2466	0	30706	
2467	0	33180	
2468	0	42380	
2469	0	51548	
2470	0	53726	
2471	0	48454	
2472	0	46884	
2473	0	45319	
2474	0	52044	
2475	0	54288	
2476	0	52216	
2477	0	43134	
2478	0	37152	
2479	0	38091	
2480	0	31920	
2481	0	21146	
2482	0	7581	
2483	0	12393	
2484	0	21900	
2485	0	30301	
2486	0	26839	
2487	0	26794	
2488	0	29515	
2489	0	25772	
2490	0	16114	
2491	0	19064	
2492	0	24133	
2493	0	27360	
2494	0	32252	
2495	0	37109	
2496	0	39544	
2497	0	33519	
2498	0	33792	
2499	0	39340	
2500	0	48306	
2501	0	48196	
2502	0	53216	
2503	0	57784	
2504	0	53720	
2505	0	39999	
2506	0	44692	
2507	0	39484	
2508	0	27389	
2509	0	8954	
2510	0	25	
2511	0	1424	
2512	0	5666	
2513	0	20525	
2514	0	42444	
2515	0	48983	
2516	0	45992	
2517	0	46285	
2518	0	42408	
2519	0	33590	
2520	0	25607	
2521	0	33039	
2522	0	35111	
2523	0	23372	
2524	0	17164	
2525	0	30192	
2526	0	30416	
2527	0	31316	
2528	0	44108	
2529	0	48186	
2530	0	43885	
2531	0	44869	
2532	0	51426	
2533	0	34093	
2534	0	14689	
2535	0	19434	
2536	0	24825	
2537	0	23960	
2538	0	8932	
2539	0	10722	
2540	0	27085	
2541	0	31996	
2542	0	31563	
2543	0	34576	
2544	0	44432	
2545	0	47133	
2546	0	43317	
2547	0	40828	
2548	0	44973	
2549	0	56796	
2550	0	56801	
2551	0	45929	
2552	0	41368	
2553	0	27094	
2554	0	1261	
2555	0	22	
2556	0	3666	
2557	0	14440	
2558	0	22850	
2559	0	34977	
2560	0	45650	
2561	0	46264	
2562	0	46780	
2563	0	47137	
2564	0	41880	
2565	0	35089	
2566	0	34456	
2567	0	37878	
2568	0	25731	
2569	0	13299	
2570	0	16874	
2571	0	31413	
2572	0	44480	
2573	0	51183	
2574	0	45647	
2575	0	39411	
2576	0	38848	
2577	0	35312	
2578	0	17228	
2579	0	9720	
2580	0	23600	
2581	0	36431	
2582	0	34978	
2583	0	38759	
2584	0	44300	
2585	0	45266	
2586	0	32086	
2587	0	14634	
2588	0	4806	
2589	0	13910	
2590	0	29848	
2591	0	43708	
2592	0	47223	
2593	0	43655	
2594	0	45133	
2595	0	41426	
2596	0	31942	
2597	0	25405	
2598	0	18661	
2599	0	24121	
2600	0	32312	
2601	0	33548	
2602	0	36221	
2603	0	43574	
2604	0	54820	
2605	0	51252	
2606	0	37372	
2607	0	25858	
2608	0	20819	
2609	0	24255	
2610	0	21020	
2611	0	29450	
2612	0	30276	
2613	0	25602	
2614	0	18536	
2615	0	24262	
2616	0	44752	
2617	0	43843	
2618	0	38268	
2619	0	39270	
2620	0	30566	
2621	0	10579	
2622	0	7615	
2623	0	22128	
2624	0	47269	
2625	0	53416	
2626	0	49290	
2627	0	52882	
2628	0	48077	
2629	0	33385	
2630	0	19857	
2631	0	22709	
2632	0	28132	
2633	0	28184	
2634	0	25106	
2635	0	30124	
2636	0	35428	
2637	0	36624	
2638	0	33181	
2639	0	35176	
2640	0	37436	
2641	0	31355	
2642	0	35064	
2643	0	45216	
2644	0	49273	
2645	0	38865	
2646	0	37222	
2647	0	28769	
2648	0	12870	
2649	0	8241	
2650	0	9905	
2651	0	23874	
2652	0	34092	
2653	0	22844	
2654	0	28544	
2655	0	38577	
2656	0	42706	
2657	0	51677	
2658	0	48952	
2659	0	31782	
2660	0	20775	
2661	0	28912	
2662	0	36713	
2663	0	35652	
2664	0	38632	
2665	0	39688	
2666	0	48502	
2667	0	50712	
2668	0	46876	
2669	0	47572	
2670	0	46444	
2671	0	43433	
2672	0	25166	
2673	0	8068	
2674	0	26	
2675	0	1224	
2676	0	5480	
2677	0	9114	
2678	0	29673	
2679	0	39908	
2680	0	32902	
2681	0	32490	
2682	0	40012	
2683	0	49912	
2684	0	47975	
2685	0	37016	
2686	0	30300	
2687	0	31690	
2688	0	39180	
2689	0	42734	
2690	0	38460	
2691	0	40759	
2692	0	44104	
2693	0	43705	
2694	0	41158	
2695	0	52544	
2696	0	52310	
2697	0	50020	
2698	0	18023	
2699	0	13255	
2700	0	10769	
2701	0	1235	
2702	0	3378	
2703	0	11817	
2704	0	22402	
2705	0	24238	
2706	0	25114	
2707	0	29574	
2708	0	36022	
2709	0	46480	
2710	0	42473	
2711	0	34448	
2712	0	45632	
2713	0	52052	
2714	0	47884	
2715	0	50386	
2716	0	55725	
2717	0	54850	
2718	0	43065	
2719	0	28636	
2720	0	11213	
2721	0	1837	
2722	0	3100	
2723	0	20052	
2724	0	31928	
2725	0	30535	
2726	0	24044	
2727	0	29761	
2728	0	38395	
2729	0	41549	
2730	0	41910	
2731	0	43158	
2732	0	34013	
2733	0	20443	
2734	0	23726	
2735	0	34366	
2736	0	38113	
2737	0	35960	
2738	0	37255	
2739	0	36088	
2740	0	32466	
2741	0	32660	
2742	0	34134	
2743	0	34621	
2744	0	35080	
2745	0	37320	
2746	0	36861	
2747	0	40204	
2748	0	46496	
2749	0	36412	
2750	0	27709	
2751	0	26053	
2752	0	24812	
2753	0	35272	
2754	0	41872	
2755	0	37181	
2756	0	39844	
2757	0	48496	
2758	0	28470	
2759	0	9981	
2760	0	6174	
2761	0	6107	
2762	0	8018	
2763	0	11145	
2764	0	36079	
2765	0	31508	
2766	0	30415	
2767	0	41261	
2768	0	42497	
2769	0	32070	
2770	0	35668	
2771	0	46146	
2772	0	51244	
2773	0	44748	
2774	0	40121	
2775	0	41536	
2776	0	45959	
2777	0	47330	
2778	0	45850	
2779	0	36086	
2780	0	28841	
2781	0	17433	
2782	0	15864	
2783	0	25185	
2784	0	30727	
2785	0	29689	
2786	0	22023	
2787	0	21982	
2788	0	41176	
2789	0	55580	
2790	0	54429	
2791	0	45312	
2792	0	34962	
2793	0	4237	
2794	0	1207	
2795	0	5104	
2796	0	13584	
2797	0	48904	
2798	0	49426	
2799	0	35148	
2800	0	33530	
2801	0	43669	
2802	0	39942	
2803	0	33936	
2804	0	30624	
2805	0	25773	
2806	0	22876	
2807	0	32932	
2808	0	44024	
2809	0	51698	
2810	0	57444	
2811	0	50895	
2812	0	39128	
2813	0	32149	
2814	0	16166	
2815	0	77	
2816	0	2224	
2817	0	6290	
2818	0	25280	
2819	0	15173	
2820	0	13332	
2821	0	19500	
2822	0	44276	
2823	0	52981	
2824	0	56415	
2825	0	61104	
2826	0	61789	
2827	0	47667	
2828	0	44780	
2829	0	48632	
2830	0	52103	
2831	0	47042	
2832	0	31172	
2833	0	3332	
2834	0	2174	
2835	0	9670	
2836	0	10007	
2837	0	10451	
2838	0	33659	
2839	0	48528	
2840	0	48260	
2841	0	39826	
2842	0	32156	
2843	0	13496	
2844	0	10650	
2845	0	27290	
2846	0	40551	
2847	0	31600	
2848	0	31446	
2849	0	48374	
2850	0	61560	
2851	0	60204	
2852	0	56820	
2853	0	53705	
2854	0	43756	
2855	0	7741	
2856	0	25	
2857	0	21	
2858	0	17813	
2859	0	45013	
2860	0	37997	
2861	0	23803	
2862	0	17023	
2863	0	19410	
2864	0	21569	
2865	0	35944	
2866	0	42740	
2867	0	53476	
2868	0	49144	
2869	0	28542	
2870	0	25112	
2871	0	40812	
2872	0	30705	
2873	0	23138	
2874	0	28212	
2875	0	32481	
2876	0	20473	
2877	0	22508	
2878	0	41517	
2879	0	45028	
2880	0	44861	
2881	0	53112	
2882	0	55384	
2883	0	52965	
2884	0	53618	
2885	0	51350	
2886	0	49053	
2887	0	4849	
2888	0	6422	
2889	0	5338	
2890	0	1581	
2891	0	5356	
2892	0	8973	
2893	0	20826	
2894	0	26759	
2895	0	33152	
2896	0	40088	
2897	0	45312	
2898	0	51015	
2899	0	50205	
2900	0	48656	
2901	0	45858	
2902	0	38022	
2903	0	30164	
2904	0	31196	
2905	0	36776	
2906	0	40722	
2907	0	39495	
2908	0	40295	
2909	0	39145	
2910	0	33498	
2911	0	23065	
2912	0	25785	
2913	0	36644	
2914	0	27143	
2915	0	9638	
2916	0	12514	
2917	0	39404	
2918	0	49795	
2919	0	40559	
2920	0	28369	
2921	0	25566	
2922	0	29596	
2923	0	30256	
2924	0	30196	
2925	0	31111	
2926	0	40112	
2927	0	49700	
2928	0	47492	
2929	0	32695	
2930	0	32020	
2931	0	33837	
2932	0	17975	
2933	0	12941	
2934	0	21472	
2935	0	36510	
2936	0	32976	
2937	0	26510	
2938	0	16184	
2939	0	30968	
2940	0	35525	
2941	0	27332	
2942	0	39820	
2943	0	50586	
2944	0	55068	
2945	0	58481	
2946	0	56277	
2947	0	49338	
2948	0	36752	
2949	0	9440	
2950	0	25	
2951	0	1686	
2952	0	5888	
2953	0	25910	
2954	0	38104	
2955	0	38558	
2956	0	32671	
2957	0	35495	
2958	0	43428	
2959	0	44837	
2960	0	35977	
2961	0	25797	
2962	0	30504	
2963	0	39388	
2964	0	43260	
2965	0	41236	
2966	0	38840	
2967	0	21351	
2968	0	7114	
2969	0	11659	
2970	0	37260	
2971	0	51608	
2972	0	51700	
2973	0	41204	
2974	0	32984	
2975	0	31691	
2976	0	35395	
2977	0	30828	
2978	0	29762	
2979	0	42121	
2980	0	52808	
2981	0	55448	
2982	0	53112	
2983	0	29742	
2984	0	3336	
2985	0	23	
2986	0	2347	
2987	0	15184	
2988	0	23721	
2989	0	31876	
2990	0	35752	
2991	0	31654	
2992	0	36224	
2993	0	36389	
2994	0	37518	
2995	0	42480	
2996	0	43079	
2997	0	35827	
2998	0	32986	
2999	0	35816	
3000	0	44934	
3001	0	46598	
3002	0	52884	
3003	0	50912	
3004	0	34828	
3005	0	15464	
3006	0	18853	
3007	0	18482	
3008	0	11623	
3009	0	15264	
3010	0	19212	
3011	0	24930	
3012	0	33888	
3013	0	37145	
3014	0	35369	
3015	0	37420	
3016	0	38468	
3017	0	36251	
3018	0	40297	
3019	0	45050	
3020	0	50557	
3021	0	53370	
3022	0	55175	
3023	0	43408	
3024	0	22200	
3025	0	26142	
3026	0	26414	
3027	0	10264	
3028	0	2104	
3029	0	9188	
3030	0	12985	
3031	0	17076	
3032	0	31792	
3033	0	41970	
3034	0	51186	
3035	0	56455	
3036	0	58794	
3037	0	58552	
3038	0	55670	
3039	0	36428	
3040	0	2809	
3041	0	22	
3042	0	3683	
3043	0	12111	
3044	0	18524	
3045	0	32676	
3046	0	39909	
3047	0	39081	
3048	0	45820	
3049	0	53976	
3050	0	54844	
3051	0	48352	
3052	0	35362	
3053	0	31636	
3054	0	38750	
3055	0	32430	
3056	0	29003	
3057	0	29584	
3058	0	27197	
3059	0	23418	
3060	0	32284	
3061	0	37929	
3062	0	21110	
3063	0	16262	
3064	0	22180	
3065	0	21984	
3066	0	27758	
3067	0	35552	
3068	0	38816	
3069	0	45144	
3070	0	45720	
3071	0	43608	
3072	0	40064	
3073	0	36295	
3074	0	37616	
3075	0	41859	
3076	0	41261	
3077	0	36916	
3078	0	41888	
3079	0	42108	
3080	0	29031	
3081	0	16373	
3082	0	10874	
3083	0	3014	
3084	0	5796	
3085	0	20980	
3086	0	26124	
3087	0	22804	
3088	0	34742	
3089	0	42836	
3090	0	44871	
3091	0	48069	
3092	0	48616	
3093	0	47616	
3094	0	46727	
3095	0	48006	
3096	0	35868	
3097	0	22187	
3098	0	24656	
3099	0	30819	
3100	0	26531	
3101	0	24359	
3102	0	32744	
3103	0	39452	
3104	0	38561	
3105	0	29757	
3106	0	32580	
3107	0	42460	
3108	0	36896	
3109	0	26796	
3110	0	17376	
3111	0	15719	
3112	0	18034	
3113	0	26857	
3114	0	39096	
3115	0	43264	
3116	0	54340	
3117	0	47021	
3118	0	39026	
3119	0	32664	
3120	0	33071	
3121	0	31486	
3122	0	12569	
3123	0	18616	
3124	0	27770	
3125	0	26188	
3126	0	26160	
3127	0	31488	
3128	0	43744	
3129	0	50093	
3130	0	45081	
3131	0	31623	
3132	0	27031	
3133	0	28081	
3134	0	24909	
3135	0	23180	
3136	0	29030	
3137	0	35840	
3138	0	32922	
3139	0	34324	
3140	0	40624	
3141	0	43764	
3142	0	40644	
3143	0	42280	
3144	0	47174	
3145	0	39822	
3146	0	33889	
3147	0	28670	
3148	0	20928	
3149	0	12712	
3150	0	15380	
3151	0	30688	
3152	0	44014	
3153	0	40726	
3154	0	41604	
3155	0	52508	
3156	0	39402	
3157	0	17020	
3158	0	2959	
3159	0	7307	
3160	0	20998	
3161	0	36800	
3162	0	50389	
3163	0	51638	
3164	0	43582	
3165	0	32545	
3166	0	19281	
3167	0	7141	
3168	0	11188	
3169	0	40002	
3170	0	51353	
3171	0	47944	
3172	0	41956	
3173	0	34204	
3174	0	27097	
3175	0	22178	
3176	0	32290	
3177	0	50982	
3178	0	49351	
3179	0	32528	
3180	0	22858	
3181	0	33097	
3182	0	51739	
3183	0	54426	
3184	0	43269	
3185	0	36120	
3186	0	23787	
3187	0	5029	
3188	0	1127	
3189	0	15606	
3190	0	29191	
3191	0	34360	
3192	0	37496	
3193	0	37264	
3194	0	30591	
3195	0	20308	
3196	0	27291	
3197	0	37457	
3198	0	39906	
3199	0	52112	
3200	0	50905	
3201	0	30780	
3202	0	9020	
3203	0	12585	
3204	0	29103	
3205	0	42188	
3206	0	42876	
3207	0	37888	
3208	0	36280	
3209	0	46087	
3210	0	51588	
3211	0	51791	
3212	0	48506	
3213	0	35465	
3214	0	12568	
3215	0	4816	
3216	0	16637	
3217	0	38496	
3218	0	48182	
3219	0	45616	
3220	0	29292	
3221	0	10449	
3222	0	11960	
3223	0	17344	
3224	0	26134	
3225	0	34336	
3226	0	33392	
3227	0	36732	
3228	0	45944	
3229	0	48040	
3230	0	43049	
3231	0	34547	
3232	0	29354	
3233	0	28242	
3234	0	26503	
3235	0	32048	
3236	0	37030	
3237	0	29520	
3238	0	24208	
3239	0	25715	
3240	0	36196	
3241	0	48154	
3242	0	38752	
3243	0	29410	
3244	0	33309	
3245	0	33525	
3246	0	27070	
3247	0	26501	
3248	0	36070	
3249	0	43730	
3250	0	31500	
3251	0	19827	
3252	0	23866	
3253	0	31879	
3254	0	33200	
3255	0	38632	
3256	0	53297	
3257	0	52652	
3258	0	41236	
3259	0	28982	
3260	0	31746	
3261	0	24342	
3262	0	33738	
3263	0	38867	
3264	0	25346	
3265	0	16090	
3266	0	8628	
3267	0	8231	
3268	0	10750	
3269	0	20589	
3270	0	34247	
3271	0	49676	
3272	0	63994	
3273	0	63888	
3274	0	49188	
3275	0	41408	
3276	0	36489	
3277	0	28896	
3278	0	20881	
3279	0	19630	
3280	0	28561	
3281	0	38286	
3282	0	40909	
3283	0	34938	
3284	0	25350	
3285	0	20290	
3286	0	21316	
3287	0	32720	
3288	0	38919	
3289	0	40192	
3290	0	51164	
3291	0	48036	
3292	0	30097	
3293	0	21257	
3294	0	11240	
3295	0	13347	
3296	0	25088	
3297	0	38448	
3298	0	32135	
3299	0	27640	
3300	0	36222	
3301	0	40903	
3302	0	46338	
3303	0	49479	
3304	0	46956	
3305	0	37648	
3306	0	25909	
3307	0	16897	
3308	0	17140	
3309	0	26652	
3310	0	36580	
3311	0	41936	
3312	0	41895	
3313	0	36742	
3314	0	24983	
3315	0	16120	
3316	0	21895	
3317	0	42012	
3318	0	48885	
3319	0	35332	
3320	0	20444	
3321	0	18492	
3322	0	28686	
3323	0	36454	
3324	0	39267	
3325	0	44818	
3326	0	51712	
3327	0	40791	
3328	0	28586	
3329	0	24859	
3330	0	18818	
3331	0	14416	
3332	0	20278	
3333	0	33584	
3334	0	45280	
3335	0	50086	
3336	0	45929	
3337	0	44152	
3338	0	34264	
3339	0	21159	
3340	0	19565	
3341	0	26720	
3342	0	44439	
3343	0	54928	
3344	0	56696	
3345	0	44706	
3346	0	15456	
3347	0	28	
3348	0	2544	
3349	0	10584	
3350	0	47316	
3351	0	39042	
3352	0	40634	
3353	0	49360	
3354	0	44282	
3355	0	30898	
3356	0	23847	
3357	0	21149	
3358	0	22266	
3359	0	18832	
3360	0	22481	
3361	0	28235	
3362	0	35382	
3363	0	41716	
3364	0	49812	
3365	0	52252	
3366	0	49624	
3367	0	45374	
3368	0	34596	
3369	0	24573	
3370	0	25951	
3371	0	28647	
3372	0	25112	
3373	0	27068	
3374	0	28804	
3375	0	27783	
3376	0	23504	
3377	0	20001	
3378	0	25650	
3379	0	39584	
3380	0	51062	
3381	0	52368	
3382	0	39496	
3383	0	23633	
3384	0	16192	
3385	0	18502	
3386	0	27335	
3387	0	34278	
3388	0	32002	
3389	0	28033	
3390	0	27203	
3391	0	26760	
3392	0	26482	
3393	0	34518	
3394	0	39360	
3395	0	42536	
3396	0	45511	
3397	0	45089	
3398	0	43984	
3399	0	45311	
3400	0	43108	
3401	0	40733	
3402	0	38194	
3403	0	31904	
3404	0	26678	
3405	0	26530	
3406	0	28452	
3407	0	31111	
3408	0	33247	
3409	0	30924	
3410	0	30237	
3411	0	26344	
3412	0	25938	
3413	0	30599	
3414	0	40464	
3415	0	48115	
3416	0	45938	
3417	0	41736	
3418	0	26997	
3419	0	4960	
3420	0	2054	
3421	0	5835	
3422	0	15458	
3423	0	32604	
3424	0	30802	
3425	0	25917	
3426	0	31444	
3427	0	48332	
3428	0	55578	
3429	0	50980	
3430	0	40224	
3431	0	31308	
3432	0	28428	
3433	0	30085	
3434	0	33474	
3435	0	39711	
3436	0	46610	
3437	0	38573	
3438	0	28072	
3439	0	37454	
3440	0	43673	
3441	0	39559	
3442	0	34029	
3443	0	29399	
3444	0	22729	
3445	0	10817	
3446	0	8030	
3447	0	24434	
3448	0	36836	
3449	0	39863	
3450	0	31711	
3451	0	35968	
3452	0	39404	
3453	0	39751	
3454	0	42896	
3455	0	40599	
3456	0	38205	
3457	0	41410	
3458	0	42233	
3459	0	34720	
3460	0	32446	
3461	0	37730	
3462	0	29606	
3463	0	14922	
3464	0	12263	
3465	0	17391	
3466	0	17294	
3467	0	25256	
3468	0	34598	
3469	0	33955	
3470	0	36604	
3471	0	37553	
3472	0	47732	
3473	0	55464	
3474	0	53192	
3475	0	30473	
3476	0	7156	
3477	0	4019	
3478	0	13589	
3479	0	34500	
3480	0	41086	
3481	0	41044	
3482	0	38709	
3483	0	34191	
3484	0	33504	
3485	0	36732	
3486	0	56637	
3487	0	58732	
3488	0	55861	
3489	0	37021	
3490	0	18760	
3491	0	10860	
3492	0	5910	
3493	0	21188	
3494	0	27312	
3495	0	19979	
3496	0	12326	
3497	0	18130	
3498	0	47884	
3499	0	48771	
3500	0	33855	
3501	0	24500	
3502	0	27109	
3503	0	33278	
3504	0	41729	
3505	0	44717	
3506	0	40887	
3507	0	37631	
3508	0	39830	
3509	0	40946	
3510	0	41132	
3511	0	43367	
3512	0	43367	
3513	0	41592	
3514	0	44103	
3515	0	37016	
3516	0	22655	
3517	0	17738	
3518	0	20316	
3519	0	17325	
3520	0	16284	
3521	0	21592	
3522	0	29015	
3523	0	34518	
3524	0	35690	
3525	0	37981	
3526	0	33575	
3527	0	31601	
3528	0	36509	
3529	0	37197	
3530	0	36457	
3531	0	34018	
3532	0	30055	
3533	0	28237	
3534	0	34558	
3535	0	36929	
3536	0	32135	
3537	0	31316	
3538	0	30442	
3539	0	34260	
3540	0	35700	
3541	0	37965	
3542	0	33257	
3543	0	30559	
3544	0	35726	
3545	0	40204	
3546	0	39800	
3547	0	30632	
3548	0	23501	
3549	0	21500	
3550	0	30376	
3551	0	33448	
3552	0	47818	
3553	0	57641	
3554	0	55906	
3555	0	53082	
3556	0	6258	
3557	0	24	
3558	0	1399	
3559	0	5680	
3560	0	30637	
3561	0	28240	
3562	0	28856	
3563	0	39810	
3564	0	46572	
3565	0	53134	
3566	0	54494	
3567	0	47664	
3568	0	41551	
3569	0	40956	
3570	0	31676	
3571	0	17332	
3572	0	13207	
3573	0	20964	
3574	0	31002	
3575	0	40685	
3576	0	42942	
3577	0	35988	
3578	0	22782	
3579	0	22110	
3580	0	18514	
3581	0	13985	
3582	0	22535	
3583	0	30042	
3584	0	41178	
3585	0	47056	
3586	0	50066	
3587	0	53086	
3588	0	45257	
3589	0	40781	
3590	0	41049	
3591	0	33535	
3592	0	25630	
3593	0	27216	
3594	0	26094	
3595	0	25757	
3596	0	49810	
3597	0	55856	
3598	0	53748	
3599	0	47264	
3600	0	29899	
3601	0	39	
3602	0	24	
3603	0	2038	
3604	0	6235	
3605	0	21579	
3606	0	38292	
3607	0	43942	
3608	0	44368	
3609	0	45080	
3610	0	43396	
3611	0	38990	
3612	0	37732	
3613	0	39831	
3614	0	37730	
3615	0	35490	
3616	0	36957	
3617	0	48844	
3618	0	48502	
3619	0	41632	
3620	0	34242	
3621	0	29984	
3622	0	18096	
3623	0	7786	
3624	0	20425	
3625	0	43399	
3626	0	46354	
3627	0	30846	
3628	0	22252	
3629	0	13290	
3630	0	5433	
3631	0	7013	
3632	0	10266	
3633	0	38253	
3634	0	48736	
3635	0	40965	
3636	0	37408	
3637	0	36768	
3638	0	41001	
3639	0	44644	
3640	0	39540	
3641	0	36327	
3642	0	36452	
3643	0	30009	
3644	0	23940	
3645	0	26004	
3646	0	32410	
3647	0	40148	
3648	0	45575	
3649	0	41175	
3650	0	34681	
3651	0	37218	
3652	0	33260	
3653	0	31665	
3654	0	32615	
3655	0	38125	
3656	0	34404	
3657	0	31920	
3658	0	26238	
3659	0	26303	
3660	0	21972	
3661	0	15839	
3662	0	21168	
3663	0	36992	
3664	0	38074	
3665	0	26766	
3666	0	22121	
3667	0	33122	
3668	0	34536	
3669	0	32063	
3670	0	30622	
3671	0	38520	
3672	0	37634	
3673	0	38022	
3674	0	43749	
3675	0	41871	
3676	0	37904	
3677	0	31326	
3678	0	30528	
3679	0	37097	
3680	0	39824	
3681	0	41898	
3682	0	39830	
3683	0	44596	
3684	0	43549	
3685	0	29037	
3686	0	21605	
3687	0	16238	
3688	0	8852	
3689	0	4871	
3690	0	8060	
3691	0	36196	
3692	0	49840	
3693	0	51247	
3694	0	38904	
3695	0	23618	
3696	0	19381	
3697	0	29612	
3698	0	37144	
3699	0	39960	
3700	0	45988	
3701	0	56350	
3702	0	50372	
3703	0	32454	
3704	0	19305	
3705	0	27478	
3706	0	32007	
3707	0	31045	
3708	0	24391	
3709	0	16290	
3710	0	23717	
3711	0	38784	
3712	0	33543	
3713	0	36716	
3714	0	35046	
3715	0	40546	
3716	0	39956	
3717	0	45764	
3718	0	40375	
3719	0	23076	
3720	0	11777	
3721	0	16782	
3722	0	27896	
3723	0	35462	
3724	0	37624	
3725	0	43013	
3726	0	41896	
3727	0	32297	
3728	0	29682	
3729	0	37671	
3730	0	38008	
3731	0	38188	
3732	0	38228	
3733	0	26296	
3734	0	24158	
3735	0	27129	
3736	0	35664	
3737	0	39392	
3738	0	35830	
3739	0	26928	
3740	0	24152	
3741	0	26332	
3742	0	23856	
3743	0	23065	
3744	0	30067	
3745	0	35986	
3746	0	36056	
3747	0	43977	
3748	0	47378	
3749	0	39078	
3750	0	34572	
3751	0	27206	
3752	0	22546	
3753	0	20124	
3754	0	25471	
3755	0	38245	
3756	0	42307	
3757	0	37797	
3758	0	40383	
3759	0	40824	
3760	0	40201	
3761	0	44294	
3762	0	54072	
3763	0	38245	
3764	0	13670	
3765	0	15071	
3766	0	30960	
3767	0	24838	
3768	0	19710	
3769	0	20325	
3770	0	20851	
3771	0	18701	
3772	0	21472	
3773	0	34910	
3774	0	40709	
3775	0	36796	
3776	0	35317	
3777	0	36749	
3778	0	38767	
3779	0	45250	
3780	0	51949	
3781	0	48504	
3782	0	40632	
3783	0	34498	
3784	0	31794	
3785	0	20233	
3786	0	25560	
3787	0	36947	
3788	0	39712	
3789	0	31900	
3790	0	25040	
3791	0	17828	
3792	0	20058	
3793	0	30989	
3794	0	35800	
3795	0	39893	
3796	0	33596	
3797	0	32057	
3798	0	31806	
3799	0	26293	
3800	0	23238	
3801	0	28513	
3802	0	35318	
3803	0	30702	
3804	0	29232	
3805	0	38010	
3806	0	41863	
3807	0	35983	
3808	0	33778	
3809	0	40207	
3810	0	41978	
3811	0	34409	
3812	0	32564	
3813	0	37356	
3814	0	41215	
3815	0	37058	
3816	0	29734	
3817	0	27724	
3818	0	25998	
3819	0	26592	
3820	0	33282	
3821	0	35703	
3822	0	37287	
3823	0	31458	
3824	0	28295	
3825	0	30327	
3826	0	33283	
3827	0	33788	
3828	0	35196	
3829	0	34225	
3830	0	27158	
3831	0	17231	
3832	0	23108	
3833	0	34814	
3834	0	38680	
3835	0	38644	
3836	0	26614	
3837	0	26086	
3838	0	32538	
3839	0	38148	
3840	0	40334	
3841	0	37970	
3842	0	36472	
3843	0	27156	
3844	0	21837	
3845	0	22151	
3846	0	31949	
3847	0	39300	
3848	0	34856	
3849	0	32921	
3850	0	31239	
3851	0	37933	
3852	0	47372	
3853	0	45982	
3854	0	44564	
3855	0	40500	
3856	0	31286	
3857	0	30511	
3858	0	41027	
3859	0	36973	
3860	0	23862	
3861	0	30602	
3862	0	22836	
3863	0	4168	
3864	0	5188	
3865	0	22944	
3866	0	33680	
3867	0	40223	
3868	0	40118	
3869	0	35897	
3870	0	41528	
3871	0	38055	
3872	0	31920	
3873	0	37306	
3874	0	45320	
3875	0	44084	
3876	0	36581	
3877	0	31465	
3878	0	29234	
3879	0	26836	
3880	0	35090	
3881	0	35563	
3882	0	21094	
3883	0	14917	
3884	0	21365	
3885	0	33164	
3886	0	41644	
3887	0	38065	
3888	0	31980	
3889	0	35501	
3890	0	41312	
3891	0	42000	
3892	0	39057	
3893	0	33651	
3894	0	39519	
3895	0	32817	
3896	0	18953	
3897	0	14279	
3898	0	18208	
3899	0	25696	
3900	0	23906	
3901	0	31416	
3902	0	43172	
3903	0	46084	
3904	0	42036	
3905	0	38254	
3906	0	38153	
3907	0	43346	
3908	0	52965	
3909	0	49307	
3910	0	38855	
3911	0	22836	
3912	0	5521	
3913	0	2004	
3914	0	5747	
3915	0	30675	
3916	0	38733	
3917	0	42106	
3918	0	42263	
3919	0	39344	
3920	0	34991	
3921	0	33577	
3922	0	38172	
3923	0	39694	
3924	0	38082	
3925	0	35770	
3926	0	34752	
3927	0	34706	
3928	0	37863	
3929	0	33633	
3930	0	31658	
3931	0	35114	
3932	0	43961	
3933	0	38753	
3934	0	34351	
3935	0	32889	
3936	0	32448	
3937	0	15521	
3938	0	2120	
3939	0	5013	
3940	0	8657	
3941	0	26695	
3942	0	42009	
3943	0	45191	
3944	0	42984	
3945	0	43086	
3946	0	42428	
3947	0	38502	
3948	0	37055	
3949	0	37112	
3950	0	35476	
3951	0	32612	
3952	0	33695	
3953	0	36440	
3954	0	41068	
3955	0	46023	
3956	0	36544	
3957	0	19296	
3958	0	14173	
3959	0	19973	
3960	0	30240	
3961	0	37932	
3962	0	32472	
3963	0	31302	
3964	0	36570	
3965	0	41976	
3966	0	40189	
3967	0	45333	
3968	0	46164	
3969	0	38124	
3970	0	31578	
3971	0	22173	
3972	0	7064	
3973	0	4073	
3974	0	13292	
3975	0	19316	
3976	0	28739	
3977	0	39488	
3978	0	44524	
3979	0	47823	
3980	0	45157	
3981	0	38172	
3982	0	35778	
3983	0	36908	
3984	0	38808	
3985	0	34635	
3986	0	36496	
3987	0	38650	
3988	0	41260	
3989	0	46212	
3990	0	43005	
3991	0	35948	
3992	0	23076	
3993	0	16049	
3994	0	12594	
3995	0	22763	
3996	0	31530	
3997	0	33833	
3998	0	35023	
3999	0	28291	
4000	0	24176	
4001	0	25842	
4002	0	33887	
4003	0	39724	
4004	0	43486	
4005	0	32084	
4006	0	23328	
4007	0	21542	
4008	0	26727	
4009	0	31895	
4010	0	34356	
4011	0	40039	
4012	0	44997	
4013	0	51124	
4014	0	49574	
4015	0	42919	
4016	0	36300	
4017	0	29246	
4018	0	22240	
4019	0	19384	
4020	0	21894	
4021	0	19796	
4022	0	20203	
4023	0	24270	
4024	0	33457	
4025	0	43136	
4026	0	50241	
4027	0	58304	
4028	0	57890	
4029	0	54880	
4030	0	34237	
4031	0	16504	
4032	0	5994	
4033	0	11228	
4034	0	15321	
4035	0	15900	
4036	0	25266	
4037	0	31975	
4038	0	35044	
4039	0	41586	
4040	0	39677	
4041	0	36432	
4042	0	41264	
4043	0	41092	
4044	0	35912	
4045	0	32892	
4046	0	31886	
4047	0	38910	
4048	0	44998	
4049	0	37453	
4050	0	32834	
4051	0	42727	
4052	0	41828	
4053	0	20209	
4054	0	9788	
4055	0	15652	
4056	0	18242	
4057	0	19239	
4058	0	30333	
4059	0	38888	
4060	0	46336	
4061	0	47920	
4062	0	50840	
4063	0	48221	
4064	0	37914	
4065	0	29901	
4066	0	20186	
4067	0	16432	
4068	0	15419	
4069	0	24112	
4070	0	37336	
4071	0	46662	
4072	0	45910	
4073	0	34047	
4074	0	25905	
4075	0	25278	
4076	0	20603	
4077	0	16361	
4078	0	25144	
4079	0	34736	
4080	0	46504	
4081	0	45941	
4082	0	42169	
4083	0	37409	
4084	0	37448	
4085	0	47744	
4086	0	52900	
4087	0	50725	
4088	0	40072	
4089	0	22937	
4090	0	18277	
4091	0	12781	
4092	0	10866	
4093	0	18014	
4094	0	30470	
4095	0	31191	
4096	0	21152	
4097	0	19740	
4098	0	28838	
4099	0	32949	
4100	0	35200	
4101	0	40763	
4102	0	43378	
4103	0	42640	
4104	0	41843	
4105	0	48248	
4106	0	53341	
4107	0	45135	
4108	0	35033	
4109	0	23781	
4110	0	14812	
4111	0	11359	
4112	0	24494	
4113	0	35274	
4114	0	39430	
4115	0	39777	
4116	0	34678	
4117	0	22148	
4118	0	18504	
4119	0	22929	
4120	0	36668	
4121	0	42944	
4122	0	40821	
4123	0	45371	
4124	0	50098	
4125	0	46155	
4126	0	36660	
4127	0	33210	
4128	0	34112	
4129	0	21900	
4130	0	14173	
4131	0	14387	
4132	0	9765	
4133	0	19122	
4134	0	33294	
4135	0	35469	
4136	0	36564	
4137	0	37447	
4138	0	38528	
4139	0	41012	
4140	0	43266	
4141	0	45268	
4142	0	47104	
4143	0	47644	
4144	0	48442	
4145	0	48127	
4146	0	40172	
4147	0	28241	
4148	0	13804	
4149	0	9803	
4150	0	9409	
4151	0	16180	
4152	0	21164	
4153	0	16220	
4154	0	13864	
4155	0	17013	
4156	0	28018	
4157	0	34796	
4158	0	41402	
4159	0	48716	
4160	0	54041	
4161	0	52545	
4162	0	45421	
4163	0	42970	
4164	0	46660	
4165	0	49101	
4166	0	40874	
4167	0	31175	
4168	0	21593	
4169	0	18231	
4170	0	21724	
4171	0	22349	
4172	0	32647	
4173	0	41398	
4174	0	36114	
4175	0	30326	
4176	0	29169	
4177	0	27299	
4178	0	25023	
4179	0	27014	
4180	0	30245	
4181	0	32227	
4182	0	33246	
4183	0	37123	
4184	0	37959	
4185	0	37503	
4186	0	40838	
4187	0	40528	
4188	0	35951	
4189	0	43175	
4190	0	45581	
4191	0	41466	
4192	0	26951	
4193	0	17472	
4194	0	3341	
4195	0	4432	
4196	0	8080	
4197	0	11304	
4198	0	33732	
4199	0	54704	
4200	0	57242	
4201	0	50905	
4202	0	44810	
4203	0	40720	
4204	0	42345	
4205	0	40109	
4206	0	39124	
4207	0	44648	
4208	0	43143	
4209	0	41568	
4210	0	39343	
4211	0	30329	
4212	0	11948	
4213	0	3785	
4214	0	8767	
4215	0	10123	
4216	0	9679	
4217	0	19316	
4218	0	35815	
4219	0	43448	
4220	0	43180	
4221	0	41622	
4222	0	43664	
4223	0	42186	
4224	0	36703	
4225	0	33463	
4226	0	40052	
4227	0	47922	
4228	0	48768	
4229	0	47804	
4230	0	39544	
4231	0	28089	
4232	0	19986	
4233	0	19448	
4234	0	12718	
4235	0	13380	
4236	0	22901	
4237	0	30852	
4238	0	29149	
4239	0	41428	
4240	0	53341	
4241	0	46668	
4242	0	40719	
4243	0	39088	
4244	0	30680	
4245	0	17969	
4246	0	13545	
4247	0	21938	
4248	0	32977	
4249	0	42980	
4250	0	47188	
4251	0	51933	
4252	0	44736	
4253	0	26948	
4254	0	17472	
4255	0	10854	
4256	0	17780	
4257	0	27936	
4258	0	31864	
4259	0	34290	
4260	0	32455	
4261	0	36936	
4262	0	50372	
4263	0	47519	
4264	0	35252	
4265	0	26434	
4266	0	22783	
4267	0	26540	
4268	0	32234	
4269	0	35119	
4270	0	36690	
4271	0	36263	
4272	0	41876	
4273	0	41367	
4274	0	34365	
4275	0	28792	
4276	0	30511	
4277	0	27620	
4278	0	24486	
4279	0	30612	
4280	0	42340	
4281	0	44813	
4282	0	38013	
4283	0	29936	
4284	0	22640	
4285	0	25784	
4286	0	30759	
4287	0	27370	
4288	0	27964	
4289	0	35447	
4290	0	41200	
4291	0	37524	
4292	0	35074	
4293	0	33479	
4294	0	28839	
4295	0	25256	
4296	0	26524	
4297	0	41009	
4298	0	47842	
4299	0	45766	
4300	0	35784	
4301	0	21636	
4302	0	21894	
4303	0	18481	
4304	0	24367	
4305	0	34543	
4306	0	36170	
4307	0	30668	
4308	0	29880	
4309	0	41154	
4310	0	44414	
4311	0	41296	
4312	0	42458	
4313	0	37540	
4314	0	20084	
4315	0	10248	
4316	0	11406	
4317	0	19349	
4318	0	23407	
4319	0	28058	
4320	0	41410	
4321	0	48964	
4322	0	54132	
4323	0	52717	
4324	0	47764	
4325	0	34137	
4326	0	21969	
4327	0	10660	
4328	0	24065	
4329	0	40384	
4330	0	49670	
4331	0	40782	
4332	0	34992	
4333	0	29541	
4334	0	25142	
4335	0	23954	
4336	0	28102	
4337	0	34081	
4338	0	49396	
4339	0	57620	
4340	0	55093	
4341	0	41906	
4342	0	24686	
4343	0	3641	
4344	0	23	
4345	0	4281	
4346	0	19306	
4347	0	31092	
4348	0	31463	
4349	0	33272	
4350	0	36352	
4351	0	39536	
4352	0	39730	
4353	0	36172	
4354	0	36728	
4355	0	42868	
4356	0	45088	
4357	0	40425	
4358	0	35039	
4359	0	31937	
4360	0	25248	
4361	0	32957	
4362	0	41889	
4363	0	44579	
4364	0	42963	
4365	0	36069	
4366	0	26767	
4367	0	20495	
4368	0	15752	
4369	0	19216	
4370	0	23299	
4371	0	29627	
4372	0	38464	
4373	0	41554	
4374	0	37736	
4375	0	36253	
4376	0	47648	
4377	0	54394	
4378	0	50100	
4379	0	36756	
4380	0	23198	
4381	0	4457	
4382	0	7877	
4383	0	27744	
4384	0	32293	
4385	0	29814	
4386	0	27952	
4387	0	29575	
4388	0	30804	
4389	0	34497	
4390	0	36109	
4391	0	36407	
4392	0	45546	
4393	0	48900	
4394	0	38977	
4395	0	23296	
4396	0	17966	
4397	0	24857	
4398	0	36542	
4399	0	40521	
4400	0	41772	
4401	0	36635	
4402	0	30907	
4403	0	30795	
4404	0	37964	
4405	0	37353	
4406	0	23105	
4407	0	19944	
4408	0	19911	
4409	0	30114	
4410	0	36335	
4411	0	27654	
4412	0	20768	
4413	0	26697	
4414	0	39408	
4415	0	38625	
4416	0	37020	
4417	0	37047	
4418	0	40502	
4419	0	36549	
4420	0	34887	
4421	0	40605	
4422	0	42327	
4423	0	42836	
4424	0	39098	
4425	0	35441	
4426	0	27494	
4427	0	24844	
4428	0	23967	
4429	0	27846	
4430	0	33908	
4431	0	36885	
4432	0	29710	
4433	0	22928	
4434	0	23972	
4435	0	27999	
4436	0	33663	
4437	0	39903	
4438	0	41581	
4439	0	42246	
4440	0	42230	
4441	0	37808	
4442	0	36646	
4443	0	31000	
4444	0	26446	
4445	0	26592	
4446	0	20228	
4447	0	11393	
4448	0	17072	
4449	0	39879	
4450	0	57132	
4451	0	60406	
4452	0	53764	
4453	0	29742	
4454	0	3235	
4455	0	2633	
4456	0	6467	
4457	0	25144	
4458	0	34048	
4459	0	42976	
4460	0	46924	
4461	0	43640	
4462	0	39564	
4463	0	36377	
4464	0	38694	
4465	0	32462	
4466	0	30822	
4467	0	36218	
4468	0	47930	
4469	0	48146	
4470	0	32952	
4471	0	25996	
4472	0	22009	
4473	0	20573	
4474	0	23270	
4475	0	24722	
4476	0	27250	
4477	0	24338	
4478	0	21894	
4479	0	18509	
4480	0	31469	
4481	0	45900	
4482	0	53845	
4483	0	55111	
4484	0	48256	
4485	0	38614	
4486	0	28408	
4487	0	22760	
4488	0	24532	
4489	0	29976	
4490	0	32398	
4491	0	29542	
4492	0	37052	
4493	0	41712	
4494	0	40577	
4495	0	38354	
4496	0	32997	
4497	0	24604	
4498	0	22554	
4499	0	23271	
4500	0	24791	
4501	0	33737	
4502	0	36777	
4503	0	31611	
4504	0	27907	
4505	0	25952	
4506	0	29287	
4507	0	35673	
4508	0	35707	
4509	0	34629	
4510	0	35200	
4511	0	32902	
4512	0	31143	
4513	0	38520	
4514	0	42743	
4515	0	43305	
4516	0	38285	
4517	0	32184	
4518	0	30921	
4519	0	32695	
4520	0	33721	
4521	0	33731	
4522	0	35136	
4523	0	33248	
4524	0	26106	
4525	0	13335	
4526	0	16311	
4527	0	21743	
4528	0	28016	
4529	0	36403	
4530	0	42582	
4531	0	45116	
4532	0	45308	
4533	0	42198	
4534	0	42276	
4535	0	42902	
4536	0	45574	
4537	0	48370	
4538	0	40417	
4539	0	27518	
4540	0	10301	
4541	0	1415	
4542	0	3411	
4543	0	7254	
4544	0	35840	
4545	0	49036	
4546	0	43380	
4547	0	34800	
4548	0	30481	
4549	0	28042	
4550	0	29602	
4551	0	33938	
4552	0	43676	
4553	0	47424	
4554	0	45052	
4555	0	39975	
4556	0	39442	
4557	0	42135	
4558	0	35460	
4559	0	17278	
4560	0	16588	
4561	0	34160	
4562	0	44732	
4563	0	40270	
4564	0	21781	
4565	0	4611	
4566	0	6028	
4567	0	9415	
4568	0	28880	
4569	0	38943	
4570	0	47317	
4571	0	58984	
4572	0	59813	
4573	0	54023	
4574	0	41192	
4575	0	29383	
4576	0	25700	
4577	0	20688	
4578	0	18790	
4579	0	32362	
4580	0	39794	
4581	0	43784	
4582	0	43680	
4583	0	35864	
4584	0	29319	
4585	0	29197	
4586	0	20559	
4587	0	10658	
4588	0	6009	
4589	0	19414	
4590	0	26660	
4591	0	32965	
4592	0	37488	
4593	0	41223	
4594	0	41476	
4595	0	42912	
4596	0	42741	
4597	0	41714	
4598	0	39570	
4599	0	37494	
4600	0	33580	
4601	0	24338	
4602	0	28300	
4603	0	33397	
4604	0	33351	
4605	0	30252	
4606	0	37640	
4607	0	43489	
4608	0	42676	
4609	0	39303	
4610	0	39430	
4611	0	37764	
4612	0	30818	
4613	0	33905	
4614	0	38512	
4615	0	37833	
4616	0	18746	
4617	0	9583	
4618	0	17412	
4619	0	25692	
4620	0	27609	
4621	0	33338	
4622	0	29200	
4623	0	29536	
4624	0	37850	
4625	0	37338	
4626	0	24250	
4627	0	24531	
4628	0	30823	
4629	0	34695	
4630	0	37215	
4631	0	41445	
4632	0	43253	
4633	0	43497	
4634	0	46662	
4635	0	43356	
4636	0	35212	
4637	0	31300	
4638	0	18551	
4639	0	9581	
4640	0	5763	
4641	0	22247	
4642	0	31708	
4643	0	37420	
4644	0	43940	
4645	0	43589	
4646	0	41654	
4647	0	43701	
4648	0	42903	
4649	0	38802	
4650	0	32630	
4651	0	29218	
4652	0	27256	
4653	0	28864	
4654	0	34744	
4655	0	37202	
4656	0	34226	
4657	0	33578	
4658	0	35752	
4659	0	31622	
4660	0	23308	
4661	0	19958	
4662	0	32370	
4663	0	37204	
4664	0	30840	
4665	0	29090	
4666	0	34614	
4667	0	32041	
4668	0	36000	
4669	0	41488	
4670	0	32862	
4671	0	24827	
4672	0	27601	
4673	0	31788	
4674	0	35603	
4675	0	40776	
4676	0	41348	
4677	0	40082	
4678	0	38692	
4679	0	37725	
4680	0	39724	
4681	0	45512	
4682	0	40037	
4683	0	28118	
4684	0	14325	
4685	0	8857	
4686	0	8071	
4687	0	11583	
4688	0	25193	
4689	0	29824	
4690	0	30150	
4691	0	27150	
4692	0	32332	
4693	0	45025	
4694	0	47692	
4695	0	41637	
4696	0	41682	
4697	0	40824	
4698	0	33222	
4699	0	29274	
4700	0	34500	
4701	0	40744	
4702	0	39794	
4703	0	37688	
4704	0	37919	
4705	0	42349	
4706	0	44008	
4707	0	47977	
4708	0	35584	
4709	0	21016	
4710	0	5695	
4711	0	10140	
4712	0	20530	
4713	0	22645	
4714	0	24670	
4715	0	27143	
4716	0	32863	
4717	0	37576	
4718	0	39224	
4719	0	37671	
4720	0	39218	
4721	0	36466	
4722	0	34910	
4723	0	35796	
4724	0	33748	
4725	0	35897	
4726	0	39687	
4727	0	38403	
4728	0	34406	
4729	0	26210	
4730	0	27252	
4731	0	28352	
4732	0	27941	
4733	0	34301	
4734	0	37277	
4735	0	36339	
4736	0	36964	
4737	0	36248	
4738	0	35680	
4739	0	34098	
4740	0	36197	
4741	0	39256	
4742	0	34796	
4743	0	34446	
4744	0	43688	
4745	0	42368	
4746	0	26757	
4747	0	17569	
4748	0	17398	
4749	0	17858	
4750	0	16368	
4751	0	19578	
4752	0	34788	
4753	0	43901	
4754	0	42911	
4755	0	41768	
4756	0	38346	
4757	0	34055	
4758	0	36479	
4759	0	35204	
4760	0	26868	
4761	0	16681	
4762	0	23592	
4763	0	23079	
4764	0	28909	
4765	0	35060	
4766	0	37762	
4767	0	40642	
4768	0	38654	
4769	0	35534	
4770	0	35226	
4771	0	36332	
4772	0	35068	
4773	0	35687	
4774	0	35706	
4775	0	34646	
4776	0	32044	
4777	0	28960	
4778	0	27689	
4779	0	30516	
4780	0	36201	
4781	0	36286	
4782	0	33778	
4783	0	34345	
4784	0	32304	
4785	0	31595	
4786	0	32104	
4787	0	34951	
4788	0	31295	
4789	0	28135	
4790	0	31517	
4791	0	33718	
4792	0	35005	
4793	0	34717	
4794	0	35462	
4795	0	35357	
4796	0	28966	
4797	0	26185	
4798	0	28684	
4799	0	32858	
4800	0	35158	
4801	0	33164	
4802	0	33314	
4803	0	34202	
4804	0	33897	
4805	0	34060	
4806	0	34976	
4807	0	34861	
4808	0	32946	
4809	0	31879	
4810	0	31225	
4811	0	31178	
4812	0	32703	
4813	0	34024	
4814	0	33244	
4815	0	33304	
4816	0	33261	
4817	0	34076	
4818	0	36585	
4819	0	35206	
4820	0	32921	
4821	0	33257	
4822	0	30158	
4823	0	28008	
4824	0	34690	
4825	0	29382	
4826	0	25618	
4827	0	29821	
4828	0	31711	
4829	0	26950	
4830	0	22807	
4831	0	30016	
4832	0	37184	
4833	0	40756	
4834	0	39669	
4835	0	38495	
4836	0	37350	
4837	0	36946	
4838	0	34896	
4839	0	32071	
4840	0	31628	
4841	0	31924	
4842	0	32884	
4843	0	34482	
4844	0	30520	
4845	0	29295	
4846	0	31821	
4847	0	33348	
4848	0	35574	
4849	0	39720	
4850	0	36493	
4851	0	28264	
4852	0	19955	
4853	0	17681	
4854	0	23998	
4855	0	37704	
4856	0	42857	
4857	0	37164	
4858	0	30520	
4859	0	31473	
4860	0	35131	
4861	0	36204	
4862	0	37071	
4863	0	37999	
4864	0	30679	
4865	0	24615	
4866	0	26832	
4867	0	32916	
4868	0	33596	
4869	0	33646	
4870	0	34471	
4871	0	34548	
4872	0	34310	
4873	0	33892	
4874	0	33520	
4875	0	33218	
4876	0	33008	
4877	0	33019	
4878	0	32948	
4879	0	33094	
4880	0	33039	
4881	0	32724	
4882	0	32679	
4883	0	33052	
4884	0	33423	
4885	0	31992	
4886	0	31266	
4887	0	31900	
4888	0	32455	
4889	0	32740	
4890	0	32963	
4891	0	33341	
4892	0	33442	
4893	0	32675	
4894	0	32250	
4895	0	32411	
4896	0	32487	
4897	0	32703	
4898	0	32935	
4899	0	33884	
4900	0	33884	
4901	0	33188	
4902	0	32585	
4903	0	31995	
4904	0	31749	
4905	0	30404	
4906	0	31017	
4907	0	33885	
4908	0	35537	
4909	0	35127	
4910	0	34308	
4911	0	32909	
4912	0	31559	
4913	0	31803	
4914	0	31716	
4915	0	34439	
4916	0	37295	
4917	0	38292	
4918	0	37697	
4919	0	32429	
4920	0	25646	
4921	0	21028	
4922	0	20629	
4923	0	26521	
4924	0	33757	
4925	0	35996	
4926	0	37126	
4927	0	38055	
4928	0	37748	
4929	0	35254	
4930	0	31037	
4931	0	29844	
4932	0	31838	
4933	0	32342	
4934	0	31348	
4935	0	36468	
4936	0	39108	
4937	0	37792	
4938	0	33364	
4939	0	27988	
4940	0	23909	
4941	0	25317	
4942	0	30088	
4943	0	35697	
4944	0	36132	
4945	0	34614	
4946	0	34427	
4947	0	33534	
4948	0	32435	
4949	0	32479	
4950	0	32879	
4951	0	33479	
4952	0	33330	
4953	0	33948	
4954	0	34364	
4955	0	32794	
4956	0	33055	
4957	0	32711	
4958	0	32359	
4959	0	32618	
4960	0	32740	
4961	0	33172	
4962	0	33351	
4963	0	33645	
4964	0	33475	
4965	0	32963	
4966	0	32671	
4967	0	32594	
4968	0	32480	
4969	0	32432	
4970	0	32647	
4971	0	32549	
4972	0	32605	
4973	0	32647	
4974	0	32412	
4975	0	32707	
4976	0	32730	
4977	0	32775	
4978	0	32626	
4979	0	32628	
4980	0	32583	
4981	0	32592	
4982	0	32845	
4983	0	32775	
4984	0	32749	
4985	0	32874	
4986	0	32931	
4987	0	32775	
4988	0	32676	
4989	0	32791	
4990	0	32916	
4991	0	32940	
4992	0	32876	
4993	0	32782	
4994	0	32746	
4995	0	32639	
4996	0	32806	
4997	0	32979	
4998	0	32803	
4999	0	32400	
5000	0	32333	
5001	0	32667	
5002	0	32544	
5003	0	32805	
5004	0	33076	
5005	0	32678	
5006	0	32525	
5007	0	32588	
5008	0	32346	
5009	0	32186	
5010	0	32242	
5011	0	32628	
5012	0	33129	
5013	0	33470	
5014	0	33762	
5015	0	33552	
5016	0	33109	
5017	0	33124	
5018	0	33193	
5019	0	32672	
5020	0	31817	
5021	0	31768	
5022	0	31968	
5023	0	31559	
5024	0	31374	
5025	0	32580	
5026	0	33260	
5027	0	33423	
5028	0	33137	
5029	0	32916	
5030	0	32590	
5031	0	32223	
5032	0	32153	
5033	0	32806	
5034	0	33489	
5035	0	33655	
5036	0	33287	
5037	0	32754	
5038	0	32870	
5039	0	32882	
5040	0	32653	
5041	0	32540	
5042	0	32513	
5043	0	32646	
5044	0	32949	
5045	0	32972	
5046	0	32875	
5047	0	32759	
5048	0	32818	
5049	0	32714	
5050	0	32628	
5051	0	32460	
5052	0	32353	
5053	0	32515	
5054	0	32738	
5055	0	32997	
5056	0	33058	
5057	0	33127	
5058	0	32916	
5059	0	32765	
5060	0	32802	
5061	0	32807	
5062	0	32932	
5063	0	32820	
5064	0	32687	
5065	0	32529	
5066	0	32679	
5067	0	32812	
5068	0	32433	
5069	0	32568	
5070	0	32423	
5071	0	32668	
5072	0	32997	
5073	0	32722	
5074	0	32740	
5075	0	32670	
5076	0	32891	
5077	0	32797	
5078	0	32725	
5079	0	32618	
5080	0	32607	
5081	0	32637	
5082	0	32732	
5083	0	32818	
5084	0	32935	
5085	0	32861	
5086	0	32744	
5087	0	32560	
5088	0	32738	
5089	0	32804	
5090	0	32722	
5091	0	32737	
5092	0	32762	
5093	0	32749	
5094	0	32743	
5095	0	32718	
5096	0	32837	
5097	0	32804	
5098	0	32770	
5099	0	32749	
5100	0	32692	
5101	0	32647	
5102	0	32676	
5103	0	32750	
5104	0	32684	
5105	0	32652	
5106	0	32735	
5107	0	32718	
5108	0	32913	
5109	0	33088	
5110	0	32816	
5111	0	32618	
5112	0	32823	
5113	0	32879	
5114	0	32797	
5115	0	32831	
5116	0	32688	
5117	0	32830	
5118	0	32946	
5119	0	32932	
5120	0	32903	
5121	0	32788	
5122	0	32699	
5123	0	32603	
5124	0	32632	
5125	0	32652	
5126	0	32725	
5127	0	32847	
5128	0	32768	
5129	0	32572	
5130	0	32657	
5131	0	32739	
5132	0	32767	
5133	0	32684	
5134	0	32729	
5135	0	32804	
5136	0	32724	
5137	0	32532	
5138	0	32664	
5139	0	32732	
5140	0	32754	
5141	0	32679	
5142	0	32664	
5143	0	32708	
5144	0	32663	
5145	0	32805	
5146	0	32849	
5147	0	32641	
5148	0	32664	
5149	0	32625	
5150	0	32647	
5151	0	32689	
5152	0	32839	
5153	0	32807	
5154	0	32752	
5155	0	32906	
5156	0	32772	
5157	0	32590	
5158	0	32733	
5159	0	32635	
5160	0	32651	
5161	0	32939	
5162	0	33135	
5163	0	33027	
5164	0	32678	
5165	0	32539	
5166	0	32698	
5167	0	32356	
5168	0	32535	
5169	0	32924	
5170	0	32826	
5171	0	32818	
5172	0	32790	
5173	0	32579	
5174	0	32671	
5175	0	32736	
5176	0	32803	
5177	0	32711	
5178	0	32711	
5179	0	32727	
5180	0	32723	
5181	0	32736	
5182	0	32775	
5183	0	32705	
5184	0	32718	
5185	0	32628	
5186	0	32739	
5187	0	32743	
5188	0	32803	
5189	0	32748	
5190	0	32684	
5191	0	32678	
5192	0	32756	
5193	0	32920	
5194	0	32887	
5195	0	32884	
5196	0	32839	
5197	0	32708	
5198	0	32694	
5199	0	32678	
5200	0	32775	
5201	0	32736	
5202	0	32679	
5203	0	32801	
5204	0	32738	
5205	0	32733	
5206	0	32709	
5207	0	32661	
5208	0	32775	
5209	0	32763	
5210	0	32747	
5211	0	32673	
5212	0	32639	
5213	0	32725	
5214	0	32823	
5215	0	33068	
5216	0	32908	
5217	0	32707	
5218	0	32762	
5219	0	32770	
5220	0	32668	
5221	0	32484	
5222	0	32799	
5223	0	32870	
5224	0	32710	
5225	0	32693	
5226	0	32768	
5227	0	32717	
5228	0	32858	
5229	0	32943	
5230	0	32925	
5231	0	32884	
5232	0	32771	
5233	0	32755	
5234	0	32573	
5235	0	32647	
5236	0	32713	
5237	0	32672	
5238	0	32729	
5239	0	32681	
5240	0	32671	
5241	0	32672	
5242	0	32727	
5243	0	32693	
5244	0	32697	
5245	0	32880	
5246	0	32876	
5247	0	32690	
5248	0	32615	
5249	0	32673	
5250	0	32805	
5251	0	32658	
5252	0	32801	
5253	0	32861	
5254	0	32799	
5255	0	32885	
5256	0	32767	
5257	0	32551	
5258	0	32647	
5259	0	32667	
5260	0	32575	
5261	0	32695	
5262	0	32887	
5263	0	32953	
5264	0	32833	
5265	0	32747	
5266	0	32493	
5267	0	32725	
5268	0	32775	
5269	0	32680	
5270	0	32711	
5271	0	32655	
5272	0	32642	
5273	0	32646	
5274	0	32660	
5275	0	32880	
5276	0	33005	
5277	0	33116	
5278	0	33018	
5279	0	32694	
5280	0	32671	
5281	0	32681	
5282	0	32782	
5283	0	32717	
5284	0	32720	
5285	0	32616	
5286	0	32579	
5287	0	32732	
5288	0	32738	
5289	0	32662	
5290	0	32656	
5291	0	32608	
5292	0	32630	
5293	0	32858	
5294	0	32948	
5295	0	32681	
5296	0	32490	
5297	0	32662	
5298	0	32782	
5299	0	32802	
5300	0	32857	
5301	0	32803	
5302	0	32772	
5303	0	32706	
5304	0	32677	
5305	0	32829	
5306	0	32849	
5307	0	32699	
5308	0	32679	
5309	0	32762	
5310	0	32726	
5311	0	32785	
5312	0	32744	
5313	0	32801	
5314	0	32823	
5315	0	32848	
5316	0	32731	
5317	0	32775	
5318	0	32519	
5319	0	32436	
5320	0	32630	
5321	0	32804	
5322	0	32931	
5323	0	32796	
5324	0	32564	
5325	0	32745	
5326	0	32770	
5327	0	32714	
5328	0	32682	
5329	0	32775	
5330	0	32735	
5331	0	32807	
5332	0	32775	
5333	0	32775	
5334	0	32839	
5335	0	32925	
5336	0	32859	
5337	0	32722	
5338	0	32684	
5339	0	32788	
5340	0	32822	
5341	0	32911	
5342	0	32809	
5343	0	32711	
5344	0	32797	
5345	0	32844	
5346	0	32684	
5347	0	32667	
5348	0	32807	
5349	0	32740	
5350	0	32748	
5351	0	32740	
5352	0	32847	
5353	0	32736	
5354	0	32711	
5355	0	32704	
5356	0	32740	
5357	0	32744	
5358	0	32903	
5359	0	32745	
5360	0	32771	
5361	0	32723	
5362	0	32838	
5363	0	32536	
5364	0	32622	
5365	0	32716	
5366	0	32727	
5367	0	32723	
5368	0	32711	
5369	0	32775	
5370	0	32729	
5371	0	32679	
5372	0	32736	
5373	0	32813	
5374	0	32775	
5375	0	32710	
5376	0	32729	
5377	0	32728	
5378	0	32924	
5379	0	32965	
5380	0	32967	
5381	0	32742	
5382	0	32332	
5383	0	32370	
5384	0	32423	
5385	0	32549	
5386	0	32697	
5387	0	32809	
5388	0	32737	
5389	0	32699	
5390	0	32731	
5391	0	32706	
5392	0	32658	
5393	0	32830	
5394	0	32916	
5395	0	32859	
5396	0	32898	
5397	0	32839	
5398	0	32855	
5399	0	32838	
5400	0	32763	
5401	0	32813	
5402	0	32711	
5403	0	32746	
5404	0	32774	
5405	0	32807	
5406	0	32759	
5407	0	32753	
5408	0	32665	
5409	0	32675	
5410	0	32775	
5411	0	32843	
5412	0	32959	
5413	0	32699	
5414	0	32406	
5415	0	32714	
5416	0	32984	
5417	0	32799	
5418	0	32727	
5419	0	32703	
5420	0	32819	
5421	0	32685	
5422	0	32736	
5423	0	32820	
5424	0	32848	
5425	0	32820	
5426	0	32797	
5427	0	32676	
5428	0	32724	
5429	0	32760	
5430	0	32703	
5431	0	32751	
5432	0	32728	
5433	0	32741	
5434	0	32797	
5435	0	32807	
5436	0	32654	
5437	0	32698	
5438	0	32685	
5439	0	32774	
5440	0	32822	
5441	0	32796	
5442	0	32809	
5443	0	32738	
5444	0	32813	
5445	0	32765	
5446	0	32730	
5447	0	32647	
5448	0	32733	
5449	0	32816	
5450	0	32935	
5451	0	33077	
5452	0	32861	
5453	0	32599	
5454	0	32546	
5455	0	32605	
5456	0	32586	
5457	0	32886	
5458	0	32929	
5459	0	32676	
5460	0	32551	
5461	0	32596	
5462	0	32775	
5463	0	32815	
5464	0	32819	
5465	0	32839	
5466	0	32819	
5467	0	32786	
5468	0	32928	
5469	0	33140	
5470	0	32804	
5471	0	32562	
5472	0	32557	
5473	0	32685	
5474	0	32818	
5475	0	32652	
5476	0	32631	
5477	0	32715	
5478	0	32674	
5479	0	32815	
5480	0	32762	
5481	0	32789	
5482	0	32767	
5483	0	32736	
5484	0	32705	
5485	0	32720	
5486	0	32716	
5487	0	32792	
5488	0	32720	
5489	0	32664	
5490	0	32708	
5491	0	32813	
5492	0	32775	
5493	0	32771	
5494	0	32735	
5495	0	32775	
5496	0	32711	
5497	0	32828	
5498	0	33029	
5499	0	32810	
5500	0	32509	
5501	0	32572	
5502	0	32903	
5503	0	33021	
5504	0	32981	
5505	0	32595	
5506	0	32501	
5507	0	32663	
5508	0	32719	
5509	0	32862	
5510	0	32742	
5511	0	32736	
5512	0	32676	
5513	0	32675	
5514	0	32741	
5515	0	32807	
5516	0	32743	
5517	0	32775	
5518	0	32796	
5519	0	32744	
5520	0	32743	
5521	0	32686	
5522	0	32566	
5523	0	32647	
5524	0	32767	
5525	0	32999	
5526	0	32863	
5527	0	32692	
5528	0	32871	
5529	0	32838	
5530	0	32808	
5531	0	32670	
5532	0	32665	
5533	0	32671	
5534	0	32676	
5535	0	32676	
5536	0	32831	
5537	0	32813	
5538	0	32805	
5539	0	32704	
5540	0	32742	
5541	0	32742	
5542	0	32750	
5543	0	32722	
5544	0	32761	
5545	0	32767	
5546	0	32770	
5547	0	32832	
5548	0	32740	
5549	0	32596	
5550	0	32544	
5551	0	32557	
5552	0	32675	
5553	0	32692	
5554	0	32602	
5555	0	32915	
5556	0	33197	
5557	0	32848	
5558	0	33005	
5559	0	32966	
5560	0	32655	
5561	0	32557	
5562	0	32669	
5563	0	32760	
5564	0	32699	
5565	0	32739	
5566	0	32674	
5567	0	32704	
5568	0	32736	
5569	0	32772	
5570	0	32723	
5571	0	32853	
5572	0	32681	
5573	0	32733	
5574	0	32717	
5575	0	32925	
5576	0	33001	
5577	0	32817	
5578	0	32540	
5579	0	32518	
5580	0	32657	
5581	0	32765	
5582	0	32671	
5583	0	32769	
5584	0	32742	
5585	0	32733	
5586	0	32871	
5587	0	32889	
5588	0	32782	
5589	0	32743	
5590	0	32742	
5591	0	32676	
5592	0	32704	
5593	0	32734	
5594	0	32807	
5595	0	32864	
5596	0	32765	
5597	0	32725	
5598	0	32798	
5599	0	32812	
5600	0	32799	
5601	0	32826	
5602	0	32815	
5603	0	32787	
5604	0	32774	
5605	0	32839	
5606	0	32757	
5607	0	32572	
5608	0	32803	
5609	0	32886	
5610	0	32749	
5611	0	32653	
5612	0	32668	
5613	0	32685	
5614	0	32764	
5615	0	32802	
5616	0	32807	
5617	0	32838	
5618	0	32898	
5619	0	32775	
5620	0	32615	
5621	0	32534	
5622	0	32830	
5623	0	33101	
5624	0	32957	
5625	0	32599	
5626	0	32318	
5627	0	32596	
5628	0	32981	
5629	0	32839	
5630	0	32550	
5631	0	32574	
5632	0	32658	
5633	0	32722	
5634	0	32741	
5635	0	32775	
5636	0	32790	
5637	0	32842	
5638	0	32737	
5639	0	32797	
5640	0	32813	
5641	0	32760	
5642	0	32768	
5643	0	32794	
5644	0	32813	
5645	0	32775	
5646	0	32698	
5647	0	32686	
5648	0	32674	
5649	0	32743	
5650	0	32775	
5651	0	32758	
5652	0	32711	
5653	0	32736	
5654	0	32717	
5655	0	32665	
5656	0	32658	
5657	0	32711	
5658	0	32839	
5659	0	32770	
5660	0	32737	
5661	0	32797	
5662	0	32825	
5663	0	32827	
5664	0	32729	
5665	0	32821	
5666	0	32839	
5667	0	32609	
5668	0	32562	
5669	0	32865	
5670	0	32876	
5671	0	32592	
5672	0	32624	
5673	0	32735	
5674	0	32919	
5675	0	32903	
5676	0	32903	
5677	0	32797	
5678	0	32733	
5679	0	32614	
5680	0	32732	
5681	0	32697	
5682	0	32767	
5683	0	32796	
5684	0	32839	
5685	0	32796	
5686	0	32735	
5687	0	32608	
5688	0	32560	
5689	0	32687	
5690	0	32742	
5691	0	32738	
5692	0	32728	
5693	0	32671	
5694	0	32676	
5695	0	32693	
5696	0	32701	
5697	0	32802	
5698	0	32805	
5699	0	32728	
5700	0	32888	
5701	0	32816	
5702	0	32899	
5703	0	32830	
5704	0	32801	
5705	0	32697	
5706	0	32703	
5707	0	32857	
5708	0	32835	
5709	0	32864	
5710	0	32761	
5711	0	32815	
5712	0	32704	
5713	0	32653	
5714	0	32700	
5715	0	32716	
5716	0	32771	
5717	0	32742	
5718	0	32744	
5719	0	32670	
5720	0	32685	
5721	0	32807	
5722	0	32953	
5723	0	32884	
5724	0	32612	
5725	0	32534	
5726	0	32495	
5727	0	32681	
5728	0	32806	
5729	0	32774	
5730	0	32812	
5731	0	32775	
5732	0	32813	
5733	0	32857	
5734	0	32822	
5735	0	32811	
5736	0	32819	
5737	0	32756	
5738	0	32734	
5739	0	32789	
5740	0	32738	
5741	0	32941	
5742	0	32882	
5743	0	32703	
5744	0	32653	
5745	0	32652	
5746	0	32746	
5747	0	32658	
5748	0	32631	
5749	0	32711	
5750	0	32764	
5751	0	32762	
5752	0	32703	
5753	0	32747	
5754	0	32738	
5755	0	32770	
5756	0	32764	
5757	0	32747	
5758	0	32695	
5759	0	32754	
5760	0	32730	
5761	0	32865	
5762	0	32830	
5763	0	32671	
5764	0	32485	
5765	0	32660	
5766	0	32741	
5767	0	32873	
5768	0	32858	
5769	0	32839	
5770	0	32787	
5771	0	32701	
5772	0	32678	
5773	0	32701	
5774	0	32762	
5775	0	32770	
5776	0	32809	
5777	0	32729	
5778	0	32735	
5779	0	32713	
5780	0	32734	
5781	0	32763	
5782	0	32775	
5783	0	32792	
5784	0	32775	
5785	0	32699	
5786	0	32699	
5787	0	32717	
5788	0	32784	
5789	0	32883	
5790	0	32900	
5791	0	32822	
5792	0	32609	
5793	0	32487	
5794	0	32745	
5795	0	32725	
5796	0	32693	
5797	0	32768	
5798	0	32772	
5799	0	32775	
5800	0	32683	
5801	0	32817	
5802	0	32675	
5803	0	32722	
5804	0	32775	
5805	0	32794	
5806	0	32830	
5807	0	32711	
5808	0	32726	
5809	0	32798	
5810	0	32770	
5811	0	32665	
5812	0	32536	
5813	0	32711	
5814	0	32891	
5815	0	32815	
5816	0	32852	
5817	0	32884	
5818	0	32839	
5819	0	32789	
5820	0	32767	
5821	0	32746	
5822	0	32775	
5823	0	32716	
5824	0	32751	
5825	0	32743	
5826	0	32717	
5827	0	32718	
5828	0	32713	
5829	0	32818	
5830	0	32775	
5831	0	32737	
5832	0	32772	
5833	0	32775	
5834	0	32807	
5835	0	32761	
5836	0	32750	
5837	0	32766	
5838	0	32726	
5839	0	32807	
5840	0	32789	
5841	0	32784	
5842	0	32727	
5843	0	32699	
5844	0	32742	
5845	0	32785	
5846	0	32688	
5847	0	32640	
5848	0	32827	
5849	0	32868	
5850	0	32929	
5851	0	32939	
5852	0	32796	
5853	0	32883	
5854	0	32878	
5855	0	32588	
5856	0	32487	
5857	0	32592	
5858	0	32741	
5859	0	32744	
5860	0	32679	
5861	0	32848	
5862	0	32842	
5863	0	32705	
5864	0	32614	
5865	0	32644	
5866	0	32679	
5867	0	32744	
5868	0	32735	
5869	0	32775	
5870	0	32727	
5871	0	32735	
5872	0	32798	
5873	0	32763	
5874	0	32786	
5875	0	32763	
5876	0	32763	
5877	0	32822	
5878	0	32903	
5879	0	32731	
5880	0	32605	
5881	0	32784	
5882	0	32792	
5883	0	32954	
5884	0	32890	
5885	0	32561	
5886	0	32464	
5887	0	32663	
5888	0	32711	
5889	0	32674	
5890	0	32808	
5891	0	32716	
5892	0	32697	
5893	0	32716	
5894	0	32773	
5895	0	32783	
5896	0	32826	
5897	0	32804	
5898	0	32775	
5899	0	32749	
5900	0	32716	
5901	0	32713	
5902	0	32741	
5903	0	32775	
5904	0	32760	
5905	0	32802	
5906	0	32800	
5907	0	32738	
5908	0	32727	
5909	0	32670	
5910	0	32754	
5911	0	32775	
5912	0	32914	
5913	0	32967	
5914	0	32741	
5915	0	32589	
5916	0	32766	
5917	0	32956	
5918	0	32827	
5919	0	32455	
5920	0	32482	
5921	0	32697	
5922	0	32791	
5923	0	32749	
5924	0	32847	
5925	0	32902	
5926	0	32809	
5927	0	32755	
5928	0	32735	
5929	0	32711	
5930	0	32761	
5931	0	32760	
5932	0	32744	
5933	0	32822	
5934	0	32782	
5935	0	32775	
5936	0	32724	
5937	0	32721	
5938	0	32764	
5939	0	32754	
5940	0	32769	
5941	0	32765	
5942	0	32722	
5943	0	32741	
5944	0	32681	
5945	0	32743	
5946	0	32684	
5947	0	32692	
5948	0	32679	
5949	0	32723	
5950	0	32766	
5951	0	32760	
5952	0	32724	
5953	0	32768	
5954	0	32686	
5955	0	32599	
5956	0	32573	
5957	0	32807	
5958	0	33026	
5959	0	32899	
5960	0	32818	
5961	0	32667	
5962	0	32493	
5963	0	32635	
5964	0	32708	
5965	0	32755	
5966	0	32745	
5967	0	32822	
5968	0	32775	
5969	0	32720	
5970	0	32766	
5971	0	32783	
5972	0	32786	
5973	0	32808	
5974	0	32759	
5975	0	32800	
5976	0	32786	
5977	0	32743	
5978	0	32694	
5979	0	32775	
5980	0	32704	
5981	0	32738	
5982	0	32711	
5983	0	32740	
5984	0	32744	
5985	0	32775	
5986	0	32758	
5987	0	32818	
5988	0	32830	
5989	0	32692	
5990	0	32599	
5991	0	32738	
5992	0	32789	
5993	0	32740	
5994	0	32804	
5995	0	32687	
5996	0	32762	
5997	0	32839	
5998	0	32786	
5999	0	32726	
6000	0	32858	
6001	0	32804	
6002	0	32684	
6003	0	32672	
6004	0	32684	
6005	0	32711	
6006	0	32752	
6007	0	32818	
6008	0	32815	
6009	0	32746	
6010	0	32775	
6011	0	32848	
6012	0	32775	
6013	0	32688	
6014	0	32716	
6015	0	32758	
6016	0	32793	
6017	0	32773	
6018	0	32924	
6019	0	32802	
6020	0	32594	
6021	0	32559	
6022	0	32834	
6023	0	32888	
6024	0	32709	
6025	0	32594	
6026	0	32623	
6027	0	32768	
6028	0	32861	
6029	0	32851	
6030	0	32908	
6031	0	32619	
6032	0	32608	
6033	0	32831	
6034	0	32838	
6035	0	32786	
6036	0	32739	
6037	0	32660	
6038	0	32758	
6039	0	32787	
6040	0	32853	
6041	0	32876	
6042	0	32772	
6043	0	32692	
6044	0	32636	
6045	0	32704	
6046	0	32682	
6047	0	32743	
6048	0	32727	
6049	0	32697	
6050	0	32728	
6051	0	32751	
6052	0	32769	
6053	0	32731	
6054	0	32754	
6055	0	32753	
6056	0	32725	
6057	0	32839	
6058	0	32765	
6059	0	32695	
6060	0	32793	
6061	0	32767	
6062	0	32804	
6063	0	32921	
6064	0	32782	
6065	0	32598	
6066	0	32583	
6067	0	32671	
6068	0	32704	
6069	0	32790	
6070	0	32738	
6071	0	32736	
6072	0	32798	
6073	0	32833	
6074	0	32770	
6075	0	32889	
6076	0	33012	
6077	0	32850	
6078	0	32753	
6079	0	32740	
6080	0	32615	
6081	0	32671	
6082	0	32701	
6083	0	32703	
6084	0	32789	
6085	0	32654	
6086	0	32684	
6087	0	32717	
6088	0	32674	
6089	0	32775	
6090	0	32717	
6091	0	32775	
6092	0	32745	
6093	0	32720	
6094	0	32794	
6095	0	32924	
6096	0	32775	
6097	0	32780	
6098	0	32717	
6099	0	32801	
6100	0	32752	
6101	0	32696	
6102	0	32659	
6103	0	32670	
6104	0	32703	
6105	0	32762	
6106	0	32759	
6107	0	32800	
6108	0	32826	
6109	0	32772	
6110	0	32768	
6111	0	32807	
6112	0	32722	
6113	0	32722	
6114	0	32756	
6115	0	32799	
6116	0	32839	
6117	0	32799	
6118	0	32754	
6119	0	32827	
6120	0	32711	
6121	0	32740	
6122	0	32762	
6123	0	32782	
6124	0	32717	
6125	0	32745	
6126	0	32662	
6127	0	32596	
6128	0	32707	
6129	0	32775	
6130	0	32839	
6131	0	32819	
6132	0	32651	
6133	0	32630	
6134	0	32654	
6135	0	32695	
6136	0	32564	
6137	0	32694	
6138	0	32839	
6139	0	32807	
6140	0	32751	
6141	0	32737	
6142	0	32709	
6143	0	32731	
6144	0	32793	
6145	0	32838	
6146	0	32775	
6147	0	32771	
6148	0	32775	
6149	0	32722	
