# OpenSignals Text File Format
# {"00:07:80:FC:57:23": {"sensor": ["EMG"], "device name": "00:07:80:FC:57:23", "column": ["nSeq", "DI", "trapezio"], "sync interval": 2, "time": "13:13:13.38", "comments": "", "device connection": "BTH00:07:80:FC:57:23", "channels": [1], "keywords": "", "convertedValues": 0, "digital IO": [0, 1], "mode": 0, "date": "2018-7-9", "firmware version": 773, "device": "biosignalsplux", "position": 0, "sampling rate": 1000, "label": ["trapezio"], "resolution": [16], "forcePlatform values": [0.0, 0.0, 0.0, 0.0, 0.0, 0.0, 0.0, 0.0], "special": [{}]}}
# EndOfHeader
0	0	34889	
1	0	35248	
2	0	35236	
3	0	34846	
4	0	34109	
5	0	33473	
6	0	32956	
7	0	32476	
8	0	32237	
9	0	32079	
10	0	32246	
11	0	32316	
12	0	32295	
13	0	32052	
14	0	32066	
15	0	31838	
16	0	31541	
17	0	31743	
18	0	32095	
19	0	32468	
20	0	32813	
21	0	32476	
22	0	32647	
23	0	33110	
24	0	33299	
25	0	33218	
26	0	33792	
27	0	34786	
28	0	35559	
29	0	35760	
30	0	35185	
31	0	34703	
32	0	33836	
33	0	32767	
34	0	31841	
35	0	31420	
36	0	31122	
37	0	30695	
38	0	30885	
39	0	30972	
40	0	31480	
41	0	32303	
42	0	32639	
43	0	32452	
44	0	31921	
45	0	31581	
46	0	30787	
47	0	30284	
48	0	30020	
49	0	31109	
50	0	32676	
51	0	34381	
52	0	35331	
53	0	36291	
54	0	36698	
55	0	36880	
56	0	36791	
57	0	35015	
58	0	33760	
59	0	32856	
60	0	32775	
61	0	33488	
62	0	33734	
63	0	33604	
64	0	33475	
65	0	33312	
66	0	32719	
67	0	32333	
68	0	32205	
69	0	31815	
70	0	31436	
71	0	31047	
72	0	30770	
73	0	31071	
74	0	31469	
75	0	32051	
76	0	32452	
77	0	32749	
78	0	32971	
79	0	32923	
80	0	32997	
81	0	32873	
82	0	32604	
83	0	32451	
84	0	32519	
85	0	32540	
86	0	32635	
87	0	32611	
88	0	32352	
89	0	32304	
90	0	32385	
91	0	32548	
92	0	32736	
93	0	32415	
94	0	32310	
95	0	32359	
96	0	32154	
97	0	31256	
98	0	30759	
99	0	31274	
100	0	32296	
101	0	33153	
102	0	33932	
103	0	34944	
104	0	35811	
105	0	36269	
106	0	35911	
107	0	35207	
108	0	34736	
109	0	34024	
110	0	33479	
111	0	33104	
112	0	32860	
113	0	32711	
114	0	32625	
115	0	32551	
116	0	32431	
117	0	32199	
118	0	32025	
119	0	31476	
120	0	30950	
121	0	31001	
122	0	30875	
123	0	30567	
124	0	30727	
125	0	31023	
126	0	30135	
127	0	29358	
128	0	30158	
129	0	32432	
130	0	35020	
131	0	36576	
132	0	37370	
133	0	37210	
134	0	37218	
135	0	36608	
136	0	34985	
137	0	33031	
138	0	31410	
139	0	30732	
140	0	30428	
141	0	30423	
142	0	30905	
143	0	31791	
144	0	32775	
145	0	33750	
146	0	34726	
147	0	34967	
148	0	34759	
149	0	34522	
150	0	34308	
151	0	33403	
152	0	31672	
153	0	30215	
154	0	30352	
155	0	31298	
156	0	31414	
157	0	31103	
158	0	31693	
159	0	32834	
160	0	33534	
161	0	33646	
162	0	33607	
163	0	32497	
164	0	31192	
165	0	30998	
166	0	31922	
167	0	33091	
168	0	34448	
169	0	35807	
170	0	36695	
171	0	36754	
172	0	36231	
173	0	34975	
174	0	33266	
175	0	32093	
176	0	31262	
177	0	30773	
178	0	30722	
179	0	31125	
180	0	31403	
181	0	31723	
182	0	32065	
183	0	32174	
184	0	32156	
185	0	32011	
186	0	32092	
187	0	32163	
188	0	32355	
189	0	32555	
190	0	32487	
191	0	32535	
192	0	32652	
193	0	32839	
194	0	32775	
195	0	31806	
196	0	31232	
197	0	31687	
198	0	31812	
199	0	31457	
200	0	31516	
201	0	31836	
202	0	32350	
203	0	33909	
204	0	35512	
205	0	36788	
206	0	37303	
207	0	37042	
208	0	36583	
209	0	35428	
210	0	33519	
211	0	31328	
212	0	30047	
213	0	29831	
214	0	29370	
215	0	29325	
216	0	29246	
217	0	29951	
218	0	30483	
219	0	31736	
220	0	33821	
221	0	35559	
222	0	36100	
223	0	36316	
224	0	36678	
225	0	37514	
226	0	37585	
227	0	36854	
228	0	34876	
229	0	33153	
230	0	32067	
231	0	31230	
232	0	30905	
233	0	30860	
234	0	30916	
235	0	31133	
236	0	31322	
237	0	31449	
238	0	31522	
239	0	31677	
240	0	31860	
241	0	31989	
242	0	32110	
243	0	32229	
244	0	32418	
245	0	32500	
246	0	32503	
247	0	32568	
248	0	32663	
249	0	32592	
250	0	32493	
251	0	32618	
252	0	32711	
253	0	32859	
254	0	33000	
255	0	32958	
256	0	32971	
257	0	32583	
258	0	32620	
259	0	32752	
260	0	32896	
261	0	33167	
262	0	33377	
263	0	33546	
264	0	33559	
265	0	33576	
266	0	33466	
267	0	33309	
268	0	33021	
269	0	32790	
270	0	32573	
271	0	32633	
272	0	32677	
273	0	32698	
274	0	32747	
275	0	32806	
276	0	32807	
277	0	32839	
278	0	32711	
279	0	32256	
280	0	31858	
281	0	31849	
282	0	31983	
283	0	32469	
284	0	32955	
285	0	33474	
286	0	33463	
287	0	33261	
288	0	33380	
289	0	33721	
290	0	33967	
291	0	33830	
292	0	33446	
293	0	32978	
294	0	32239	
295	0	31661	
296	0	30176	
297	0	29644	
298	0	30125	
299	0	30343	
300	0	31428	
301	0	32966	
302	0	34034	
303	0	35402	
304	0	36676	
305	0	37484	
306	0	37535	
307	0	36254	
308	0	34543	
309	0	33502	
310	0	32125	
311	0	29677	
312	0	27842	
313	0	27995	
314	0	29749	
315	0	31555	
316	0	33471	
317	0	35165	
318	0	36118	
319	0	36428	
320	0	35546	
321	0	34240	
322	0	33383	
323	0	33271	
324	0	33388	
325	0	33168	
326	0	32929	
327	0	32842	
328	0	32775	
329	0	32386	
330	0	31760	
331	0	31217	
332	0	30747	
333	0	30940	
334	0	31639	
335	0	32243	
336	0	32656	
337	0	32031	
338	0	31670	
339	0	31290	
340	0	31463	
341	0	32113	
342	0	32423	
343	0	32545	
344	0	32751	
345	0	33363	
346	0	33951	
347	0	34051	
348	0	33959	
349	0	33518	
350	0	32797	
351	0	32247	
352	0	32093	
353	0	32161	
354	0	32540	
355	0	33024	
356	0	32903	
357	0	32775	
358	0	33221	
359	0	33847	
360	0	34348	
361	0	34573	
362	0	33510	
363	0	32295	
364	0	32052	
365	0	32576	
366	0	33511	
367	0	34450	
368	0	35024	
369	0	35329	
370	0	35158	
371	0	34472	
372	0	33447	
373	0	32583	
374	0	31874	
375	0	31523	
376	0	31180	
377	0	30778	
378	0	30770	
379	0	31129	
380	0	31315	
381	0	31463	
382	0	31734	
383	0	31388	
384	0	31298	
385	0	31063	
386	0	31740	
387	0	32810	
388	0	33840	
389	0	34758	
390	0	35180	
391	0	35227	
392	0	35423	
393	0	34823	
394	0	32911	
395	0	31274	
396	0	30681	
397	0	30835	
398	0	31736	
399	0	32316	
400	0	32705	
401	0	33510	
402	0	33964	
403	0	33405	
404	0	32915	
405	0	32711	
406	0	32094	
407	0	31606	
408	0	31775	
409	0	32528	
410	0	33247	
411	0	33431	
412	0	32500	
413	0	31367	
414	0	31092	
415	0	31808	
416	0	32972	
417	0	34231	
418	0	35049	
419	0	35271	
420	0	35993	
421	0	36262	
422	0	36078	
423	0	35650	
424	0	34398	
425	0	33281	
426	0	32389	
427	0	32050	
428	0	31868	
429	0	31630	
430	0	31356	
431	0	31347	
432	0	31406	
433	0	31477	
434	0	31682	
435	0	31760	
436	0	31699	
437	0	31740	
438	0	31559	
439	0	31821	
440	0	32120	
441	0	31879	
442	0	31461	
443	0	31842	
444	0	32007	
445	0	32557	
446	0	33244	
447	0	33991	
448	0	34173	
449	0	33513	
450	0	32951	
451	0	33022	
452	0	33287	
453	0	33626	
454	0	33767	
455	0	34090	
456	0	34408	
457	0	34421	
458	0	33909	
459	0	33401	
460	0	32615	
461	0	31327	
462	0	30023	
463	0	28334	
464	0	28117	
465	0	27741	
466	0	27710	
467	0	29849	
468	0	32093	
469	0	35025	
470	0	37695	
471	0	39652	
472	0	41012	
473	0	40999	
474	0	39747	
475	0	37575	
476	0	35134	
477	0	33652	
478	0	33153	
479	0	32229	
480	0	30855	
481	0	30119	
482	0	29855	
483	0	29852	
484	0	29703	
485	0	30164	
486	0	30734	
487	0	31315	
488	0	31875	
489	0	32255	
490	0	32440	
491	0	32385	
492	0	32007	
493	0	32116	
494	0	32596	
495	0	32768	
496	0	32756	
497	0	32975	
498	0	33183	
499	0	33348	
500	0	33060	
501	0	32471	
502	0	32086	
503	0	31076	
504	0	29764	
505	0	30509	
506	0	32120	
507	0	33531	
508	0	34501	
509	0	35389	
510	0	36039	
511	0	36312	
512	0	35730	
513	0	34564	
514	0	33415	
515	0	32685	
516	0	32231	
517	0	31769	
518	0	31857	
519	0	32077	
520	0	32047	
521	0	32106	
522	0	32349	
523	0	32577	
524	0	32732	
525	0	32934	
526	0	32774	
527	0	32434	
528	0	32448	
529	0	32460	
530	0	32519	
531	0	32487	
532	0	32447	
533	0	32428	
534	0	32564	
535	0	32649	
536	0	32584	
537	0	32411	
538	0	32259	
539	0	32306	
540	0	32599	
541	0	32960	
542	0	32590	
543	0	30900	
544	0	29969	
545	0	30159	
546	0	30384	
547	0	31379	
548	0	32773	
549	0	33959	
550	0	35397	
551	0	36833	
552	0	38050	
553	0	38576	
554	0	37831	
555	0	36262	
556	0	34671	
557	0	33490	
558	0	33319	
559	0	33107	
560	0	32167	
561	0	30782	
562	0	29940	
563	0	29639	
564	0	29916	
565	0	30640	
566	0	31229	
567	0	31853	
568	0	32667	
569	0	33522	
570	0	33831	
571	0	33735	
572	0	33788	
573	0	33860	
574	0	33769	
575	0	33464	
576	0	33126	
577	0	32500	
578	0	31948	
579	0	31493	
580	0	31287	
581	0	31527	
582	0	31470	
583	0	30273	
584	0	30282	
585	0	30894	
586	0	30208	
587	0	28967	
588	0	29776	
589	0	31355	
590	0	33678	
591	0	35945	
592	0	37549	
593	0	38493	
594	0	38831	
595	0	38463	
596	0	37382	
597	0	36004	
598	0	34558	
599	0	33105	
600	0	32341	
601	0	31847	
602	0	31454	
603	0	31309	
604	0	31122	
605	0	30307	
606	0	28326	
607	0	27924	
608	0	29108	
609	0	30475	
610	0	32094	
611	0	33516	
612	0	34801	
613	0	35732	
614	0	36263	
615	0	35881	
616	0	34610	
617	0	32144	
618	0	30227	
619	0	29831	
620	0	29938	
621	0	29416	
622	0	29649	
623	0	31034	
624	0	32874	
625	0	33814	
626	0	34781	
627	0	35640	
628	0	36548	
629	0	37351	
630	0	37351	
631	0	36759	
632	0	35561	
633	0	34306	
634	0	33559	
635	0	33105	
636	0	32673	
637	0	32099	
638	0	31326	
639	0	30761	
640	0	30253	
641	0	30319	
642	0	30763	
643	0	31221	
644	0	31567	
645	0	32000	
646	0	32383	
647	0	32530	
648	0	32612	
649	0	32621	
650	0	32690	
651	0	32679	
652	0	32651	
653	0	32640	
654	0	32628	
655	0	32775	
656	0	32851	
657	0	32936	
658	0	32602	
659	0	32383	
660	0	32432	
661	0	32604	
662	0	32750	
663	0	32869	
664	0	33027	
665	0	33136	
666	0	33062	
667	0	33042	
668	0	33204	
669	0	32879	
670	0	32021	
671	0	32167	
672	0	32639	
673	0	33395	
674	0	33960	
675	0	34150	
676	0	33982	
677	0	33847	
678	0	33170	
679	0	31765	
680	0	31270	
681	0	31365	
682	0	31618	
683	0	32370	
684	0	33140	
685	0	32681	
686	0	32171	
687	0	32525	
688	0	32615	
689	0	32710	
690	0	33158	
691	0	34087	
692	0	34710	
693	0	34899	
694	0	34823	
695	0	34844	
696	0	33991	
697	0	33388	
698	0	33197	
699	0	32934	
700	0	32570	
701	0	32391	
702	0	32263	
703	0	31657	
704	0	30571	
705	0	29418	
706	0	29062	
707	0	30075	
708	0	31574	
709	0	32954	
710	0	34452	
711	0	35787	
712	0	36532	
713	0	36685	
714	0	36231	
715	0	35222	
716	0	33216	
717	0	31342	
718	0	30416	
719	0	28895	
720	0	28932	
721	0	29855	
722	0	31041	
723	0	32120	
724	0	32748	
725	0	33927	
726	0	35047	
727	0	35593	
728	0	35687	
729	0	35559	
730	0	35521	
731	0	35116	
732	0	34494	
733	0	33000	
734	0	31536	
735	0	31126	
736	0	31405	
737	0	31517	
738	0	31720	
739	0	31866	
740	0	32039	
741	0	32199	
742	0	32280	
743	0	32251	
744	0	32441	
745	0	32340	
746	0	32231	
747	0	32141	
748	0	31600	
749	0	30959	
750	0	30508	
751	0	30068	
752	0	30844	
753	0	32180	
754	0	34019	
755	0	35612	
756	0	36150	
757	0	34317	
758	0	32900	
759	0	32239	
760	0	32416	
761	0	33187	
762	0	33228	
763	0	33115	
764	0	33707	
765	0	34775	
766	0	35391	
767	0	35232	
768	0	34342	
769	0	33680	
770	0	32860	
771	0	32547	
772	0	32604	
773	0	32895	
774	0	33208	
775	0	33670	
776	0	33808	
777	0	33449	
778	0	33324	
779	0	33060	
780	0	32445	
781	0	31870	
782	0	31531	
783	0	31457	
784	0	31381	
785	0	30880	
786	0	30776	
787	0	31183	
788	0	31796	
789	0	32328	
790	0	32749	
791	0	32861	
792	0	32807	
793	0	32997	
794	0	32775	
795	0	32298	
796	0	31778	
797	0	31836	
798	0	32327	
799	0	32840	
800	0	33536	
801	0	33919	
802	0	33985	
803	0	34086	
804	0	34292	
805	0	34382	
806	0	34004	
807	0	33242	
808	0	32552	
809	0	32327	
810	0	32050	
811	0	30564	
812	0	30016	
813	0	30930	
814	0	32154	
815	0	33221	
816	0	34053	
817	0	34586	
818	0	35191	
819	0	35391	
820	0	34674	
821	0	33991	
822	0	33340	
823	0	32743	
824	0	32506	
825	0	32152	
826	0	32070	
827	0	32018	
828	0	32086	
829	0	32039	
830	0	31895	
831	0	31926	
832	0	32048	
833	0	32197	
834	0	32105	
835	0	31761	
836	0	29409	
837	0	27404	
838	0	26621	
839	0	27739	
840	0	29837	
841	0	32322	
842	0	34614	
843	0	36000	
844	0	37538	
845	0	38243	
846	0	38438	
847	0	38738	
848	0	38534	
849	0	37509	
850	0	36530	
851	0	35271	
852	0	34093	
853	0	33309	
854	0	32402	
855	0	32260	
856	0	32377	
857	0	32091	
858	0	32419	
859	0	32888	
860	0	33212	
861	0	33159	
862	0	32478	
863	0	31781	
864	0	31047	
865	0	30823	
866	0	30772	
867	0	30654	
868	0	30887	
869	0	31210	
870	0	31389	
871	0	31434	
872	0	31446	
873	0	31652	
874	0	31268	
875	0	30904	
876	0	30535	
877	0	30884	
878	0	31154	
879	0	31093	
880	0	32308	
881	0	33607	
882	0	34043	
883	0	34755	
884	0	35235	
885	0	35608	
886	0	34770	
887	0	34004	
888	0	33743	
889	0	33656	
890	0	33397	
891	0	33625	
892	0	33726	
893	0	33132	
894	0	32222	
895	0	31830	
896	0	32278	
897	0	32551	
898	0	32967	
899	0	33879	
900	0	34390	
901	0	33141	
902	0	32323	
903	0	32490	
904	0	32557	
905	0	32533	
906	0	32717	
907	0	33050	
908	0	33082	
909	0	32815	
910	0	32257	
911	0	30251	
912	0	26936	
913	0	25264	
914	0	27111	
915	0	30192	
916	0	33261	
917	0	36137	
918	0	38663	
919	0	40032	
920	0	40009	
921	0	38295	
922	0	34374	
923	0	31559	
924	0	30492	
925	0	31007	
926	0	32647	
927	0	33671	
928	0	34142	
929	0	34100	
930	0	34435	
931	0	34687	
932	0	34132	
933	0	32690	
934	0	31297	
935	0	31612	
936	0	32528	
937	0	33182	
938	0	33618	
939	0	33735	
940	0	33392	
941	0	33014	
942	0	32807	
943	0	32150	
944	0	31743	
945	0	31734	
946	0	31914	
947	0	31895	
948	0	32068	
949	0	31928	
950	0	31697	
951	0	31608	
952	0	31306	
953	0	30151	
954	0	26519	
955	0	25046	
956	0	26023	
957	0	28610	
958	0	30383	
959	0	31693	
960	0	34152	
961	0	34866	
962	0	32070	
963	0	30224	
964	0	30365	
965	0	33304	
966	0	37863	
967	0	42409	
968	0	45824	
969	0	46863	
970	0	46989	
971	0	44807	
972	0	40976	
973	0	35894	
974	0	31328	
975	0	28573	
976	0	27247	
977	0	27047	
978	0	27504	
979	0	28316	
980	0	29106	
981	0	29994	
982	0	30644	
983	0	30951	
984	0	31077	
985	0	31145	
986	0	31306	
987	0	31533	
988	0	31663	
989	0	31565	
990	0	31679	
991	0	31740	
992	0	31543	
993	0	31553	
994	0	31087	
995	0	31143	
996	0	31277	
997	0	30268	
998	0	30166	
999	0	31510	
1000	0	32935	
1001	0	33561	
1002	0	34591	
1003	0	35914	
1004	0	36863	
1005	0	36983	
1006	0	35796	
1007	0	32886	
1008	0	31508	
1009	0	31776	
1010	0	32239	
1011	0	32719	
1012	0	33258	
1013	0	34090	
1014	0	35309	
1015	0	36013	
1016	0	36305	
1017	0	35282	
1018	0	33300	
1019	0	31718	
1020	0	30655	
1021	0	30208	
1022	0	30445	
1023	0	28983	
1024	0	28659	
1025	0	30215	
1026	0	31040	
1027	0	30703	
1028	0	31671	
1029	0	33166	
1030	0	34714	
1031	0	35894	
1032	0	36482	
1033	0	36280	
1034	0	35097	
1035	0	31610	
1036	0	29604	
1037	0	29296	
1038	0	28125	
1039	0	27990	
1040	0	29383	
1041	0	31254	
1042	0	28159	
1043	0	27350	
1044	0	29498	
1045	0	33228	
1046	0	37663	
1047	0	40314	
1048	0	42917	
1049	0	45072	
1050	0	46384	
1051	0	45340	
1052	0	41380	
1053	0	36927	
1054	0	34050	
1055	0	32082	
1056	0	30645	
1057	0	29621	
1058	0	29316	
1059	0	29761	
1060	0	30028	
1061	0	29431	
1062	0	28540	
1063	0	28265	
1064	0	28351	
1065	0	29138	
1066	0	30063	
1067	0	30599	
1068	0	31216	
1069	0	31783	
1070	0	32343	
1071	0	32807	
1072	0	32723	
1073	0	30386	
1074	0	28393	
1075	0	28748	
1076	0	30375	
1077	0	31791	
1078	0	31952	
1079	0	32581	
1080	0	34133	
1081	0	35156	
1082	0	34582	
1083	0	32291	
1084	0	28860	
1085	0	28851	
1086	0	30956	
1087	0	33772	
1088	0	36425	
1089	0	39943	
1090	0	42484	
1091	0	43549	
1092	0	42457	
1093	0	39904	
1094	0	36250	
1095	0	33350	
1096	0	32199	
1097	0	31540	
1098	0	30727	
1099	0	29876	
1100	0	29575	
1101	0	29639	
1102	0	29543	
1103	0	29703	
1104	0	30019	
1105	0	30288	
1106	0	29254	
1107	0	28313	
1108	0	28509	
1109	0	29324	
1110	0	30668	
1111	0	32373	
1112	0	33898	
1113	0	35051	
1114	0	35883	
1115	0	36276	
1116	0	35527	
1117	0	33792	
1118	0	30296	
1119	0	28468	
1120	0	27168	
1121	0	26582	
1122	0	23660	
1123	0	19418	
1124	0	21140	
1125	0	27960	
1126	0	35229	
1127	0	41642	
1128	0	46440	
1129	0	50968	
1130	0	53024	
1131	0	52178	
1132	0	49845	
1133	0	44671	
1134	0	38440	
1135	0	32536	
1136	0	28826	
1137	0	26270	
1138	0	23335	
1139	0	22638	
1140	0	23910	
1141	0	25777	
1142	0	27713	
1143	0	29660	
1144	0	31465	
1145	0	32071	
1146	0	31577	
1147	0	31892	
1148	0	32105	
1149	0	31276	
1150	0	28754	
1151	0	28009	
1152	0	29804	
1153	0	31927	
1154	0	33798	
1155	0	35476	
1156	0	37124	
1157	0	38064	
1158	0	38069	
1159	0	37738	
1160	0	36400	
1161	0	33658	
1162	0	30587	
1163	0	28512	
1164	0	28140	
1165	0	28722	
1166	0	29725	
1167	0	31260	
1168	0	33159	
1169	0	34496	
1170	0	34626	
1171	0	33644	
1172	0	32862	
1173	0	32033	
1174	0	31669	
1175	0	32806	
1176	0	33885	
1177	0	33429	
1178	0	32876	
1179	0	32134	
1180	0	31257	
1181	0	30662	
1182	0	27394	
1183	0	24215	
1184	0	23357	
1185	0	24566	
1186	0	30984	
1187	0	38274	
1188	0	43553	
1189	0	46869	
1190	0	47632	
1191	0	47578	
1192	0	45853	
1193	0	42129	
1194	0	36878	
1195	0	31665	
1196	0	27304	
1197	0	25718	
1198	0	26126	
1199	0	27143	
1200	0	28588	
1201	0	29331	
1202	0	30134	
1203	0	31358	
1204	0	32630	
1205	0	33337	
1206	0	32790	
1207	0	30628	
1208	0	27486	
1209	0	27433	
1210	0	29149	
1211	0	31031	
1212	0	32752	
1213	0	34465	
1214	0	35714	
1215	0	36598	
1216	0	35916	
1217	0	34668	
1218	0	32003	
1219	0	29857	
1220	0	29780	
1221	0	31254	
1222	0	33277	
1223	0	34619	
1224	0	35445	
1225	0	35847	
1226	0	35364	
1227	0	34687	
1228	0	34409	
1229	0	33553	
1230	0	32116	
1231	0	30338	
1232	0	29524	
1233	0	28216	
1234	0	23415	
1235	0	20393	
1236	0	22324	
1237	0	23847	
1238	0	25445	
1239	0	28940	
1240	0	34416	
1241	0	40871	
1242	0	45900	
1243	0	44774	
1244	0	37310	
1245	0	29836	
1246	0	28991	
1247	0	32472	
1248	0	38554	
1249	0	43173	
1250	0	45984	
1251	0	48718	
1252	0	50991	
1253	0	48549	
1254	0	41276	
1255	0	34379	
1256	0	29863	
1257	0	27698	
1258	0	26493	
1259	0	25680	
1260	0	26273	
1261	0	27027	
1262	0	27472	
1263	0	28163	
1264	0	28880	
1265	0	29432	
1266	0	29965	
1267	0	29812	
1268	0	29629	
1269	0	29149	
1270	0	27312	
1271	0	24021	
1272	0	23539	
1273	0	25988	
1274	0	29140	
1275	0	33159	
1276	0	36589	
1277	0	37206	
1278	0	38058	
1279	0	39943	
1280	0	41497	
1281	0	40539	
1282	0	38902	
1283	0	36901	
1284	0	35222	
1285	0	33991	
1286	0	31964	
1287	0	29746	
1288	0	27732	
1289	0	25026	
1290	0	19206	
1291	0	17869	
1292	0	22144	
1293	0	28664	
1294	0	35320	
1295	0	41193	
1296	0	45821	
1297	0	48794	
1298	0	48263	
1299	0	44438	
1300	0	38492	
1301	0	34597	
1302	0	31410	
1303	0	29385	
1304	0	29149	
1305	0	29021	
1306	0	28837	
1307	0	28817	
1308	0	29104	
1309	0	28452	
1310	0	28544	
1311	0	28809	
1312	0	29319	
1313	0	28690	
1314	0	26787	
1315	0	27134	
1316	0	30306	
1317	0	34280	
1318	0	37671	
1319	0	39310	
1320	0	40678	
1321	0	40374	
1322	0	38535	
1323	0	35678	
1324	0	32596	
1325	0	30501	
1326	0	29221	
1327	0	27911	
1328	0	27431	
1329	0	25616	
1330	0	22610	
1331	0	22626	
1332	0	26872	
1333	0	33242	
1334	0	36487	
1335	0	34906	
1336	0	35623	
1337	0	40061	
1338	0	43074	
1339	0	42695	
1340	0	41287	
1341	0	40825	
1342	0	39375	
1343	0	38560	
1344	0	37143	
1345	0	35069	
1346	0	34057	
1347	0	32197	
1348	0	31982	
1349	0	32658	
1350	0	33568	
1351	0	32030	
1352	0	28565	
1353	0	26692	
1354	0	26509	
1355	0	26041	
1356	0	26978	
1357	0	28743	
1358	0	31655	
1359	0	33884	
1360	0	35607	
1361	0	36537	
1362	0	35069	
1363	0	32908	
1364	0	31890	
1365	0	31333	
1366	0	29661	
1367	0	29402	
1368	0	29921	
1369	0	31469	
1370	0	32873	
1371	0	33170	
1372	0	33215	
1373	0	33104	
1374	0	33460	
1375	0	33407	
1376	0	33721	
1377	0	34217	
1378	0	34468	
1379	0	34503	
1380	0	34104	
1381	0	32070	
1382	0	30737	
1383	0	29366	
1384	0	27783	
1385	0	25080	
1386	0	24007	
1387	0	26057	
1388	0	27852	
1389	0	28446	
1390	0	21666	
1391	0	20253	
1392	0	23416	
1393	0	29816	
1394	0	34943	
1395	0	40979	
1396	0	47734	
1397	0	54106	
1398	0	60200	
1399	0	60858	
1400	0	57586	
1401	0	52383	
1402	0	41522	
1403	0	34439	
1404	0	28867	
1405	0	24406	
1406	0	22576	
1407	0	22640	
1408	0	24356	
1409	0	25854	
1410	0	24113	
1411	0	21125	
1412	0	23267	
1413	0	27705	
1414	0	30006	
1415	0	28525	
1416	0	24213	
1417	0	23144	
1418	0	27156	
1419	0	32938	
1420	0	37085	
1421	0	42656	
1422	0	47886	
1423	0	50554	
1424	0	50070	
1425	0	45127	
1426	0	38657	
1427	0	31947	
1428	0	27075	
1429	0	23781	
1430	0	22766	
1431	0	23448	
1432	0	24967	
1433	0	26674	
1434	0	28867	
1435	0	27587	
1436	0	25350	
1437	0	23656	
1438	0	25686	
1439	0	29137	
1440	0	32377	
1441	0	37195	
1442	0	41540	
1443	0	42594	
1444	0	42471	
1445	0	37895	
1446	0	32785	
1447	0	33345	
1448	0	35111	
1449	0	38316	
1450	0	40183	
1451	0	41812	
1452	0	42015	
1453	0	38916	
1454	0	34266	
1455	0	29512	
1456	0	26962	
1457	0	26392	
1458	0	26626	
1459	0	27728	
1460	0	29795	
1461	0	31450	
1462	0	30672	
1463	0	31202	
1464	0	30989	
1465	0	29927	
1466	0	29796	
1467	0	29775	
1468	0	30919	
1469	0	31794	
1470	0	32263	
1471	0	31436	
1472	0	27010	
1473	0	23771	
1474	0	25965	
1475	0	28710	
1476	0	30576	
1477	0	34020	
1478	0	38098	
1479	0	41258	
1480	0	43987	
1481	0	45886	
1482	0	45113	
1483	0	40286	
1484	0	34360	
1485	0	25399	
1486	0	18364	
1487	0	18647	
1488	0	22737	
1489	0	27796	
1490	0	34294	
1491	0	43648	
1492	0	50068	
1493	0	51192	
1494	0	49155	
1495	0	45571	
1496	0	41305	
1497	0	35687	
1498	0	30652	
1499	0	27538	
1500	0	26279	
1501	0	25783	
1502	0	25309	
1503	0	25695	
1504	0	26546	
1505	0	27509	
1506	0	28423	
1507	0	28892	
1508	0	28909	
1509	0	28730	
1510	0	29182	
1511	0	30305	
1512	0	31032	
1513	0	30940	
1514	0	31721	
1515	0	31163	
1516	0	29784	
1517	0	27720	
1518	0	25886	
1519	0	26368	
1520	0	29379	
1521	0	34010	
1522	0	38848	
1523	0	42189	
1524	0	45700	
1525	0	45981	
1526	0	40879	
1527	0	36231	
1528	0	34087	
1529	0	32620	
1530	0	27772	
1531	0	25353	
1532	0	28166	
1533	0	31284	
1534	0	30250	
1535	0	27687	
1536	0	28700	
1537	0	31238	
1538	0	35719	
1539	0	39596	
1540	0	38801	
1541	0	36636	
1542	0	37900	
1543	0	40300	
1544	0	39079	
1545	0	34175	
1546	0	26761	
1547	0	12141	
1548	0	6490	
1549	0	9132	
1550	0	18376	
1551	0	34853	
1552	0	48892	
1553	0	59491	
1554	0	63396	
1555	0	60439	
1556	0	56860	
1557	0	53703	
1558	0	50743	
1559	0	33590	
1560	0	26566	
1561	0	22667	
1562	0	20947	
1563	0	20932	
1564	0	21845	
1565	0	23147	
1566	0	24110	
1567	0	24759	
1568	0	24922	
1569	0	24396	
1570	0	22515	
1571	0	21766	
1572	0	22267	
1573	0	24711	
1574	0	27872	
1575	0	32489	
1576	0	36546	
1577	0	39330	
1578	0	39632	
1579	0	38879	
1580	0	36057	
1581	0	34586	
1582	0	33799	
1583	0	31273	
1584	0	31092	
1585	0	34388	
1586	0	39317	
1587	0	43366	
1588	0	44398	
1589	0	42536	
1590	0	39943	
1591	0	36380	
1592	0	32538	
1593	0	29868	
1594	0	27675	
1595	0	22104	
1596	0	17207	
1597	0	17031	
1598	0	20807	
1599	0	22029	
1600	0	25380	
1601	0	33350	
1602	0	40894	
1603	0	46957	
1604	0	49310	
1605	0	48260	
1606	0	47316	
1607	0	47051	
1608	0	45023	
1609	0	40996	
1610	0	37321	
1611	0	34303	
1612	0	30712	
1613	0	27718	
1614	0	25724	
1615	0	24979	
1616	0	25078	
1617	0	25190	
1618	0	25932	
1619	0	26887	
1620	0	27988	
1621	0	28070	
1622	0	26153	
1623	0	25330	
1624	0	26800	
1625	0	27525	
1626	0	27118	
1627	0	28528	
1628	0	32572	
1629	0	36600	
1630	0	41068	
1631	0	44272	
1632	0	44022	
1633	0	43049	
1634	0	42047	
1635	0	37944	
1636	0	32080	
1637	0	27885	
1638	0	27991	
1639	0	28585	
1640	0	29970	
1641	0	31521	
1642	0	31297	
1643	0	29980	
1644	0	26726	
1645	0	22566	
1646	0	17759	
1647	0	13191	
1648	0	14675	
1649	0	24188	
1650	0	35015	
1651	0	44370	
1652	0	49230	
1653	0	50502	
1654	0	49874	
1655	0	48903	
1656	0	41810	
1657	0	31330	
1658	0	25247	
1659	0	26663	
1660	0	32732	
1661	0	38791	
1662	0	43341	
1663	0	48071	
1664	0	48784	
1665	0	48231	
1666	0	44272	
1667	0	36455	
1668	0	29995	
1669	0	26868	
1670	0	24928	
1671	0	22026	
1672	0	17852	
1673	0	15717	
1674	0	17791	
1675	0	22843	
1676	0	28745	
1677	0	34608	
1678	0	39884	
1679	0	40287	
1680	0	41154	
1681	0	40292	
1682	0	37218	
1683	0	35191	
1684	0	34047	
1685	0	32906	
1686	0	30842	
1687	0	27855	
1688	0	26583	
1689	0	25936	
1690	0	26247	
1691	0	26612	
1692	0	25671	
1693	0	26493	
1694	0	28824	
1695	0	32848	
1696	0	36050	
1697	0	36307	
1698	0	33345	
1699	0	32382	
1700	0	31996	
1701	0	31875	
1702	0	32057	
1703	0	32631	
1704	0	34777	
1705	0	38618	
1706	0	40244	
1707	0	39009	
1708	0	34518	
1709	0	29744	
1710	0	27850	
1711	0	27259	
1712	0	27431	
1713	0	28615	
1714	0	28930	
1715	0	30668	
1716	0	34911	
1717	0	40148	
1718	0	42528	
1719	0	42480	
1720	0	44240	
1721	0	45123	
1722	0	44087	
1723	0	41237	
1724	0	36466	
1725	0	31943	
1726	0	30947	
1727	0	30512	
1728	0	29737	
1729	0	28546	
1730	0	27540	
1731	0	26290	
1732	0	22127	
1733	0	18619	
1734	0	15686	
1735	0	15664	
1736	0	20290	
1737	0	28696	
1738	0	37104	
1739	0	43970	
1740	0	48766	
1741	0	50213	
1742	0	49592	
1743	0	45169	
1744	0	38036	
1745	0	33106	
1746	0	28720	
1747	0	26447	
1748	0	26729	
1749	0	25952	
1750	0	25798	
1751	0	25920	
1752	0	28361	
1753	0	32487	
1754	0	36167	
1755	0	38165	
1756	0	38407	
1757	0	37091	
1758	0	36827	
1759	0	35519	
1760	0	33637	
1761	0	30890	
1762	0	30068	
1763	0	30445	
1764	0	29719	
1765	0	28357	
1766	0	25125	
1767	0	23043	
1768	0	23993	
1769	0	26424	
1770	0	29735	
1771	0	28172	
1772	0	26044	
1773	0	29376	
1774	0	36626	
1775	0	40482	
1776	0	37079	
1777	0	33474	
1778	0	34744	
1779	0	36043	
1780	0	36410	
1781	0	37908	
1782	0	44202	
1783	0	50695	
1784	0	54136	
1785	0	53671	
1786	0	49860	
1787	0	41567	
1788	0	32260	
1789	0	25112	
1790	0	20988	
1791	0	20611	
1792	0	23596	
1793	0	27224	
1794	0	30637	
1795	0	33647	
1796	0	34080	
1797	0	33088	
1798	0	32095	
1799	0	29638	
1800	0	28126	
1801	0	27750	
1802	0	28238	
1803	0	28318	
1804	0	28676	
1805	0	29298	
1806	0	29191	
1807	0	27405	
1808	0	26960	
1809	0	27022	
1810	0	27015	
1811	0	28103	
1812	0	30590	
1813	0	33430	
1814	0	36168	
1815	0	37886	
1816	0	36162	
1817	0	34077	
1818	0	33244	
1819	0	32981	
1820	0	31453	
1821	0	32160	
1822	0	33165	
1823	0	34812	
1824	0	37470	
1825	0	36492	
1826	0	36298	
1827	0	37872	
1828	0	35006	
1829	0	32551	
1830	0	35837	
1831	0	40430	
1832	0	43254	
1833	0	42752	
1834	0	42503	
1835	0	40175	
1836	0	37583	
1837	0	33172	
1838	0	27654	
1839	0	25246	
1840	0	24838	
1841	0	25960	
1842	0	27076	
1843	0	27642	
1844	0	28350	
1845	0	27264	
1846	0	24563	
1847	0	23868	
1848	0	24938	
1849	0	27828	
1850	0	31353	
1851	0	34452	
1852	0	37255	
1853	0	39032	
1854	0	37095	
1855	0	35750	
1856	0	35148	
1857	0	32871	
1858	0	29799	
1859	0	29754	
1860	0	30168	
1861	0	26912	
1862	0	19881	
1863	0	15806	
1864	0	20663	
1865	0	28967	
1866	0	36836	
1867	0	42475	
1868	0	50118	
1869	0	56940	
1870	0	60382	
1871	0	57072	
1872	0	47657	
1873	0	37975	
1874	0	30237	
1875	0	27639	
1876	0	27276	
1877	0	22809	
1878	0	16138	
1879	0	17778	
1880	0	23783	
1881	0	27622	
1882	0	32546	
1883	0	39628	
1884	0	45319	
1885	0	48071	
1886	0	45353	
1887	0	39170	
1888	0	33645	
1889	0	30929	
1890	0	30548	
1891	0	29632	
1892	0	29940	
1893	0	30953	
1894	0	30506	
1895	0	27804	
1896	0	25302	
1897	0	25232	
1898	0	26301	
1899	0	27573	
1900	0	29350	
1901	0	30972	
1902	0	32164	
1903	0	33257	
1904	0	33721	
1905	0	33212	
1906	0	31946	
1907	0	29776	
1908	0	24756	
1909	0	21426	
1910	0	20851	
1911	0	16516	
1912	0	12816	
1913	0	14877	
1914	0	27438	
1915	0	43136	
1916	0	56909	
1917	0	64472	
1918	0	64748	
1919	0	61287	
1920	0	57542	
1921	0	49912	
1922	0	40578	
1923	0	33917	
1924	0	29040	
1925	0	27247	
1926	0	26644	
1927	0	26115	
1928	0	26036	
1929	0	26404	
1930	0	25216	
1931	0	24666	
1932	0	25170	
1933	0	25039	
1934	0	23905	
1935	0	23362	
1936	0	25032	
1937	0	27363	
1938	0	31094	
1939	0	32775	
1940	0	34080	
1941	0	34853	
1942	0	35570	
1943	0	36033	
1944	0	36020	
1945	0	35282	
1946	0	34643	
1947	0	35808	
1948	0	36711	
1949	0	35951	
1950	0	35441	
1951	0	33398	
1952	0	29554	
1953	0	23860	
1954	0	23483	
1955	0	26604	
1956	0	28914	
1957	0	27535	
1958	0	26255	
1959	0	29191	
1960	0	36359	
1961	0	40877	
1962	0	42332	
1963	0	45575	
1964	0	48252	
1965	0	49733	
1966	0	48757	
1967	0	44394	
1968	0	38135	
1969	0	32473	
1970	0	29145	
1971	0	26862	
1972	0	26319	
1973	0	26262	
1974	0	26095	
1975	0	25748	
1976	0	25621	
1977	0	26102	
1978	0	27451	
1979	0	29511	
1980	0	30941	
1981	0	31098	
1982	0	31722	
1983	0	32518	
1984	0	33108	
1985	0	32855	
1986	0	33180	
1987	0	33148	
1988	0	33604	
1989	0	34176	
1990	0	34262	
1991	0	33660	
1992	0	33303	
1993	0	33029	
1994	0	32643	
1995	0	32338	
1996	0	32058	
1997	0	31845	
1998	0	31933	
1999	0	32419	
2000	0	32623	
2001	0	32943	
2002	0	33831	
2003	0	33511	
2004	0	32620	
2005	0	30768	
2006	0	27560	
2007	0	22113	
2008	0	20068	
2009	0	23932	
2010	0	29995	
2011	0	34711	
2012	0	39753	
2013	0	45434	
2014	0	49146	
2015	0	48535	
2016	0	45808	
2017	0	41368	
2018	0	35908	
2019	0	32187	
2020	0	28325	
2021	0	26974	
2022	0	28201	
2023	0	29891	
2024	0	31258	
2025	0	33004	
2026	0	32546	
2027	0	32694	
2028	0	34444	
2029	0	33632	
2030	0	32217	
2031	0	31506	
2032	0	29752	
2033	0	26114	
2034	0	24493	
2035	0	24967	
2036	0	26304	
2037	0	28735	
2038	0	25976	
2039	0	26562	
2040	0	31113	
2041	0	36497	
2042	0	40926	
2043	0	43098	
2044	0	44636	
2045	0	46618	
2046	0	46742	
2047	0	42169	
2048	0	32660	
2049	0	26538	
2050	0	23753	
2051	0	22575	
2052	0	24250	
2053	0	27230	
2054	0	32159	
2055	0	37916	
2056	0	42668	
2057	0	46097	
2058	0	45552	
2059	0	43634	
2060	0	36946	
2061	0	28675	
2062	0	25467	
2063	0	26023	
2064	0	27588	
2065	0	28493	
2066	0	25760	
2067	0	21521	
2068	0	22911	
2069	0	25519	
2070	0	29770	
2071	0	35120	
2072	0	39336	
2073	0	41138	
2074	0	39907	
2075	0	34998	
2076	0	24490	
2077	0	19754	
2078	0	20930	
2079	0	26171	
2080	0	30810	
2081	0	32878	
2082	0	37375	
2083	0	42878	
2084	0	46436	
2085	0	45263	
2086	0	40484	
2087	0	36626	
2088	0	34167	
2089	0	35207	
2090	0	36453	
2091	0	35933	
2092	0	30924	
2093	0	22902	
2094	0	16099	
2095	0	15092	
2096	0	17747	
2097	0	24061	
2098	0	31639	
2099	0	33909	
2100	0	28885	
2101	0	32277	
2102	0	42064	
2103	0	49654	
2104	0	53297	
2105	0	53031	
2106	0	51513	
2107	0	50020	
2108	0	45061	
2109	0	34514	
2110	0	22184	
2111	0	5967	
2112	0	1384	
2113	0	5171	
2114	0	9479	
2115	0	19911	
2116	0	33614	
2117	0	48106	
2118	0	58738	
2119	0	62535	
2120	0	59606	
2121	0	56141	
2122	0	53100	
2123	0	37654	
2124	0	27748	
2125	0	21732	
2126	0	12604	
2127	0	3660	
2128	0	6759	
2129	0	16527	
2130	0	25484	
2131	0	33529	
2132	0	36470	
2133	0	37319	
2134	0	41148	
2135	0	44192	
2136	0	42669	
2137	0	39777	
2138	0	36260	
2139	0	35014	
2140	0	29089	
2141	0	20705	
2142	0	12918	
2143	0	14247	
2144	0	20655	
2145	0	27996	
2146	0	37820	
2147	0	47296	
2148	0	52012	
2149	0	53481	
2150	0	52792	
2151	0	49746	
2152	0	45148	
2153	0	40863	
2154	0	35510	
2155	0	30768	
2156	0	26775	
2157	0	24434	
2158	0	23191	
2159	0	22544	
2160	0	22974	
2161	0	23676	
2162	0	25136	
2163	0	26699	
2164	0	28310	
2165	0	29558	
2166	0	30230	
2167	0	30608	
2168	0	30796	
2169	0	30090	
2170	0	30302	
2171	0	30642	
2172	0	31762	
2173	0	32827	
2174	0	32489	
2175	0	33332	
2176	0	34674	
2177	0	36045	
2178	0	33361	
2179	0	32178	
2180	0	32189	
2181	0	31751	
2182	0	32966	
2183	0	34975	
2184	0	38074	
2185	0	40396	
2186	0	42846	
2187	0	43655	
2188	0	42954	
2189	0	34644	
2190	0	28140	
2191	0	26856	
2192	0	28280	
2193	0	31495	
2194	0	34256	
2195	0	35602	
2196	0	35123	
2197	0	34572	
2198	0	31161	
2199	0	27750	
2200	0	27168	
2201	0	28016	
2202	0	30662	
2203	0	33064	
2204	0	32419	
2205	0	32997	
2206	0	34078	
2207	0	34086	
2208	0	34631	
2209	0	31913	
2210	0	26741	
2211	0	21940	
2212	0	23002	
2213	0	27799	
2214	0	31175	
2215	0	33752	
2216	0	36520	
2217	0	41376	
2218	0	43719	
2219	0	42443	
2220	0	40415	
2221	0	39855	
2222	0	39953	
2223	0	35487	
2224	0	28988	
2225	0	24052	
2226	0	20006	
2227	0	19453	
2228	0	23012	
2229	0	28578	
2230	0	36838	
2231	0	44660	
2232	0	48908	
2233	0	48327	
2234	0	46905	
2235	0	40068	
2236	0	27320	
2237	0	23591	
2238	0	24615	
2239	0	28135	
2240	0	25739	
2241	0	20018	
2242	0	21952	
2243	0	27414	
2244	0	33297	
2245	0	35792	
2246	0	34706	
2247	0	35240	
2248	0	38231	
2249	0	38092	
2250	0	33591	
2251	0	31644	
2252	0	33318	
2253	0	36965	
2254	0	38855	
2255	0	36842	
2256	0	33646	
2257	0	34473	
2258	0	35561	
2259	0	33492	
2260	0	32476	
2261	0	33125	
2262	0	35448	
2263	0	36369	
2264	0	36031	
2265	0	35245	
2266	0	34087	
2267	0	32464	
2268	0	31623	
2269	0	29605	
2270	0	21275	
2271	0	18384	
2272	0	21036	
2273	0	22740	
2274	0	21016	
2275	0	18756	
2276	0	21212	
2277	0	19730	
2278	0	21312	
2279	0	28868	
2280	0	40546	
2281	0	53233	
2282	0	62348	
2283	0	64184	
2284	0	60615	
2285	0	56960	
2286	0	53780	
2287	0	42156	
2288	0	29589	
2289	0	24776	
2290	0	23176	
2291	0	22743	
2292	0	17420	
2293	0	7973	
2294	0	3382	
2295	0	6680	
2296	0	10126	
2297	0	13106	
2298	0	20941	
2299	0	40824	
2300	0	55730	
2301	0	65430	
2302	0	65533	
2303	0	61023	
2304	0	57271	
2305	0	51332	
2306	0	41614	
2307	0	34567	
2308	0	27552	
2309	0	21063	
2310	0	15043	
2311	0	7232	
2312	0	6806	
2313	0	14492	
2314	0	22966	
2315	0	32450	
2316	0	40685	
2317	0	44008	
2318	0	45710	
2319	0	47169	
2320	0	47380	
2321	0	41927	
2322	0	37269	
2323	0	33767	
2324	0	30983	
2325	0	28223	
2326	0	26269	
2327	0	25706	
2328	0	25820	
2329	0	26499	
2330	0	27677	
2331	0	28468	
2332	0	28928	
2333	0	29185	
2334	0	28475	
2335	0	28043	
2336	0	27034	
2337	0	27361	
2338	0	29025	
2339	0	27350	
2340	0	22451	
2341	0	24569	
2342	0	32220	
2343	0	39031	
2344	0	45356	
2345	0	50602	
2346	0	51719	
2347	0	50304	
2348	0	46080	
2349	0	40020	
2350	0	35880	
2351	0	32919	
2352	0	30630	
2353	0	29877	
2354	0	26954	
2355	0	23067	
2356	0	21473	
2357	0	21329	
2358	0	22611	
2359	0	27336	
2360	0	32931	
2361	0	38166	
2362	0	43133	
2363	0	46208	
2364	0	45025	
2365	0	42035	
2366	0	38296	
2367	0	33728	
2368	0	30625	
2369	0	28352	
2370	0	27825	
2371	0	27823	
2372	0	27248	
2373	0	25132	
2374	0	22822	
2375	0	22520	
2376	0	23492	
2377	0	24603	
2378	0	20363	
2379	0	12409	
2380	0	14908	
2381	0	25929	
2382	0	40196	
2383	0	51092	
2384	0	58074	
2385	0	60984	
2386	0	60103	
2387	0	57016	
2388	0	49744	
2389	0	39474	
2390	0	31815	
2391	0	27916	
2392	0	26020	
2393	0	27040	
2394	0	27340	
2395	0	26947	
2396	0	26748	
2397	0	25600	
2398	0	22524	
2399	0	21710	
2400	0	21532	
2401	0	20820	
2402	0	21927	
2403	0	26247	
2404	0	30184	
2405	0	31284	
2406	0	33029	
2407	0	34580	
2408	0	37336	
2409	0	39161	
2410	0	33970	
2411	0	29117	
2412	0	32143	
2413	0	42270	
2414	0	51589	
2415	0	54492	
2416	0	53947	
2417	0	51008	
2418	0	45078	
2419	0	39048	
2420	0	31069	
2421	0	24194	
2422	0	19837	
2423	0	11889	
2424	0	8534	
2425	0	11962	
2426	0	17415	
2427	0	20918	
2428	0	28871	
2429	0	38756	
2430	0	44975	
2431	0	46857	
2432	0	45398	
2433	0	43597	
2434	0	42343	
2435	0	41394	
2436	0	39510	
2437	0	35588	
2438	0	34770	
2439	0	34560	
2440	0	32636	
2441	0	28025	
2442	0	25749	
2443	0	24207	
2444	0	25338	
2445	0	29460	
2446	0	31675	
2447	0	32096	
2448	0	31543	
2449	0	25804	
2450	0	24156	
2451	0	26567	
2452	0	27591	
2453	0	26297	
2454	0	26609	
2455	0	29506	
2456	0	33594	
2457	0	35143	
2458	0	36849	
2459	0	37929	
2460	0	40534	
2461	0	45202	
2462	0	48078	
2463	0	46983	
2464	0	42374	
2465	0	38852	
2466	0	35329	
2467	0	31911	
2468	0	29328	
2469	0	28075	
2470	0	28141	
2471	0	28687	
2472	0	29398	
2473	0	26919	
2474	0	26500	
2475	0	24956	
2476	0	25854	
2477	0	29319	
2478	0	31879	
2479	0	35648	
2480	0	39056	
2481	0	40406	
2482	0	38659	
2483	0	36956	
2484	0	34989	
2485	0	32600	
2486	0	28346	
2487	0	23415	
2488	0	16089	
2489	0	8248	
2490	0	9914	
2491	0	12807	
2492	0	28634	
2493	0	42194	
2494	0	52391	
2495	0	56679	
2496	0	56686	
2497	0	54256	
2498	0	50329	
2499	0	42345	
2500	0	33958	
2501	0	27206	
2502	0	20988	
2503	0	11914	
2504	0	11692	
2505	0	18878	
2506	0	30581	
2507	0	39986	
2508	0	47556	
2509	0	50759	
2510	0	49785	
2511	0	46222	
2512	0	40388	
2513	0	34932	
2514	0	31676	
2515	0	33362	
2516	0	36244	
2517	0	36839	
2518	0	36377	
2519	0	33080	
2520	0	29136	
2521	0	27120	
2522	0	26448	
2523	0	25554	
2524	0	24760	
2525	0	24164	
2526	0	25980	
2527	0	28028	
2528	0	28911	
2529	0	30239	
2530	0	30468	
2531	0	27893	
2532	0	19268	
2533	0	9302	
2534	0	11133	
2535	0	13878	
2536	0	24326	
2537	0	43916	
2538	0	57340	
2539	0	65520	
2540	0	64668	
2541	0	58468	
2542	0	46288	
2543	0	37664	
2544	0	30151	
2545	0	27067	
2546	0	28125	
2547	0	30533	
2548	0	33143	
2549	0	36045	
2550	0	34496	
2551	0	30407	
2552	0	24120	
2553	0	22005	
2554	0	24128	
2555	0	27815	
2556	0	30575	
2557	0	32764	
2558	0	35076	
2559	0	33704	
2560	0	30572	
2561	0	27676	
2562	0	25536	
2563	0	21476	
2564	0	21720	
2565	0	27345	
2566	0	33134	
2567	0	39224	
2568	0	40173	
2569	0	38419	
2570	0	39102	
2571	0	41384	
2572	0	41330	
2573	0	38821	
2574	0	33190	
2575	0	32296	
2576	0	35471	
2577	0	36972	
2578	0	33341	
2579	0	32406	
2580	0	34329	
2581	0	32733	
2582	0	29748	
2583	0	30266	
2584	0	32673	
2585	0	34011	
2586	0	36761	
2587	0	35441	
2588	0	29349	
2589	0	26026	
2590	0	26748	
2591	0	30270	
2592	0	32682	
2593	0	30823	
2594	0	27139	
2595	0	29986	
2596	0	34070	
2597	0	28901	
2598	0	24261	
2599	0	27942	
2600	0	36428	
2601	0	41893	
2602	0	42326	
2603	0	41644	
2604	0	40476	
2605	0	37831	
2606	0	35655	
2607	0	35463	
2608	0	33465	
2609	0	31731	
2610	0	31254	
2611	0	34644	
2612	0	31223	
2613	0	27120	
2614	0	27680	
2615	0	32025	
2616	0	37828	
2617	0	41287	
2618	0	36122	
2619	0	27697	
2620	0	26733	
2621	0	28597	
2622	0	27143	
2623	0	27643	
2624	0	29919	
2625	0	33592	
2626	0	37540	
2627	0	38310	
2628	0	39924	
2629	0	40128	
2630	0	38458	
2631	0	35490	
2632	0	31350	
2633	0	27476	
2634	0	26844	
2635	0	25500	
2636	0	23260	
2637	0	23452	
2638	0	24230	
2639	0	26178	
2640	0	24676	
2641	0	22446	
2642	0	25607	
2643	0	31620	
2644	0	37695	
2645	0	42228	
2646	0	44492	
2647	0	41867	
2648	0	35382	
2649	0	33623	
2650	0	38272	
2651	0	45032	
2652	0	48464	
2653	0	47558	
2654	0	47284	
2655	0	45912	
2656	0	39404	
2657	0	33972	
2658	0	26974	
2659	0	19969	
2660	0	15778	
2661	0	14260	
2662	0	15777	
2663	0	15109	
2664	0	18843	
2665	0	22780	
2666	0	29397	
2667	0	36189	
2668	0	43090	
2669	0	47800	
2670	0	49428	
2671	0	48187	
2672	0	44314	
2673	0	38506	
2674	0	34482	
2675	0	28256	
2676	0	15951	
2677	0	8223	
2678	0	13014	
2679	0	23815	
2680	0	35641	
2681	0	45780	
2682	0	51228	
2683	0	49148	
2684	0	44324	
2685	0	37290	
2686	0	31459	
2687	0	29829	
2688	0	31068	
2689	0	33248	
2690	0	35666	
2691	0	37727	
2692	0	36714	
2693	0	34160	
2694	0	31395	
2695	0	26196	
2696	0	22682	
2697	0	21520	
2698	0	21677	
2699	0	26151	
2700	0	31080	
2701	0	34870	
2702	0	37844	
2703	0	37689	
2704	0	33901	
2705	0	32630	
2706	0	32785	
2707	0	31404	
2708	0	27364	
2709	0	20626	
2710	0	16742	
2711	0	22898	
2712	0	30068	
2713	0	39078	
2714	0	47998	
2715	0	52692	
2716	0	54372	
2717	0	52828	
2718	0	50017	
2719	0	43482	
2720	0	37698	
2721	0	27042	
2722	0	12147	
2723	0	3399	
2724	0	7828	
2725	0	10862	
2726	0	10892	
2727	0	17654	
2728	0	33595	
2729	0	45858	
2730	0	53538	
2731	0	49168	
2732	0	42733	
2733	0	41420	
2734	0	43983	
2735	0	43606	
2736	0	44672	
2737	0	48308	
2738	0	50530	
2739	0	48472	
2740	0	43441	
2741	0	37378	
2742	0	30918	
2743	0	25280	
2744	0	22109	
2745	0	21600	
2746	0	21607	
2747	0	20966	
2748	0	20785	
2749	0	21485	
2750	0	20196	
2751	0	14628	
2752	0	10500	
2753	0	10495	
2754	0	13181	
2755	0	15708	
2756	0	32642	
2757	0	44376	
2758	0	53720	
2759	0	59648	
2760	0	61421	
2761	0	60476	
2762	0	54746	
2763	0	44638	
2764	0	39476	
2765	0	37339	
2766	0	36065	
2767	0	29526	
2768	0	11064	
2769	0	2481	
2770	0	8666	
2771	0	18281	
2772	0	28868	
2773	0	39628	
2774	0	44986	
2775	0	46272	
2776	0	48725	
2777	0	43291	
2778	0	33799	
2779	0	29289	
2780	0	28848	
2781	0	29315	
2782	0	28972	
2783	0	26616	
2784	0	21536	
2785	0	9844	
2786	0	17328	
2787	0	31495	
2788	0	43038	
2789	0	51399	
2790	0	56620	
2791	0	54774	
2792	0	50415	
2793	0	46034	
2794	0	38877	
2795	0	30903	
2796	0	24828	
2797	0	20390	
2798	0	15306	
2799	0	9414	
2800	0	8982	
2801	0	16839	
2802	0	24966	
2803	0	30608	
2804	0	35922	
2805	0	40154	
2806	0	44316	
2807	0	45988	
2808	0	43302	
2809	0	38760	
2810	0	37822	
2811	0	40094	
2812	0	40505	
2813	0	36271	
2814	0	30976	
2815	0	25675	
2816	0	22656	
2817	0	23578	
2818	0	27534	
2819	0	33381	
2820	0	38033	
2821	0	40098	
2822	0	40568	
2823	0	41429	
2824	0	38052	
2825	0	35966	
2826	0	35443	
2827	0	34052	
2828	0	30816	
2829	0	24316	
2830	0	18677	
2831	0	17661	
2832	0	19527	
2833	0	24135	
2834	0	28948	
2835	0	31328	
2836	0	34046	
2837	0	34208	
2838	0	35994	
2839	0	39148	
2840	0	36071	
2841	0	28174	
2842	0	19335	
2843	0	27940	
2844	0	35564	
2845	0	39874	
2846	0	46009	
2847	0	49896	
2848	0	48476	
2849	0	44222	
2850	0	42194	
2851	0	33036	
2852	0	29328	
2853	0	30471	
2854	0	33110	
2855	0	34553	
2856	0	36270	
2857	0	39966	
2858	0	40527	
2859	0	36743	
2860	0	29255	
2861	0	19946	
2862	0	11988	
2863	0	10589	
2864	0	11497	
2865	0	13961	
2866	0	21560	
2867	0	31261	
2868	0	37752	
2869	0	36454	
2870	0	38047	
2871	0	43052	
2872	0	48315	
2873	0	51277	
2874	0	51744	
2875	0	49235	
2876	0	46774	
2877	0	44329	
2878	0	38770	
2879	0	26205	
2880	0	13440	
2881	0	12793	
2882	0	17664	
2883	0	23684	
2884	0	27105	
2885	0	29568	
2886	0	32199	
2887	0	32384	
2888	0	29608	
2889	0	27584	
2890	0	28135	
2891	0	34016	
2892	0	39460	
2893	0	43220	
2894	0	44272	
2895	0	43325	
2896	0	40806	
2897	0	39870	
2898	0	39753	
2899	0	38749	
2900	0	29986	
2901	0	24838	
2902	0	26963	
2903	0	29155	
2904	0	23724	
2905	0	13061	
2906	0	16010	
2907	0	25328	
2908	0	33607	
2909	0	41438	
2910	0	45496	
2911	0	43383	
2912	0	40500	
2913	0	32119	
2914	0	27173	
2915	0	29107	
2916	0	31684	
2917	0	31127	
2918	0	31657	
2919	0	34264	
2920	0	38327	
2921	0	40887	
2922	0	42669	
2923	0	42530	
2924	0	36027	
2925	0	23588	
2926	0	19379	
2927	0	22365	
2928	0	24643	
2929	0	29388	
2930	0	30580	
2931	0	23615	
2932	0	16656	
2933	0	26399	
2934	0	38032	
2935	0	42985	
2936	0	46064	
2937	0	51150	
2938	0	53966	
2939	0	51037	
2940	0	41710	
2941	0	28701	
2942	0	15302	
2943	0	10747	
2944	0	15676	
2945	0	25154	
2946	0	34721	
2947	0	38770	
2948	0	40455	
2949	0	40940	
2950	0	37961	
2951	0	28159	
2952	0	15464	
2953	0	18969	
2954	0	26452	
2955	0	38030	
2956	0	49158	
2957	0	55102	
2958	0	56443	
2959	0	51609	
2960	0	43451	
2961	0	38118	
2962	0	30816	
2963	0	23332	
2964	0	22752	
2965	0	23433	
2966	0	12834	
2967	0	7989	
2968	0	17300	
2969	0	24549	
2970	0	20632	
2971	0	22924	
2972	0	32909	
2973	0	35318	
2974	0	41364	
2975	0	49580	
2976	0	53273	
2977	0	54002	
2978	0	52583	
2979	0	49860	
2980	0	40992	
2981	0	28138	
2982	0	20532	
2983	0	22983	
2984	0	25446	
2985	0	26081	
2986	0	26262	
2987	0	21745	
2988	0	18765	
2989	0	22475	
2990	0	31680	
2991	0	39853	
2992	0	46710	
2993	0	48390	
2994	0	48372	
2995	0	43366	
2996	0	34744	
2997	0	26350	
2998	0	15439	
2999	0	7253	
3000	0	6180	
3001	0	9405	
3002	0	17191	
3003	0	32082	
3004	0	45344	
3005	0	53843	
3006	0	56946	
3007	0	58916	
3008	0	57152	
3009	0	52828	
3010	0	43224	
3011	0	26534	
3012	0	17616	
3013	0	19973	
3014	0	24275	
3015	0	28920	
3016	0	31943	
3017	0	36214	
3018	0	37052	
3019	0	36544	
3020	0	33100	
3021	0	30423	
3022	0	29844	
3023	0	29530	
3024	0	28962	
3025	0	28487	
3026	0	27193	
3027	0	25861	
3028	0	24620	
3029	0	24485	
3030	0	28690	
3031	0	31772	
3032	0	31351	
3033	0	32756	
3034	0	31104	
3035	0	24021	
3036	0	12793	
3037	0	12386	
3038	0	14812	
3039	0	36250	
3040	0	54468	
3041	0	65013	
3042	0	65535	
3043	0	61863	
3044	0	57991	
3045	0	47615	
3046	0	37522	
3047	0	29466	
3048	0	27186	
3049	0	24490	
3050	0	23556	
3051	0	25030	
3052	0	25911	
3053	0	25472	
3054	0	25398	
3055	0	29508	
3056	0	29881	
3057	0	32018	
3058	0	34182	
3059	0	29184	
3060	0	28184	
3061	0	28369	
3062	0	28560	
3063	0	27970	
3064	0	32294	
3065	0	38074	
3066	0	41372	
3067	0	41283	
3068	0	38524	
3069	0	35628	
3070	0	33224	
3071	0	30745	
3072	0	24196	
3073	0	24166	
3074	0	27696	
3075	0	32019	
3076	0	32502	
3077	0	28376	
3078	0	12986	
3079	0	9792	
3080	0	20419	
3081	0	37511	
3082	0	49351	
3083	0	52550	
3084	0	47674	
3085	0	38246	
3086	0	39492	
3087	0	45500	
3088	0	49838	
3089	0	50311	
3090	0	47789	
3091	0	42176	
3092	0	38116	
3093	0	34951	
3094	0	31922	
3095	0	27451	
3096	0	22663	
3097	0	11300	
3098	0	7111	
3099	0	13490	
3100	0	23768	
3101	0	32027	
3102	0	27914	
3103	0	30905	
3104	0	37664	
3105	0	43163	
3106	0	44951	
3107	0	39606	
3108	0	30524	
3109	0	30003	
3110	0	31877	
3111	0	23465	
3112	0	14755	
3113	0	12890	
3114	0	13248	
3115	0	29446	
3116	0	45511	
3117	0	55250	
3118	0	59754	
3119	0	60815	
3120	0	55383	
3121	0	48918	
3122	0	43922	
3123	0	36277	
3124	0	30324	
3125	0	27293	
3126	0	26416	
3127	0	24900	
3128	0	22891	
3129	0	22384	
3130	0	22727	
3131	0	23554	
3132	0	23890	
3133	0	24937	
3134	0	26891	
3135	0	27093	
3136	0	27928	
3137	0	28054	
3138	0	22641	
3139	0	17101	
3140	0	23714	
3141	0	29996	
3142	0	36764	
3143	0	42276	
3144	0	45154	
3145	0	46772	
3146	0	47856	
3147	0	45974	
3148	0	40425	
3149	0	36831	
3150	0	34512	
3151	0	33305	
3152	0	31500	
3153	0	25607	
3154	0	21155	
3155	0	18321	
3156	0	13204	
3157	0	10774	
3158	0	17683	
3159	0	17972	
3160	0	21452	
3161	0	37958	
3162	0	55608	
3163	0	65504	
3164	0	65528	
3165	0	61440	
3166	0	57620	
3167	0	54341	
3168	0	51552	
3169	0	38311	
3170	0	25948	
3171	0	19137	
3172	0	16733	
3173	0	16662	
3174	0	17235	
3175	0	19471	
3176	0	23498	
3177	0	25668	
3178	0	26728	
3179	0	28500	
3180	0	32325	
3181	0	33959	
3182	0	30009	
3183	0	21962	
3184	0	11460	
3185	0	10983	
3186	0	13580	
3187	0	16060	
3188	0	18205	
3189	0	27385	
3190	0	57516	
3191	0	65508	
3192	0	65524	
3193	0	64317	
3194	0	60039	
3195	0	56407	
3196	0	53334	
3197	0	50679	
3198	0	40680	
3199	0	30089	
3200	0	20582	
3201	0	12904	
3202	0	12533	
3203	0	11575	
3204	0	10830	
3205	0	12795	
3206	0	19573	
3207	0	27585	
3208	0	34458	
3209	0	38450	
3210	0	42062	
3211	0	42676	
3212	0	38264	
3213	0	37541	
3214	0	38365	
3215	0	34839	
3216	0	28525	
3217	0	24841	
3218	0	20423	
3219	0	22400	
3220	0	30134	
3221	0	38204	
3222	0	43900	
3223	0	46381	
3224	0	45536	
3225	0	43474	
3226	0	41142	
3227	0	35557	
3228	0	31079	
3229	0	27948	
3230	0	25304	
3231	0	23302	
3232	0	22106	
3233	0	19730	
3234	0	12082	
3235	0	12103	
3236	0	11749	
3237	0	17286	
3238	0	26381	
3239	0	33164	
3240	0	44119	
3241	0	53112	
3242	0	61218	
3243	0	64246	
3244	0	61108	
3245	0	57417	
3246	0	54184	
3247	0	41303	
3248	0	34788	
3249	0	28416	
3250	0	22644	
3251	0	20862	
3252	0	21405	
3253	0	23279	
3254	0	25206	
3255	0	26759	
3256	0	27426	
3257	0	26880	
3258	0	27578	
3259	0	27308	
3260	0	27375	
3261	0	29549	
3262	0	32168	
3263	0	32647	
3264	0	31638	
3265	0	31068	
3266	0	27175	
3267	0	26694	
3268	0	30373	
3269	0	35431	
3270	0	37118	
3271	0	39225	
3272	0	39612	
3273	0	38804	
3274	0	37144	
3275	0	35026	
3276	0	32071	
3277	0	30852	
3278	0	32089	
3279	0	29168	
3280	0	25312	
3281	0	26892	
3282	0	30304	
3283	0	33623	
3284	0	34748	
3285	0	29249	
3286	0	18176	
3287	0	17756	
3288	0	30148	
3289	0	44463	
3290	0	48519	
3291	0	49343	
3292	0	46959	
3293	0	39020	
3294	0	23500	
3295	0	17350	
3296	0	21408	
3297	0	31095	
3298	0	43053	
3299	0	50070	
3300	0	50084	
3301	0	47564	
3302	0	46782	
3303	0	46962	
3304	0	39766	
3305	0	27196	
3306	0	20705	
3307	0	15016	
3308	0	17031	
3309	0	20860	
3310	0	23161	
3311	0	26390	
3312	0	31322	
3313	0	39294	
3314	0	45339	
3315	0	46448	
3316	0	44454	
3317	0	40353	
3318	0	35969	
3319	0	32068	
3320	0	23088	
3321	0	12443	
3322	0	6188	
3323	0	9977	
3324	0	20470	
3325	0	30816	
3326	0	37792	
3327	0	46348	
3328	0	52708	
3329	0	55220	
3330	0	52567	
3331	0	44840	
3332	0	33687	
3333	0	27244	
3334	0	25290	
3335	0	23289	
3336	0	25154	
3337	0	26573	
3338	0	29448	
3339	0	33389	
3340	0	35441	
3341	0	36388	
3342	0	36287	
3343	0	35512	
3344	0	34064	
3345	0	32025	
3346	0	30717	
3347	0	29736	
3348	0	29269	
3349	0	27375	
3350	0	25960	
3351	0	27872	
3352	0	30435	
3353	0	32900	
3354	0	34991	
3355	0	35856	
3356	0	34412	
3357	0	30907	
3358	0	31155	
3359	0	32185	
3360	0	33655	
3361	0	33424	
3362	0	33530	
3363	0	33397	
3364	0	32505	
3365	0	34336	
3366	0	35143	
3367	0	34689	
3368	0	33906	
3369	0	32856	
3370	0	31299	
3371	0	30066	
3372	0	27250	
3373	0	25925	
3374	0	24887	
3375	0	24135	
3376	0	29092	
3377	0	31089	
3378	0	30149	
3379	0	28585	
3380	0	33528	
3381	0	39209	
3382	0	37781	
3383	0	39752	
3384	0	47143	
3385	0	54004	
3386	0	56674	
3387	0	51783	
3388	0	43378	
3389	0	30567	
3390	0	28715	
3391	0	30470	
3392	0	31136	
3393	0	27527	
3394	0	24045	
3395	0	25384	
3396	0	28585	
3397	0	25548	
3398	0	16127	
3399	0	19302	
3400	0	26353	
3401	0	31584	
3402	0	36326	
3403	0	39598	
3404	0	39936	
3405	0	36359	
3406	0	31996	
3407	0	32732	
3408	0	36432	
3409	0	40676	
3410	0	43612	
3411	0	44189	
3412	0	41280	
3413	0	37367	
3414	0	33091	
3415	0	30325	
3416	0	27532	
3417	0	24274	
3418	0	22749	
3419	0	22485	
3420	0	24108	
3421	0	26921	
3422	0	22034	
3423	0	9395	
3424	0	10067	
3425	0	12867	
3426	0	35048	
3427	0	48176	
3428	0	54248	
3429	0	56128	
3430	0	54479	
3431	0	51744	
3432	0	46080	
3433	0	37438	
3434	0	33778	
3435	0	32086	
3436	0	31005	
3437	0	29746	
3438	0	28562	
3439	0	28560	
3440	0	30460	
3441	0	32167	
3442	0	31574	
3443	0	30743	
3444	0	30841	
3445	0	30431	
3446	0	29119	
3447	0	27852	
3448	0	27550	
3449	0	26352	
3450	0	26674	
3451	0	28140	
3452	0	27040	
3453	0	30271	
3454	0	34464	
3455	0	37079	
3456	0	37539	
3457	0	35423	
3458	0	32496	
3459	0	26884	
3460	0	22338	
3461	0	23619	
3462	0	28692	
3463	0	35901	
3464	0	42084	
3465	0	45654	
3466	0	47428	
3467	0	46456	
3468	0	43648	
3469	0	39904	
3470	0	36451	
3471	0	32816	
3472	0	25669	
3473	0	17818	
3474	0	15338	
3475	0	19390	
3476	0	25527	
3477	0	32606	
3478	0	39070	
3479	0	34695	
3480	0	14590	
3481	0	13948	
3482	0	24519	
3483	0	38032	
3484	0	53052	
3485	0	61748	
3486	0	61788	
3487	0	56496	
3488	0	49399	
3489	0	44078	
3490	0	37244	
3491	0	31080	
3492	0	25248	
3493	0	20359	
3494	0	18183	
3495	0	18880	
3496	0	20305	
3497	0	23353	
3498	0	28342	
3499	0	32355	
3500	0	29419	
3501	0	23149	
3502	0	22308	
3503	0	30109	
3504	0	37301	
3505	0	42322	
3506	0	40190	
3507	0	37239	
3508	0	34402	
3509	0	32280	
3510	0	27508	
3511	0	24344	
3512	0	28498	
3513	0	34268	
3514	0	39806	
3515	0	41837	
3516	0	41643	
3517	0	40669	
3518	0	37942	
3519	0	35695	
3520	0	34802	
3521	0	33477	
3522	0	33334	
3523	0	33660	
3524	0	33205	
3525	0	28529	
3526	0	24408	
3527	0	27456	
3528	0	28012	
3529	0	21716	
3530	0	21759	
3531	0	27303	
3532	0	32496	
3533	0	36839	
3534	0	40391	
3535	0	41762	
3536	0	40868	
3537	0	36423	
3538	0	33968	
3539	0	32339	
3540	0	31901	
3541	0	33432	
3542	0	33836	
3543	0	33473	
3544	0	32625	
3545	0	32428	
3546	0	31412	
3547	0	28555	
3548	0	27535	
3549	0	28819	
3550	0	30276	
3551	0	31949	
3552	0	34361	
3553	0	35712	
3554	0	33720	
3555	0	32623	
3556	0	34673	
3557	0	36812	
3558	0	37159	
3559	0	35560	
3560	0	33819	
3561	0	33357	
3562	0	32839	
3563	0	32519	
3564	0	32498	
3565	0	31591	
3566	0	30975	
3567	0	30224	
3568	0	29860	
3569	0	30196	
3570	0	30900	
3571	0	31568	
3572	0	32540	
3573	0	32754	
3574	0	32860	
3575	0	33285	
3576	0	33193	
3577	0	32391	
3578	0	32339	
3579	0	32612	
3580	0	32640	
3581	0	30241	
3582	0	26832	
3583	0	26365	
3584	0	28440	
3585	0	30890	
3586	0	32527	
3587	0	32903	
3588	0	34756	
3589	0	37997	
3590	0	33965	
3591	0	26289	
3592	0	23791	
3593	0	28596	
3594	0	37556	
3595	0	46296	
3596	0	50877	
3597	0	50048	
3598	0	47718	
3599	0	43646	
3600	0	37755	
3601	0	32490	
3602	0	28984	
3603	0	25431	
3604	0	23460	
3605	0	15263	
3606	0	9645	
3607	0	19796	
3608	0	33148	
3609	0	43718	
3610	0	48758	
3611	0	46768	
3612	0	41860	
3613	0	36735	
3614	0	34572	
3615	0	32095	
3616	0	31225	
3617	0	31006	
3618	0	30964	
3619	0	29935	
3620	0	28427	
3621	0	26983	
3622	0	24665	
3623	0	25997	
3624	0	25502	
3625	0	22879	
3626	0	27858	
3627	0	34484	
3628	0	40782	
3629	0	43866	
3630	0	43175	
3631	0	38800	
3632	0	34365	
3633	0	32588	
3634	0	32775	
3635	0	32711	
3636	0	33324	
3637	0	34027	
3638	0	33201	
3639	0	31564	
3640	0	31032	
3641	0	31846	
3642	0	32240	
3643	0	31895	
3644	0	30603	
3645	0	30882	
3646	0	31740	
3647	0	31386	
3648	0	31385	
3649	0	31313	
3650	0	31156	
3651	0	31943	
3652	0	32748	
3653	0	33645	
3654	0	34728	
3655	0	35392	
3656	0	35188	
3657	0	33979	
3658	0	30493	
3659	0	29204	
3660	0	29848	
3661	0	32531	
3662	0	35091	
3663	0	36710	
3664	0	36903	
3665	0	35925	
3666	0	34349	
3667	0	32814	
3668	0	31630	
3669	0	30098	
3670	0	28167	
3671	0	25618	
3672	0	25078	
3673	0	27335	
3674	0	32033	
3675	0	35966	
3676	0	38454	
3677	0	39747	
3678	0	39870	
3679	0	39093	
3680	0	37890	
3681	0	36012	
3682	0	33863	
3683	0	33204	
3684	0	32632	
3685	0	31381	
3686	0	30797	
3687	0	30923	
3688	0	31348	
3689	0	31692	
3690	0	31175	
3691	0	30887	
3692	0	30889	
3693	0	31257	
3694	0	31795	
3695	0	31916	
3696	0	30690	
3697	0	30690	
3698	0	29853	
3699	0	29245	
3700	0	28256	
3701	0	28596	
3702	0	31861	
3703	0	34844	
3704	0	36925	
3705	0	37231	
3706	0	38258	
3707	0	39124	
3708	0	39515	
3709	0	38240	
3710	0	35536	
3711	0	33266	
3712	0	32199	
3713	0	31775	
3714	0	31420	
3715	0	30903	
3716	0	30550	
3717	0	30598	
3718	0	30887	
3719	0	31205	
3720	0	31556	
3721	0	31623	
3722	0	31958	
3723	0	32125	
3724	0	32199	
3725	0	32351	
3726	0	32418	
3727	0	32484	
3728	0	32625	
3729	0	32692	
3730	0	32851	
3731	0	32930	
3732	0	32974	
3733	0	33076	
3734	0	33085	
3735	0	33077	
3736	0	33085	
3737	0	32338	
3738	0	29754	
3739	0	29089	
3740	0	28572	
3741	0	29854	
3742	0	30590	
3743	0	31437	
3744	0	34535	
3745	0	36472	
3746	0	38615	
3747	0	40589	
3748	0	40263	
3749	0	38164	
3750	0	36004	
3751	0	34967	
3752	0	33409	
3753	0	32114	
3754	0	31402	
3755	0	30968	
3756	0	30916	
3757	0	30999	
3758	0	30774	
3759	0	30711	
3760	0	29822	
3761	0	28618	
3762	0	28306	
3763	0	28332	
3764	0	29770	
3765	0	30892	
3766	0	30849	
3767	0	32647	
3768	0	34127	
3769	0	35370	
3770	0	33844	
3771	0	26557	
3772	0	22739	
3773	0	26264	
3774	0	34540	
3775	0	42254	
3776	0	46936	
3777	0	48839	
3778	0	48023	
3779	0	45572	
3780	0	40380	
3781	0	35586	
3782	0	31279	
3783	0	29056	
3784	0	28225	
3785	0	26642	
3786	0	26358	
3787	0	27526	
3788	0	28950	
3789	0	30065	
3790	0	30935	
3791	0	31522	
3792	0	31770	
3793	0	32113	
3794	0	32105	
3795	0	31680	
3796	0	31751	
3797	0	31778	
3798	0	31918	
3799	0	32189	
3800	0	32580	
3801	0	32762	
3802	0	32636	
3803	0	32522	
3804	0	31760	
3805	0	30940	
3806	0	31026	
3807	0	31954	
3808	0	33184	
3809	0	33772	
3810	0	33991	
3811	0	34157	
3812	0	33840	
3813	0	33656	
3814	0	33754	
3815	0	33773	
3816	0	33599	
3817	0	33159	
3818	0	32794	
3819	0	32709	
3820	0	32236	
3821	0	32120	
3822	0	32146	
3823	0	32143	
3824	0	32445	
3825	0	32808	
3826	0	33124	
3827	0	33392	
3828	0	33780	
3829	0	33796	
3830	0	33735	
3831	0	33668	
3832	0	33181	
3833	0	32646	
3834	0	32469	
3835	0	32500	
3836	0	32515	
3837	0	32519	
3838	0	32479	
3839	0	32586	
3840	0	32642	
3841	0	32685	
3842	0	32658	
3843	0	32688	
3844	0	32701	
3845	0	32586	
3846	0	32516	
3847	0	32521	
3848	0	32617	
3849	0	32784	
3850	0	32729	
3851	0	32795	
3852	0	32967	
3853	0	33254	
3854	0	33404	
3855	0	33632	
3856	0	33429	
3857	0	33327	
3858	0	33315	
3859	0	33104	
3860	0	32979	
3861	0	32902	
3862	0	32902	
3863	0	32809	
3864	0	32794	
3865	0	32767	
3866	0	32825	
3867	0	32937	
3868	0	32796	
3869	0	32685	
3870	0	32639	
3871	0	32698	
3872	0	32827	
3873	0	32803	
3874	0	32775	
3875	0	32666	
3876	0	32561	
3877	0	32630	
3878	0	32775	
3879	0	32845	
3880	0	32838	
3881	0	32799	
3882	0	32879	
3883	0	32767	
3884	0	32647	
3885	0	32751	
3886	0	32668	
3887	0	32485	
3888	0	32670	
3889	0	32630	
3890	0	32675	
3891	0	32824	
3892	0	33056	
3893	0	33179	
3894	0	33019	
3895	0	33004	
3896	0	32924	
3897	0	32763	
3898	0	32716	
3899	0	32759	
3900	0	32790	
3901	0	32795	
3902	0	32852	
3903	0	32906	
3904	0	32903	
3905	0	32859	
3906	0	32774	
3907	0	32745	
3908	0	32678	
3909	0	32745	
3910	0	32738	
3911	0	32787	
3912	0	32775	
3913	0	32798	
3914	0	32823	
3915	0	32823	
3916	0	32810	
3917	0	32880	
3918	0	32847	
3919	0	32877	
3920	0	32711	
3921	0	32746	
3922	0	32677	
3923	0	32678	
3924	0	32655	
3925	0	32654	
3926	0	32562	
3927	0	32496	
3928	0	32349	
3929	0	32257	
3930	0	32275	
3931	0	32187	
3932	0	30826	
3933	0	27317	
3934	0	26249	
3935	0	27198	
3936	0	28825	
3937	0	32967	
3938	0	36973	
3939	0	40492	
3940	0	42556	
3941	0	42524	
3942	0	41129	
3943	0	39370	
3944	0	36705	
3945	0	33879	
3946	0	31650	
3947	0	30927	
3948	0	30111	
3949	0	29650	
3950	0	29751	
3951	0	28959	
3952	0	29066	
3953	0	30316	
3954	0	29891	
3955	0	30844	
3956	0	32137	
3957	0	33137	
3958	0	33651	
3959	0	34055	
3960	0	34109	
3961	0	33884	
3962	0	33264	
3963	0	32837	
3964	0	32759	
3965	0	33008	
3966	0	32576	
3967	0	31396	
3968	0	30099	
3969	0	28103	
3970	0	25302	
3971	0	26656	
3972	0	30176	
3973	0	33932	
3974	0	37434	
3975	0	39721	
3976	0	40134	
3977	0	39053	
3978	0	37607	
3979	0	35618	
3980	0	32998	
3981	0	31238	
3982	0	30826	
3983	0	30520	
3984	0	30655	
3985	0	31192	
3986	0	31996	
3987	0	32391	
3988	0	32935	
3989	0	33190	
3990	0	33250	
3991	0	33366	
3992	0	33366	
3993	0	33097	
3994	0	32940	
3995	0	32735	
3996	0	32662	
3997	0	32525	
3998	0	32560	
3999	0	32617	
4000	0	32483	
4001	0	32559	
4002	0	32256	
4003	0	31943	
4004	0	32227	
4005	0	32646	
4006	0	33143	
4007	0	33446	
4008	0	33626	
4009	0	33620	
4010	0	33488	
4011	0	32967	
4012	0	31789	
4013	0	31396	
4014	0	31879	
4015	0	32111	
4016	0	32309	
4017	0	31611	
4018	0	31997	
4019	0	31967	
4020	0	32102	
4021	0	33489	
4022	0	35014	
4023	0	35809	
4024	0	35182	
4025	0	32004	
4026	0	29191	
4027	0	27226	
4028	0	26057	
4029	0	29144	
4030	0	33860	
4031	0	37865	
4032	0	40454	
4033	0	41768	
4034	0	41299	
4035	0	39097	
4036	0	37162	
4037	0	34946	
4038	0	32954	
4039	0	31542	
4040	0	30112	
4041	0	29741	
4042	0	29840	
4043	0	30215	
4044	0	30804	
4045	0	31100	
4046	0	31495	
4047	0	31707	
4048	0	30957	
4049	0	31076	
4050	0	31488	
4051	0	30457	
4052	0	30503	
4053	0	31770	
4054	0	31604	
4055	0	31004	
4056	0	31945	
4057	0	33328	
4058	0	33227	
4059	0	32012	
4060	0	31999	
4061	0	33529	
4062	0	34224	
4063	0	33952	
4064	0	32297	
4065	0	32789	
4066	0	34429	
4067	0	36132	
4068	0	37356	
4069	0	37026	
4070	0	36902	
4071	0	35943	
4072	0	34676	
4073	0	33428	
4074	0	32588	
4075	0	31659	
4076	0	31152	
4077	0	30935	
4078	0	30786	
4079	0	30940	
4080	0	31103	
4081	0	31311	
4082	0	31474	
4083	0	31702	
4084	0	31925	
4085	0	32182	
4086	0	32263	
4087	0	32423	
4088	0	32472	
4089	0	32503	
4090	0	32607	
4091	0	32695	
4092	0	32731	
4093	0	32766	
4094	0	32806	
4095	0	32809	
4096	0	32980	
4097	0	32967	
4098	0	33009	
4099	0	32948	
4100	0	32970	
4101	0	32937	
4102	0	32964	
4103	0	32852	
4104	0	32300	
4105	0	32187	
4106	0	32246	
4107	0	32385	
4108	0	32362	
4109	0	32647	
4110	0	32967	
4111	0	33311	
4112	0	33406	
4113	0	33424	
4114	0	33510	
4115	0	33879	
4116	0	33893	
4117	0	33513	
4118	0	33175	
4119	0	33123	
4120	0	33031	
4121	0	32691	
4122	0	30141	
4123	0	27904	
4124	0	28972	
4125	0	31175	
4126	0	33192	
4127	0	34744	
4128	0	35170	
4129	0	34522	
4130	0	34180	
4131	0	34150	
4132	0	33781	
4133	0	33879	
4134	0	34055	
4135	0	34175	
4136	0	34311	
4137	0	34477	
4138	0	34560	
4139	0	34093	
4140	0	33545	
4141	0	32606	
4142	0	31845	
4143	0	31637	
4144	0	30629	
4145	0	29484	
4146	0	29884	
4147	0	28976	
4148	0	26942	
4149	0	24718	
4150	0	26105	
4151	0	30314	
4152	0	35172	
4153	0	39448	
4154	0	42276	
4155	0	43172	
4156	0	42112	
4157	0	39242	
4158	0	36276	
4159	0	34136	
4160	0	32431	
4161	0	31058	
4162	0	30434	
4163	0	30146	
4164	0	30164	
4165	0	30352	
4166	0	30578	
4167	0	30707	
4168	0	30960	
4169	0	31319	
4170	0	31531	
4171	0	31605	
4172	0	31604	
4173	0	31637	
4174	0	31996	
4175	0	32668	
4176	0	32844	
4177	0	32960	
4178	0	33273	
4179	0	33618	
4180	0	34122	
4181	0	34462	
4182	0	34063	
4183	0	33520	
4184	0	33181	
4185	0	32876	
4186	0	32882	
4187	0	33020	
4188	0	32876	
4189	0	32685	
4190	0	32639	
4191	0	32535	
4192	0	32493	
4193	0	32510	
4194	0	32529	
4195	0	32564	
4196	0	32439	
4197	0	32415	
4198	0	32498	
4199	0	32490	
4200	0	32668	
4201	0	32726	
4202	0	32443	
4203	0	31405	
4204	0	29613	
4205	0	25913	
4206	0	19429	
4207	0	17480	
4208	0	22611	
4209	0	30575	
4210	0	37632	
4211	0	42652	
4212	0	47152	
4213	0	50062	
4214	0	49909	
4215	0	45774	
4216	0	38456	
4217	0	31822	
4218	0	27681	
4219	0	26317	
4220	0	29487	
4221	0	32972	
4222	0	35740	
4223	0	35778	
4224	0	35519	
4225	0	35623	
4226	0	34490	
4227	0	33555	
4228	0	32887	
4229	0	32086	
4230	0	31871	
4231	0	31608	
4232	0	30670	
4233	0	29714	
4234	0	29322	
4235	0	29747	
4236	0	30107	
4237	0	30569	
4238	0	30761	
4239	0	30952	
4240	0	31319	
4241	0	31532	
4242	0	31860	
4243	0	32016	
4244	0	32067	
4245	0	32260	
4246	0	32399	
4247	0	32510	
4248	0	32691	
4249	0	32871	
4250	0	33008	
4251	0	33057	
4252	0	32991	
4253	0	32993	
4254	0	32994	
4255	0	32987	
4256	0	32907	
4257	0	32988	
4258	0	32947	
4259	0	32890	
4260	0	32991	
4261	0	32976	
4262	0	32985	
4263	0	32952	
4264	0	32972	
4265	0	32946	
4266	0	33004	
4267	0	32927	
4268	0	32932	
4269	0	32963	
4270	0	32972	
4271	0	32737	
4272	0	32763	
4273	0	32807	
4274	0	32843	
4275	0	32871	
4276	0	32863	
4277	0	32938	
4278	0	32945	
4279	0	32980	
4280	0	32961	
4281	0	32764	
4282	0	32753	
4283	0	32766	
4284	0	32851	
4285	0	32865	
4286	0	32868	
4287	0	32847	
4288	0	32919	
4289	0	33103	
4290	0	33287	
4291	0	33190	
4292	0	32989	
4293	0	32848	
4294	0	32446	
4295	0	32388	
4296	0	32320	
4297	0	32470	
4298	0	32375	
4299	0	32221	
4300	0	32599	
4301	0	33314	
4302	0	33735	
4303	0	34077	
4304	0	34236	
4305	0	34225	
4306	0	34190	
4307	0	34148	
4308	0	33578	
4309	0	32775	
4310	0	32335	
4311	0	32299	
4312	0	32397	
4313	0	32340	
4314	0	32380	
4315	0	32458	
4316	0	32379	
4317	0	32439	
4318	0	32642	
4319	0	32551	
4320	0	31791	
4321	0	31431	
4322	0	31620	
4323	0	32004	
4324	0	32556	
4325	0	33069	
4326	0	33318	
4327	0	32801	
4328	0	32956	
4329	0	33124	
4330	0	33081	
4331	0	32120	
4332	0	30298	
4333	0	28146	
4334	0	28736	
4335	0	31233	
4336	0	33951	
4337	0	35521	
4338	0	36346	
4339	0	37244	
4340	0	37827	
4341	0	37452	
4342	0	36381	
4343	0	35192	
4344	0	33854	
4345	0	33043	
4346	0	32376	
4347	0	31932	
4348	0	31731	
4349	0	31538	
4350	0	31399	
4351	0	31334	
4352	0	31516	
4353	0	31657	
4354	0	31738	
4355	0	31776	
4356	0	31961	
4357	0	32071	
4358	0	32188	
4359	0	32284	
4360	0	32432	
4361	0	32494	
4362	0	32605	
4363	0	32636	
4364	0	32647	
4365	0	32644	
4366	0	32690	
4367	0	32871	
4368	0	32854	
4369	0	32885	
4370	0	32882	
4371	0	32932	
4372	0	32897	
4373	0	32890	
4374	0	32914	
4375	0	32835	
4376	0	32805	
4377	0	32642	
4378	0	32612	
4379	0	32661	
4380	0	32824	
4381	0	32538	
4382	0	31778	
4383	0	30839	
4384	0	29322	
4385	0	27506	
4386	0	27469	
4387	0	27840	
4388	0	26872	
4389	0	26978	
4390	0	31278	
4391	0	36472	
4392	0	41626	
4393	0	44800	
4394	0	45703	
4395	0	45499	
4396	0	43551	
4397	0	40644	
4398	0	37307	
4399	0	34112	
4400	0	30816	
4401	0	27596	
4402	0	25971	
4403	0	23840	
4404	0	24578	
4405	0	27545	
4406	0	30933	
4407	0	34000	
4408	0	36109	
4409	0	37090	
4410	0	37383	
4411	0	36700	
4412	0	35146	
4413	0	32876	
4414	0	31154	
4415	0	30512	
4416	0	30575	
4417	0	29998	
4418	0	25930	
4419	0	24189	
4420	0	26648	
4421	0	30224	
4422	0	33148	
4423	0	35847	
4424	0	38132	
4425	0	39109	
4426	0	39213	
4427	0	36959	
4428	0	34402	
4429	0	32573	
4430	0	31678	
4431	0	31186	
4432	0	31122	
4433	0	31111	
4434	0	31303	
4435	0	31570	
4436	0	31721	
4437	0	31855	
4438	0	32135	
4439	0	32158	
4440	0	32198	
4441	0	32341	
4442	0	32213	
4443	0	32082	
4444	0	31544	
4445	0	31416	
4446	0	31794	
4447	0	31657	
4448	0	31892	
4449	0	32652	
4450	0	32903	
4451	0	32568	
4452	0	31373	
4453	0	30628	
4454	0	31655	
4455	0	33301	
4456	0	34589	
4457	0	35686	
4458	0	37277	
4459	0	38626	
4460	0	38668	
4461	0	36103	
4462	0	31721	
4463	0	22928	
4464	0	19911	
4465	0	23723	
4466	0	29582	
4467	0	35050	
4468	0	39618	
4469	0	42999	
4470	0	44545	
4471	0	44575	
4472	0	42652	
4473	0	39089	
4474	0	35133	
4475	0	32117	
4476	0	30072	
4477	0	28756	
4478	0	27174	
4479	0	26986	
4480	0	27950	
4481	0	29156	
4482	0	29548	
4483	0	29575	
4484	0	29736	
4485	0	30934	
4486	0	32619	
4487	0	33742	
4488	0	34498	
4489	0	35055	
4490	0	35141	
4491	0	34787	
4492	0	33735	
4493	0	32932	
4494	0	32257	
4495	0	31890	
4496	0	31808	
4497	0	31814	
4498	0	31909	
4499	0	31961	
4500	0	31974	
4501	0	30695	
4502	0	30334	
4503	0	30535	
4504	0	31163	
4505	0	32196	
4506	0	33493	
4507	0	34791	
4508	0	35669	
4509	0	35728	
4510	0	35199	
4511	0	35005	
4512	0	34686	
4513	0	33794	
4514	0	32827	
4515	0	32187	
4516	0	31980	
4517	0	31931	
4518	0	32107	
4519	0	32233	
4520	0	32363	
4521	0	32423	
4522	0	32512	
4523	0	32510	
4524	0	32496	
4525	0	32476	
4526	0	32540	
4527	0	32562	
4528	0	32574	
4529	0	32582	
4530	0	32703	
4531	0	32571	
4532	0	32071	
4533	0	29852	
4534	0	27756	
4535	0	26828	
4536	0	26053	
4537	0	26731	
4538	0	29186	
4539	0	32791	
4540	0	35327	
4541	0	36646	
4542	0	39669	
4543	0	42060	
4544	0	43032	
4545	0	42776	
4546	0	41521	
4547	0	38855	
4548	0	36773	
4549	0	34462	
4550	0	32213	
4551	0	30103	
4552	0	29132	
4553	0	29847	
4554	0	29888	
4555	0	29158	
4556	0	29009	
4557	0	30043	
4558	0	31183	
4559	0	32165	
4560	0	33113	
4561	0	33623	
4562	0	33506	
4563	0	33184	
4564	0	31912	
4565	0	30412	
4566	0	30560	
4567	0	31675	
4568	0	32445	
4569	0	33073	
4570	0	33622	
4571	0	33697	
4572	0	33506	
4573	0	33241	
4574	0	32855	
4575	0	32480	
4576	0	32439	
4577	0	32479	
4578	0	32309	
4579	0	32041	
4580	0	32122	
4581	0	32304	
4582	0	32491	
4583	0	32601	
4584	0	32713	
4585	0	32681	
4586	0	32850	
4587	0	32850	
4588	0	32852	
4589	0	32871	
4590	0	32762	
4591	0	32775	
4592	0	32821	
4593	0	32848	
4594	0	32901	
4595	0	32943	
4596	0	32967	
4597	0	32987	
4598	0	32891	
4599	0	32846	
4600	0	32894	
4601	0	32807	
4602	0	32874	
4603	0	32975	
4604	0	32954	
4605	0	32898	
4606	0	32736	
4607	0	32516	
4608	0	32495	
4609	0	32572	
4610	0	32596	
4611	0	32695	
4612	0	32813	
4613	0	32845	
4614	0	32823	
4615	0	32903	
4616	0	33223	
4617	0	33396	
4618	0	33607	
4619	0	33707	
4620	0	33788	
4621	0	33858	
4622	0	33520	
4623	0	33047	
4624	0	32799	
4625	0	32607	
4626	0	32415	
4627	0	32480	
4628	0	32415	
4629	0	32421	
4630	0	32532	
4631	0	32508	
4632	0	32519	
4633	0	32608	
4634	0	32634	
4635	0	32688	
4636	0	32667	
4637	0	32644	
4638	0	32647	
4639	0	32619	
4640	0	32666	
4641	0	32652	
4642	0	32335	
4643	0	32358	
4644	0	32492	
4645	0	32320	
4646	0	32179	
4647	0	31666	
4648	0	32082	
4649	0	32802	
