# OpenSignals Text File Format
# {"00:07:80:FC:57:23": {"sensor": ["EMG"], "device name": "00:07:80:FC:57:23", "column": ["nSeq", "DI", "bicept"], "sync interval": 2, "time": "13:25:13.870", "comments": "", "device connection": "BTH00:07:80:FC:57:23", "channels": [4], "keywords": "", "convertedValues": 0, "digital IO": [0, 1], "mode": 0, "date": "2018-7-9", "firmware version": 773, "device": "biosignalsplux", "position": 0, "sampling rate": 1000, "label": ["bicept"], "resolution": [16], "forcePlatform values": [0.0, 0.0, 0.0, 0.0, 0.0, 0.0, 0.0, 0.0], "special": [{}]}}
# EndOfHeader
0	0	32759	
1	0	32823	
2	0	32710	
3	0	32794	
4	0	32765	
5	0	32722	
6	0	32708	
7	0	32696	
8	0	32664	
9	0	32722	
10	0	32756	
11	0	32760	
12	0	32760	
13	0	32724	
14	0	32700	
15	0	32786	
16	0	32844	
17	0	32827	
18	0	32799	
19	0	32876	
20	0	32837	
21	0	32722	
22	0	32705	
23	0	32756	
24	0	32813	
25	0	32853	
26	0	32785	
27	0	32722	
28	0	32775	
29	0	32733	
30	0	32770	
31	0	32771	
32	0	32818	
33	0	32810	
34	0	32838	
35	0	32805	
36	0	32741	
37	0	32733	
38	0	32775	
39	0	32775	
40	0	32717	
41	0	32764	
42	0	32758	
43	0	32793	
44	0	32805	
45	0	32762	
46	0	32800	
47	0	32792	
48	0	32925	
49	0	32980	
50	0	32956	
51	0	33008	
52	0	32999	
53	0	32868	
54	0	32686	
55	0	32702	
56	0	32761	
57	0	32728	
58	0	32750	
59	0	32720	
60	0	32592	
61	0	32564	
62	0	32631	
63	0	32689	
64	0	32752	
65	0	32762	
66	0	32668	
67	0	32711	
68	0	32842	
69	0	32802	
70	0	32900	
71	0	32823	
72	0	32771	
73	0	32668	
74	0	32644	
75	0	32706	
76	0	32772	
77	0	32756	
78	0	32725	
79	0	32745	
80	0	32784	
81	0	32760	
82	0	32745	
83	0	32682	
84	0	32709	
85	0	32724	
86	0	32748	
87	0	32805	
88	0	32839	
89	0	32850	
90	0	32902	
91	0	32677	
92	0	32717	
93	0	32774	
94	0	32926	
95	0	32894	
96	0	32841	
97	0	32791	
98	0	32677	
99	0	32707	
100	0	32731	
101	0	32775	
102	0	32717	
103	0	32743	
104	0	32751	
105	0	32786	
106	0	32799	
107	0	32876	
108	0	32855	
109	0	32788	
110	0	32775	
111	0	32678	
112	0	32753	
113	0	32763	
114	0	32770	
115	0	32807	
116	0	32795	
117	0	32753	
118	0	32735	
119	0	32750	
120	0	32764	
121	0	32846	
122	0	32822	
123	0	32801	
124	0	32775	
125	0	32696	
126	0	32723	
127	0	32768	
128	0	32843	
129	0	32775	
130	0	32417	
131	0	32317	
132	0	32534	
133	0	32702	
134	0	32817	
135	0	32984	
136	0	33218	
137	0	33222	
138	0	33212	
139	0	33007	
140	0	32808	
141	0	32764	
142	0	32761	
143	0	32759	
144	0	32718	
145	0	32699	
146	0	32670	
147	0	32586	
148	0	32669	
149	0	32750	
150	0	32795	
151	0	32766	
152	0	32677	
153	0	32761	
154	0	32765	
155	0	32757	
156	0	32727	
157	0	32681	
158	0	32791	
159	0	32839	
160	0	32845	
161	0	32814	
162	0	32723	
163	0	32690	
164	0	32711	
165	0	32733	
166	0	32735	
167	0	32754	
168	0	32732	
169	0	32771	
170	0	32719	
171	0	32738	
172	0	32788	
173	0	32765	
174	0	32775	
175	0	32788	
176	0	32951	
177	0	32935	
178	0	32842	
179	0	32785	
180	0	32775	
181	0	32820	
182	0	32764	
183	0	32804	
184	0	32826	
185	0	32797	
186	0	32725	
187	0	32605	
188	0	32669	
189	0	32727	
190	0	32701	
191	0	32766	
192	0	32732	
193	0	32593	
194	0	32743	
195	0	32822	
196	0	32914	
197	0	32802	
198	0	32774	
199	0	32739	
200	0	32775	
201	0	32792	
202	0	32761	
203	0	32730	
204	0	32687	
205	0	32774	
206	0	32784	
207	0	32806	
208	0	32719	
209	0	32702	
210	0	32723	
211	0	32727	
212	0	32749	
213	0	32845	
214	0	32820	
215	0	32822	
216	0	32888	
217	0	32862	
218	0	32849	
219	0	32877	
220	0	32848	
221	0	32834	
222	0	32741	
223	0	32748	
224	0	32757	
225	0	32791	
226	0	32839	
227	0	32768	
228	0	32732	
229	0	32675	
230	0	32759	
231	0	32719	
232	0	32695	
233	0	32703	
234	0	32710	
235	0	32607	
236	0	32687	
237	0	32843	
238	0	32775	
239	0	32855	
240	0	32865	
241	0	32877	
242	0	32867	
243	0	32830	
244	0	32862	
245	0	32861	
246	0	32711	
247	0	32749	
248	0	32722	
249	0	32760	
250	0	32786	
251	0	32775	
252	0	32756	
253	0	32796	
254	0	32775	
255	0	32792	
256	0	32681	
257	0	32733	
258	0	32765	
259	0	32787	
260	0	32809	
261	0	32788	
262	0	32728	
263	0	32761	
264	0	32818	
265	0	32800	
266	0	32607	
267	0	32578	
268	0	32637	
269	0	32689	
270	0	32667	
271	0	32391	
272	0	32488	
273	0	32687	
274	0	32725	
275	0	32926	
276	0	33117	
277	0	33238	
278	0	33306	
279	0	33175	
280	0	33012	
281	0	32871	
282	0	32775	
283	0	32753	
284	0	32676	
285	0	32696	
286	0	32625	
287	0	32653	
288	0	32604	
289	0	32624	
290	0	32726	
291	0	32772	
292	0	32847	
293	0	32806	
294	0	32757	
295	0	32767	
296	0	32630	
297	0	32637	
298	0	32743	
299	0	32765	
300	0	32818	
301	0	32775	
302	0	32703	
303	0	32696	
304	0	32714	
305	0	32765	
306	0	32809	
307	0	32867	
308	0	32793	
309	0	32726	
310	0	32685	
311	0	32736	
312	0	32769	
313	0	32726	
314	0	32770	
315	0	32903	
316	0	32869	
317	0	32750	
318	0	32671	
319	0	32743	
320	0	32745	
321	0	32796	
322	0	32871	
323	0	32824	
324	0	32793	
325	0	32842	
326	0	32839	
327	0	32835	
328	0	32775	
329	0	32752	
330	0	32747	
331	0	32730	
332	0	32766	
333	0	32837	
334	0	32699	
335	0	32751	
336	0	32728	
337	0	32808	
338	0	32878	
339	0	32742	
340	0	32687	
341	0	32639	
342	0	32641	
343	0	32655	
344	0	32679	
345	0	32732	
346	0	32732	
347	0	32827	
348	0	32882	
349	0	32928	
350	0	32924	
351	0	32972	
352	0	32902	
353	0	32753	
354	0	32740	
355	0	32734	
356	0	32704	
357	0	32711	
358	0	32775	
359	0	32818	
360	0	32695	
361	0	32774	
362	0	32674	
363	0	32688	
364	0	32739	
365	0	32748	
366	0	32747	
367	0	32805	
368	0	32770	
369	0	32752	
370	0	32767	
371	0	32768	
372	0	32775	
373	0	32841	
374	0	32800	
375	0	32806	
376	0	32769	
377	0	32722	
378	0	32690	
379	0	32654	
380	0	32766	
381	0	32819	
382	0	32769	
383	0	32758	
384	0	32839	
385	0	32808	
386	0	32854	
387	0	32939	
388	0	32845	
389	0	32813	
390	0	32824	
391	0	32807	
392	0	32706	
393	0	32654	
394	0	32722	
395	0	32690	
396	0	32709	
397	0	32748	
398	0	32554	
399	0	32255	
400	0	32369	
401	0	32740	
402	0	33047	
403	0	33146	
404	0	33190	
405	0	33227	
406	0	33149	
407	0	32959	
408	0	32754	
409	0	32692	
410	0	32591	
411	0	32720	
412	0	32735	
413	0	32774	
414	0	32679	
415	0	32658	
416	0	32685	
417	0	32743	
418	0	32743	
419	0	32806	
420	0	32775	
421	0	32747	
422	0	32771	
423	0	32711	
424	0	32658	
425	0	32687	
426	0	32713	
427	0	32703	
428	0	32772	
429	0	32839	
430	0	32814	
431	0	32842	
432	0	32993	
433	0	32976	
434	0	32868	
435	0	32732	
436	0	32710	
437	0	32770	
438	0	32838	
439	0	32775	
440	0	32756	
441	0	32818	
442	0	32717	
443	0	32726	
444	0	32733	
445	0	32749	
446	0	32771	
447	0	32773	
448	0	32800	
449	0	32769	
450	0	32848	
451	0	32988	
452	0	32784	
453	0	32578	
454	0	32596	
455	0	32607	
456	0	32723	
457	0	32749	
458	0	32804	
459	0	32808	
460	0	32818	
461	0	32838	
462	0	32793	
463	0	32848	
464	0	32743	
465	0	32807	
466	0	32790	
467	0	32775	
468	0	32726	
469	0	32699	
470	0	32734	
471	0	32766	
472	0	32854	
473	0	32839	
474	0	32772	
475	0	32790	
476	0	32768	
477	0	32748	
478	0	32806	
479	0	32781	
480	0	32775	
481	0	32758	
482	0	32678	
483	0	32752	
484	0	32727	
485	0	32744	
486	0	32671	
487	0	32735	
488	0	32858	
489	0	32949	
490	0	32931	
491	0	32822	
492	0	32711	
493	0	32752	
494	0	32774	
495	0	32711	
496	0	32747	
497	0	32794	
498	0	32829	
499	0	32823	
500	0	32711	
501	0	32703	
502	0	32693	
503	0	32826	
504	0	32834	
505	0	32801	
506	0	32812	
507	0	32751	
508	0	32673	
509	0	32662	
510	0	32693	
511	0	32741	
512	0	32775	
513	0	32767	
514	0	32775	
515	0	32843	
516	0	32855	
517	0	32775	
518	0	32768	
519	0	32752	
520	0	32832	
521	0	32692	
522	0	32368	
523	0	32302	
524	0	32510	
525	0	32674	
526	0	32871	
527	0	33014	
528	0	33205	
529	0	33202	
530	0	33152	
531	0	33031	
532	0	32868	
533	0	32702	
534	0	32647	
535	0	32681	
536	0	32763	
537	0	32681	
538	0	32610	
539	0	32614	
540	0	32680	
541	0	32905	
542	0	32980	
543	0	32808	
544	0	32797	
545	0	32714	
546	0	32691	
547	0	32697	
548	0	32798	
549	0	32665	
550	0	32709	
551	0	32739	
552	0	32793	
553	0	32728	
554	0	32827	
555	0	32828	
556	0	32788	
557	0	32748	
558	0	32813	
559	0	32858	
560	0	32818	
561	0	32750	
562	0	32775	
563	0	32810	
564	0	32782	
565	0	32690	
566	0	32729	
567	0	32745	
568	0	32724	
569	0	32770	
570	0	32681	
571	0	32712	
572	0	32764	
573	0	32766	
574	0	32773	
575	0	32733	
576	0	32726	
577	0	32722	
578	0	32818	
579	0	32708	
580	0	32652	
581	0	32699	
582	0	32804	
583	0	32903	
584	0	32870	
585	0	32734	
586	0	32756	
587	0	32766	
588	0	32761	
589	0	32788	
590	0	32816	
591	0	32798	
592	0	32790	
593	0	32801	
594	0	32791	
595	0	32860	
596	0	32824	
597	0	32820	
598	0	32787	
599	0	32838	
600	0	32808	
601	0	32708	
602	0	32718	
603	0	32728	
604	0	32706	
605	0	32663	
606	0	32802	
607	0	32751	
608	0	32754	
609	0	32720	
610	0	32740	
611	0	32848	
612	0	32827	
613	0	32864	
614	0	32958	
615	0	32839	
616	0	32730	
617	0	32636	
618	0	32864	
619	0	32771	
620	0	32729	
621	0	32647	
622	0	32726	
623	0	32714	
624	0	32763	
625	0	32807	
626	0	32733	
627	0	32817	
628	0	32708	
629	0	32647	
630	0	32647	
631	0	32706	
632	0	32829	
633	0	32836	
634	0	32775	
635	0	32832	
636	0	32864	
637	0	32844	
638	0	32834	
639	0	32837	
640	0	32807	
641	0	32709	
642	0	32762	
643	0	32823	
644	0	32818	
645	0	32765	
646	0	32647	
647	0	32610	
648	0	32730	
649	0	32668	
650	0	32346	
651	0	32254	
652	0	32593	
653	0	32824	
654	0	33039	
655	0	33146	
656	0	33228	
657	0	33345	
658	0	33366	
659	0	33079	
660	0	32764	
661	0	32582	
662	0	32546	
663	0	32586	
664	0	32719	
665	0	32669	
666	0	32706	
667	0	32668	
668	0	32711	
669	0	32775	
670	0	32709	
671	0	32756	
672	0	32748	
673	0	32768	
674	0	32693	
675	0	32775	
676	0	32805	
677	0	32784	
678	0	32742	
679	0	32701	
680	0	32724	
681	0	32775	
682	0	32797	
683	0	32847	
684	0	32700	
685	0	32589	
686	0	32713	
687	0	32818	
688	0	32805	
689	0	32794	
690	0	32843	
691	0	32962	
692	0	32827	
693	0	32758	
694	0	32769	
695	0	32797	
696	0	32736	
697	0	32766	
698	0	32772	
699	0	32660	
700	0	32630	
701	0	32742	
702	0	32807	
703	0	32743	
704	0	32738	
705	0	32830	
706	0	32743	
707	0	32710	
708	0	32708	
709	0	32784	
710	0	32874	
711	0	32950	
712	0	32858	
713	0	32833	
714	0	32887	
715	0	32786	
716	0	32775	
717	0	32761	
718	0	32711	
719	0	32728	
720	0	32643	
721	0	32743	
722	0	32775	
723	0	32753	
724	0	32674	
725	0	32647	
726	0	32692	
727	0	32715	
728	0	32775	
729	0	32829	
730	0	32886	
731	0	32839	
732	0	32895	
733	0	32941	
734	0	32874	
735	0	32796	
736	0	32719	
737	0	32723	
738	0	32682	
739	0	32739	
740	0	32756	
741	0	32785	
742	0	32763	
743	0	32830	
744	0	32876	
745	0	32800	
746	0	32734	
747	0	32740	
748	0	32749	
749	0	32851	
750	0	32809	
751	0	32706	
752	0	32693	
753	0	32813	
754	0	32874	
755	0	32788	
756	0	32733	
757	0	32720	
758	0	32727	
759	0	32812	
760	0	32832	
761	0	32745	
762	0	32711	
763	0	32762	
764	0	32754	
765	0	32799	
766	0	32737	
767	0	32391	
768	0	32376	
769	0	32455	
770	0	32702	
771	0	32928	
772	0	33057	
773	0	33157	
774	0	33115	
775	0	33086	
776	0	33021	
777	0	32807	
778	0	32658	
779	0	32583	
780	0	32667	
781	0	32716	
782	0	32741	
783	0	32631	
784	0	32620	
785	0	32695	
786	0	32772	
787	0	32882	
788	0	32881	
789	0	32767	
790	0	32728	
791	0	32713	
792	0	32799	
793	0	32738	
794	0	32783	
795	0	32818	
796	0	32815	
797	0	32856	
798	0	32784	
799	0	32792	
800	0	32839	
801	0	32783	
802	0	32749	
803	0	32696	
804	0	32698	
805	0	32774	
806	0	32801	
807	0	32766	
808	0	32726	
809	0	32665	
810	0	32699	
811	0	32791	
812	0	32878	
813	0	32846	
814	0	32804	
815	0	32668	
816	0	32668	
817	0	32705	
818	0	32687	
819	0	32796	
820	0	32749	
821	0	32847	
822	0	32875	
823	0	32818	
824	0	32809	
825	0	32713	
826	0	32722	
827	0	32796	
828	0	32814	
829	0	32823	
830	0	32801	
831	0	32774	
832	0	32756	
833	0	32597	
834	0	32546	
835	0	32719	
836	0	32775	
837	0	32817	
838	0	32733	
839	0	32875	
840	0	32928	
841	0	32974	
842	0	32916	
843	0	32908	
844	0	32816	
845	0	32834	
846	0	32831	
847	0	32732	
848	0	32761	
849	0	32759	
850	0	32738	
851	0	32744	
852	0	32827	
853	0	32839	
854	0	32727	
855	0	32711	
856	0	32711	
857	0	32670	
858	0	32673	
859	0	32688	
860	0	32744	
861	0	32864	
862	0	32838	
863	0	32765	
864	0	32689	
865	0	32748	
866	0	32767	
867	0	32752	
868	0	32704	
869	0	32756	
870	0	32764	
871	0	32694	
872	0	32730	
873	0	32719	
874	0	32771	
875	0	32742	
876	0	32775	
877	0	32813	
878	0	32772	
879	0	32761	
880	0	32801	
881	0	32797	
882	0	32790	
883	0	32711	
884	0	32663	
885	0	32679	
886	0	32699	
887	0	32822	
888	0	32788	
889	0	32780	
890	0	32738	
891	0	32809	
892	0	32729	
893	0	32761	
894	0	32717	
895	0	32484	
896	0	32365	
897	0	32487	
898	0	32727	
899	0	32818	
900	0	33031	
901	0	33329	
902	0	33372	
903	0	33321	
904	0	33043	
905	0	32774	
906	0	32598	
907	0	32679	
908	0	32685	
909	0	32745	
910	0	32794	
911	0	32785	
912	0	32731	
913	0	32633	
914	0	32634	
915	0	32639	
916	0	32741	
917	0	32804	
918	0	32828	
919	0	32791	
920	0	32749	
921	0	32725	
922	0	32799	
923	0	32817	
924	0	32780	
925	0	32711	
926	0	32754	
927	0	32732	
928	0	32719	
929	0	32758	
930	0	32784	
931	0	32735	
932	0	32799	
933	0	32812	
934	0	32752	
935	0	32765	
936	0	32784	
937	0	32757	
938	0	32735	
939	0	32760	
940	0	32775	
941	0	32735	
942	0	32729	
943	0	32710	
944	0	32987	
945	0	33030	
946	0	32980	
947	0	32765	
948	0	32729	
949	0	32687	
950	0	32597	
951	0	32646	
952	0	32637	
953	0	32772	
954	0	32858	
955	0	32775	
956	0	32918	
957	0	32911	
958	0	32863	
959	0	32823	
960	0	32698	
961	0	32728	
962	0	32775	
963	0	32702	
964	0	32735	
965	0	32743	
966	0	32775	
967	0	32710	
968	0	32803	
969	0	32759	
970	0	32749	
971	0	32717	
972	0	32680	
973	0	32702	
974	0	32684	
975	0	32716	
976	0	32774	
977	0	32857	
978	0	32901	
979	0	32888	
980	0	32838	
981	0	32807	
982	0	32753	
983	0	32803	
984	0	32809	
985	0	32839	
986	0	32798	
987	0	32772	
988	0	32745	
989	0	32694	
990	0	32816	
991	0	32758	
992	0	32679	
993	0	32661	
994	0	32549	
995	0	32622	
996	0	32760	
997	0	32896	
998	0	32804	
999	0	32850	
1000	0	32710	
1001	0	32775	
1002	0	32804	
1003	0	32836	
1004	0	32772	
1005	0	32805	
1006	0	32917	
1007	0	32978	
1008	0	32878	
1009	0	32761	
1010	0	32669	
1011	0	32809	
1012	0	32876	
1013	0	32831	
1014	0	32827	
1015	0	32775	
1016	0	32726	
1017	0	32734	
1018	0	32748	
1019	0	32637	
1020	0	32644	
1021	0	32741	
1022	0	32751	
1023	0	32770	
1024	0	32792	
1025	0	32775	
1026	0	32749	
1027	0	32743	
1028	0	32805	
1029	0	32647	
1030	0	32135	
1031	0	32205	
1032	0	32544	
1033	0	32750	
1034	0	32866	
1035	0	33056	
1036	0	33202	
1037	0	33245	
1038	0	33206	
1039	0	33106	
1040	0	32871	
1041	0	32759	
1042	0	32663	
1043	0	32673	
1044	0	32743	
1045	0	32813	
1046	0	32645	
1047	0	32658	
1048	0	32730	
1049	0	32763	
1050	0	32830	
1051	0	32818	
1052	0	32715	
1053	0	32710	
1054	0	32767	
1055	0	32730	
1056	0	32740	
1057	0	32807	
1058	0	32832	
1059	0	32817	
1060	0	32740	
1061	0	32695	
1062	0	32732	
1063	0	32804	
1064	0	32801	
1065	0	32679	
1066	0	32694	
1067	0	32719	
1068	0	32808	
1069	0	32798	
1070	0	32775	
1071	0	32755	
1072	0	32807	
1073	0	32820	
1074	0	32718	
1075	0	32820	
1076	0	32764	
1077	0	32775	
1078	0	32742	
1079	0	32747	
1080	0	32679	
1081	0	32730	
1082	0	32711	
1083	0	32738	
1084	0	32804	
1085	0	32813	
1086	0	32920	
1087	0	32828	
1088	0	32916	
1089	0	32799	
1090	0	32525	
1091	0	32549	
1092	0	32775	
1093	0	32839	
1094	0	32809	
1095	0	32832	
1096	0	32814	
1097	0	32711	
1098	0	32801	
1099	0	32789	
1100	0	32851	
1101	0	32741	
1102	0	32713	
1103	0	32765	
1104	0	32774	
1105	0	32809	
1106	0	32852	
1107	0	32856	
1108	0	32861	
1109	0	32757	
1110	0	32791	
1111	0	32781	
1112	0	32860	
1113	0	32793	
1114	0	32753	
1115	0	32722	
1116	0	32711	
1117	0	32726	
1118	0	32775	
1119	0	32696	
1120	0	32683	
1121	0	32759	
1122	0	32741	
1123	0	32665	
1124	0	32768	
1125	0	32789	
1126	0	32816	
1127	0	32774	
1128	0	32829	
1129	0	32792	
1130	0	32814	
1131	0	32838	
1132	0	32952	
1133	0	32839	
1134	0	32707	
1135	0	32570	
1136	0	32728	
1137	0	32823	
1138	0	32738	
1139	0	32684	
1140	0	32890	
1141	0	32831	
1142	0	32822	
1143	0	32784	
1144	0	32774	
1145	0	32760	
1146	0	32774	
1147	0	32838	
1148	0	32753	
1149	0	32768	
1150	0	32813	
1151	0	32642	
1152	0	32341	
1153	0	32359	
1154	0	32562	
1155	0	32726	
1156	0	32952	
1157	0	33092	
1158	0	33174	
1159	0	33303	
1160	0	33069	
1161	0	32805	
1162	0	32621	
1163	0	32666	
1164	0	32811	
1165	0	32864	
1166	0	32826	
1167	0	32670	
1168	0	32551	
1169	0	32628	
1170	0	32710	
1171	0	32677	
1172	0	32727	
1173	0	32774	
1174	0	32748	
1175	0	32745	
1176	0	32736	
1177	0	32775	
1178	0	32871	
1179	0	32818	
1180	0	32886	
1181	0	32884	
1182	0	32852	
1183	0	32762	
1184	0	32698	
1185	0	32683	
1186	0	32727	
1187	0	32688	
1188	0	32681	
1189	0	32744	
1190	0	32806	
1191	0	32806	
1192	0	32825	
1193	0	32731	
1194	0	32807	
1195	0	32794	
1196	0	32796	
1197	0	32806	
1198	0	32775	
1199	0	32808	
1200	0	32775	
1201	0	32765	
1202	0	32735	
1203	0	32786	
1204	0	32788	
1205	0	32744	
1206	0	32713	
1207	0	32674	
1208	0	32775	
1209	0	32801	
1210	0	32740	
1211	0	32701	
1212	0	32816	
1213	0	32920	
1214	0	32848	
1215	0	32799	
1216	0	32820	
1217	0	32750	
1218	0	32629	
1219	0	32709	
1220	0	32786	
1221	0	32813	
1222	0	32820	
1223	0	32757	
1224	0	32798	
1225	0	32821	
1226	0	32468	
1227	0	32295	
1228	0	32565	
1229	0	32710	
1230	0	32929	
1231	0	32994	
1232	0	33087	
1233	0	33169	
1234	0	33190	
1235	0	33021	
1236	0	32831	
1237	0	32705	
1238	0	32626	
1239	0	32706	
1240	0	32765	
1241	0	32729	
1242	0	32536	
1243	0	32481	
1244	0	32487	
1245	0	32574	
1246	0	32721	
1247	0	32950	
1248	0	33023	
1249	0	33022	
1250	0	32999	
1251	0	32775	
1252	0	32775	
1253	0	32682	
1254	0	32680	
1255	0	32749	
1256	0	32726	
1257	0	32702	
1258	0	32802	
1259	0	32789	
1260	0	32837	
1261	0	32759	
1262	0	32692	
1263	0	32752	
1264	0	32711	
1265	0	32722	
1266	0	32768	
1267	0	32801	
1268	0	32876	
1269	0	32887	
1270	0	32803	
1271	0	32805	
1272	0	32753	
1273	0	32786	
1274	0	32695	
1275	0	32707	
1276	0	32655	
1277	0	32680	
1278	0	32647	
1279	0	32732	
1280	0	32862	
1281	0	32933	
1282	0	32924	
1283	0	32812	
1284	0	32830	
1285	0	32842	
1286	0	32775	
1287	0	32754	
1288	0	32716	
1289	0	32677	
1290	0	32324	
1291	0	32172	
1292	0	32338	
1293	0	32560	
1294	0	32701	
1295	0	32758	
1296	0	33127	
1297	0	33270	
1298	0	33272	
1299	0	33095	
1300	0	32800	
1301	0	32752	
1302	0	32832	
1303	0	32807	
1304	0	32902	
1305	0	32954	
1306	0	32685	
1307	0	32284	
1308	0	32168	
1309	0	31892	
1310	0	31676	
1311	0	31883	
1312	0	32420	
1313	0	33071	
1314	0	33922	
1315	0	34461	
1316	0	34600	
1317	0	34468	
1318	0	33991	
1319	0	33321	
1320	0	32839	
1321	0	32450	
1322	0	31982	
1323	0	31915	
1324	0	31935	
1325	0	31690	
1326	0	31815	
1327	0	31847	
1328	0	31905	
1329	0	32144	
1330	0	32472	
1331	0	32937	
1332	0	33332	
1333	0	33607	
1334	0	33671	
1335	0	33449	
1336	0	33227	
1337	0	32919	
1338	0	32809	
1339	0	32692	
1340	0	32642	
1341	0	32684	
1342	0	32666	
1343	0	32620	
1344	0	32573	
1345	0	32825	
1346	0	33036	
1347	0	33069	
1348	0	32935	
1349	0	32811	
1350	0	32614	
1351	0	32562	
1352	0	32537	
1353	0	32676	
1354	0	32734	
1355	0	32720	
1356	0	32799	
1357	0	32732	
1358	0	32678	
1359	0	32711	
1360	0	32807	
1361	0	32797	
1362	0	32813	
1363	0	32856	
1364	0	32839	
1365	0	32681	
1366	0	32630	
1367	0	32647	
1368	0	32701	
1369	0	32799	
1370	0	32410	
1371	0	32436	
1372	0	32699	
1373	0	32929	
1374	0	32759	
1375	0	32775	
1376	0	32690	
1377	0	32296	
1378	0	31828	
1379	0	31988	
1380	0	32175	
1381	0	31922	
1382	0	31878	
1383	0	32255	
1384	0	33268	
1385	0	34194	
1386	0	34834	
1387	0	35150	
1388	0	35156	
1389	0	35044	
1390	0	34671	
1391	0	34126	
1392	0	33321	
1393	0	32296	
1394	0	31474	
1395	0	31129	
1396	0	31008	
1397	0	31206	
1398	0	31668	
1399	0	31825	
1400	0	31618	
1401	0	31910	
1402	0	32457	
1403	0	32882	
1404	0	33287	
1405	0	33562	
1406	0	33696	
1407	0	33526	
1408	0	33192	
1409	0	32872	
1410	0	32664	
1411	0	32588	
1412	0	32592	
1413	0	32784	
1414	0	32672	
1415	0	32375	
1416	0	32391	
1417	0	32482	
1418	0	32543	
1419	0	32604	
1420	0	32743	
1421	0	32774	
1422	0	32867	
1423	0	32888	
1424	0	32837	
1425	0	32716	
1426	0	32714	
1427	0	32748	
1428	0	32823	
1429	0	32827	
1430	0	32807	
1431	0	32852	
1432	0	32872	
1433	0	32770	
1434	0	32725	
1435	0	32788	
1436	0	32737	
1437	0	32706	
1438	0	32718	
1439	0	32700	
1440	0	32720	
1441	0	32704	
1442	0	32660	
1443	0	32664	
1444	0	32572	
1445	0	32618	
1446	0	32836	
1447	0	32989	
1448	0	33155	
1449	0	33074	
1450	0	33039	
1451	0	32950	
1452	0	32771	
1453	0	32806	
1454	0	32767	
1455	0	32717	
1456	0	32703	
1457	0	32660	
1458	0	32039	
1459	0	31976	
1460	0	32263	
1461	0	32676	
1462	0	32989	
1463	0	33287	
1464	0	33309	
1465	0	33212	
1466	0	33085	
1467	0	33042	
1468	0	33000	
1469	0	33021	
1470	0	32946	
1471	0	32948	
1472	0	33024	
1473	0	32967	
1474	0	32702	
1475	0	32630	
1476	0	32508	
1477	0	32428	
1478	0	32417	
1479	0	32594	
1480	0	32615	
1481	0	32630	
1482	0	32647	
1483	0	32753	
1484	0	32748	
1485	0	32704	
1486	0	32711	
1487	0	32720	
1488	0	32735	
1489	0	32500	
1490	0	32341	
1491	0	32499	
1492	0	32687	
1493	0	32967	
1494	0	33081	
1495	0	33154	
1496	0	33284	
1497	0	33308	
1498	0	33120	
1499	0	32836	
1500	0	32653	
1501	0	32642	
1502	0	32576	
1503	0	32517	
1504	0	32603	
1505	0	32564	
1506	0	32583	
1507	0	32604	
1508	0	32790	
1509	0	33038	
1510	0	33038	
1511	0	33093	
1512	0	32976	
1513	0	32820	
1514	0	32748	
1515	0	32653	
1516	0	32481	
1517	0	32597	
1518	0	32751	
1519	0	32690	
1520	0	32544	
1521	0	32634	
1522	0	32674	
1523	0	32711	
1524	0	32748	
1525	0	32796	
1526	0	32812	
1527	0	32880	
1528	0	32932	
1529	0	32894	
1530	0	32820	
1531	0	32800	
1532	0	32772	
1533	0	32859	
1534	0	32853	
1535	0	32844	
1536	0	32845	
1537	0	32775	
1538	0	32744	
1539	0	32715	
1540	0	32662	
1541	0	32582	
1542	0	32696	
1543	0	32722	
1544	0	32770	
1545	0	32755	
1546	0	32807	
1547	0	32818	
1548	0	32784	
1549	0	32860	
1550	0	32826	
1551	0	32736	
1552	0	32744	
1553	0	32655	
1554	0	32662	
1555	0	32738	
1556	0	32796	
1557	0	32849	
1558	0	32903	
1559	0	32938	
1560	0	32871	
1561	0	32791	
1562	0	32723	
1563	0	32726	
1564	0	32765	
1565	0	32792	
1566	0	32736	
1567	0	32721	
1568	0	32685	
1569	0	32808	
1570	0	32735	
1571	0	32706	
1572	0	32741	
1573	0	32762	
1574	0	32802	
1575	0	32819	
1576	0	32816	
1577	0	32789	
1578	0	32800	
1579	0	32742	
1580	0	32703	
1581	0	32438	
1582	0	32363	
1583	0	32615	
1584	0	32747	
1585	0	32896	
1586	0	33069	
1587	0	33152	
1588	0	33207	
1589	0	33154	
1590	0	32983	
1591	0	32800	
1592	0	32726	
1593	0	32617	
1594	0	32583	
1595	0	32688	
1596	0	32664	
1597	0	32663	
1598	0	32568	
1599	0	32623	
1600	0	32751	
1601	0	32690	
1602	0	32723	
1603	0	32832	
1604	0	32770	
1605	0	32879	
1606	0	32850	
1607	0	32796	
1608	0	32639	
1609	0	32629	
1610	0	32717	
1611	0	32807	
1612	0	32912	
1613	0	32912	
1614	0	33014	
1615	0	32903	
1616	0	32832	
1617	0	32956	
1618	0	32879	
1619	0	32759	
1620	0	32690	
1621	0	32711	
1622	0	32716	
1623	0	32647	
1624	0	32729	
1625	0	32871	
1626	0	32932	
1627	0	32828	
1628	0	32735	
1629	0	32835	
1630	0	32903	
1631	0	32915	
1632	0	32813	
1633	0	32773	
1634	0	32670	
1635	0	32667	
1636	0	32659	
1637	0	32679	
1638	0	32642	
1639	0	32745	
1640	0	32792	
1641	0	32746	
1642	0	32684	
1643	0	32744	
1644	0	32797	
1645	0	32792	
1646	0	32717	
1647	0	32671	
1648	0	32685	
1649	0	32670	
1650	0	32628	
1651	0	32723	
1652	0	32770	
1653	0	32765	
1654	0	32864	
1655	0	32570	
1656	0	32488	
1657	0	32669	
1658	0	32784	
1659	0	32816	
1660	0	32935	
1661	0	33183	
1662	0	33253	
1663	0	33223	
1664	0	32994	
1665	0	32695	
1666	0	32519	
1667	0	32589	
1668	0	32666	
1669	0	32756	
1670	0	32806	
1671	0	32647	
1672	0	32706	
1673	0	32282	
1674	0	31744	
1675	0	32210	
1676	0	32745	
1677	0	33144	
1678	0	33374	
1679	0	33620	
1680	0	33799	
1681	0	33606	
1682	0	33237	
1683	0	32620	
1684	0	32348	
1685	0	32319	
1686	0	32481	
1687	0	32702	
1688	0	32653	
1689	0	32480	
1690	0	32402	
1691	0	32259	
1692	0	32154	
1693	0	32308	
1694	0	32647	
1695	0	33078	
1696	0	33210	
1697	0	33111	
1698	0	33023	
1699	0	33037	
1700	0	33143	
1701	0	33078	
1702	0	32905	
1703	0	32688	
1704	0	32637	
1705	0	32659	
1706	0	32720	
1707	0	32725	
1708	0	32655	
1709	0	32784	
1710	0	33014	
1711	0	33063	
1712	0	32981	
1713	0	32886	
1714	0	32876	
1715	0	32876	
1716	0	32955	
1717	0	32756	
1718	0	32444	
1719	0	32438	
1720	0	32465	
1721	0	32444	
1722	0	32647	
1723	0	32746	
1724	0	32650	
1725	0	32402	
1726	0	32546	
1727	0	32845	
1728	0	33027	
1729	0	33074	
1730	0	33141	
1731	0	33103	
1732	0	32235	
1733	0	31175	
1734	0	31425	
1735	0	32084	
1736	0	32799	
1737	0	33248	
1738	0	32944	
1739	0	32224	
1740	0	31574	
1741	0	31136	
1742	0	31444	
1743	0	32549	
1744	0	33822	
1745	0	35074	
1746	0	35335	
1747	0	35017	
1748	0	34959	
1749	0	35491	
1750	0	35640	
1751	0	34694	
1752	0	33742	
1753	0	33119	
1754	0	32318	
1755	0	31273	
1756	0	30776	
1757	0	30951	
1758	0	31391	
1759	0	31844	
1760	0	32271	
1761	0	32455	
1762	0	32285	
1763	0	31188	
1764	0	29621	
1765	0	29783	
1766	0	30805	
1767	0	31222	
1768	0	31973	
1769	0	32785	
1770	0	34171	
1771	0	33574	
1772	0	32487	
1773	0	30764	
1774	0	27424	
1775	0	26477	
1776	0	27784	
1777	0	30569	
1778	0	34587	
1779	0	37588	
1780	0	39685	
1781	0	42066	
1782	0	43597	
1783	0	42991	
1784	0	39706	
1785	0	36721	
1786	0	34452	
1787	0	31472	
1788	0	28892	
1789	0	27870	
1790	0	26356	
1791	0	25196	
1792	0	25233	
1793	0	26944	
1794	0	29868	
1795	0	33440	
1796	0	37435	
1797	0	40006	
1798	0	40704	
1799	0	39488	
1800	0	36384	
1801	0	32359	
1802	0	29322	
1803	0	24892	
1804	0	21939	
1805	0	23354	
1806	0	27936	
1807	0	33844	
1808	0	37048	
1809	0	39370	
1810	0	37812	
1811	0	36120	
1812	0	35843	
1813	0	35246	
1814	0	33287	
1815	0	31308	
1816	0	30909	
1817	0	30765	
1818	0	29372	
1819	0	28474	
1820	0	28814	
1821	0	30979	
1822	0	33887	
1823	0	33812	
1824	0	33356	
1825	0	31316	
1826	0	30333	
1827	0	31743	
1828	0	32336	
1829	0	33206	
1830	0	35172	
1831	0	35123	
1832	0	34668	
1833	0	34263	
1834	0	32888	
1835	0	31346	
1836	0	30164	
1837	0	27340	
1838	0	20359	
1839	0	22530	
1840	0	26016	
1841	0	30552	
1842	0	41517	
1843	0	52089	
1844	0	55303	
1845	0	48484	
1846	0	43848	
1847	0	43676	
1848	0	44105	
1849	0	41613	
1850	0	38226	
1851	0	33798	
1852	0	28153	
1853	0	22233	
1854	0	17152	
1855	0	14504	
1856	0	11358	
1857	0	9759	
1858	0	9095	
1859	0	16250	
1860	0	26880	
1861	0	35465	
1862	0	36332	
1863	0	36584	
1864	0	40720	
1865	0	46563	
1866	0	50960	
1867	0	50650	
1868	0	46024	
1869	0	38155	
1870	0	34664	
1871	0	36143	
1872	0	40267	
1873	0	45112	
1874	0	46968	
1875	0	42228	
1876	0	33501	
1877	0	21896	
1878	0	11532	
1879	0	10952	
1880	0	16285	
1881	0	18800	
1882	0	17936	
1883	0	20508	
1884	0	29113	
1885	0	39108	
1886	0	48064	
1887	0	52784	
1888	0	50646	
1889	0	43970	
1890	0	34176	
1891	0	27620	
1892	0	28488	
1893	0	27943	
1894	0	24377	
1895	0	23512	
1896	0	27952	
1897	0	34002	
1898	0	37081	
1899	0	35398	
1900	0	35300	
1901	0	37476	
1902	0	41920	
1903	0	42623	
1904	0	42364	
1905	0	38073	
1906	0	28900	
1907	0	24158	
1908	0	26100	
1909	0	27852	
1910	0	31204	
1911	0	32674	
1912	0	28354	
1913	0	24578	
1914	0	21168	
1915	0	24424	
1916	0	31568	
1917	0	39250	
1918	0	40469	
1919	0	37533	
1920	0	38038	
1921	0	37968	
1922	0	38272	
1923	0	38948	
1924	0	36550	
1925	0	25400	
1926	0	17666	
1927	0	20199	
1928	0	27439	
1929	0	32602	
1930	0	30599	
1931	0	24760	
1932	0	21500	
1933	0	19858	
1934	0	28151	
1935	0	44332	
1936	0	55110	
1937	0	59258	
1938	0	54580	
1939	0	47808	
1940	0	44192	
1941	0	43088	
1942	0	36252	
1943	0	30686	
1944	0	24749	
1945	0	22693	
1946	0	25667	
1947	0	26430	
1948	0	26020	
1949	0	23742	
1950	0	21270	
1951	0	21058	
1952	0	26077	
1953	0	28004	
1954	0	26065	
1955	0	21220	
1956	0	18432	
1957	0	27269	
1958	0	38950	
1959	0	42365	
1960	0	40955	
1961	0	39942	
1962	0	41863	
1963	0	38044	
1964	0	31664	
1965	0	31672	
1966	0	39780	
1967	0	49716	
1968	0	52172	
1969	0	46408	
1970	0	40112	
1971	0	37954	
1972	0	35634	
1973	0	24860	
1974	0	10062	
1975	0	1763	
1976	0	5040	
1977	0	8757	
1978	0	12839	
1979	0	27940	
1980	0	38750	
1981	0	44352	
1982	0	45383	
1983	0	45762	
1984	0	48772	
1985	0	50738	
1986	0	47801	
1987	0	38736	
1988	0	34213	
1989	0	39890	
1990	0	52268	
1991	0	54040	
1992	0	51804	
1993	0	44533	
1994	0	26216	
1995	0	24176	
1996	0	21418	
1997	0	7463	
1998	0	26	
1999	0	2674	
2000	0	6714	
2001	0	16183	
2002	0	29580	
2003	0	37790	
2004	0	40070	
2005	0	43522	
2006	0	49026	
2007	0	53487	
2008	0	54616	
2009	0	50869	
2010	0	46514	
2011	0	44566	
2012	0	42118	
2013	0	35852	
2014	0	26622	
2015	0	18255	
2016	0	12303	
2017	0	5736	
2018	0	11274	
2019	0	19694	
2020	0	25485	
2021	0	27352	
2022	0	28348	
2023	0	26166	
2024	0	25819	
2025	0	23494	
2026	0	23602	
2027	0	30156	
2028	0	33738	
2029	0	37072	
2030	0	43512	
2031	0	43158	
2032	0	32610	
2033	0	31836	
2034	0	39400	
2035	0	49416	
2036	0	58164	
2037	0	60492	
2038	0	55129	
2039	0	45680	
2040	0	40934	
2041	0	39724	
2042	0	37789	
2043	0	34814	
2044	0	32348	
2045	0	34020	
2046	0	35648	
2047	0	33358	
2048	0	22951	
2049	0	10811	
2050	0	696	
2051	0	1835	
2052	0	5914	
2053	0	9536	
2054	0	21544	
2055	0	29904	
2056	0	31728	
2057	0	33920	
2058	0	37645	
2059	0	42924	
2060	0	48330	
2061	0	51810	
2062	0	52325	
2063	0	53908	
2064	0	52792	
2065	0	52084	
2066	0	52400	
2067	0	50992	
2068	0	46208	
2069	0	38421	
2070	0	30354	
2071	0	25280	
2072	0	19038	
2073	0	10694	
2074	0	6592	
2075	0	6375	
2076	0	10757	
2077	0	16551	
2078	0	18814	
2079	0	22280	
2080	0	24501	
2081	0	24792	
2082	0	23656	
2083	0	25156	
2084	0	32130	
2085	0	40880	
2086	0	48716	
2087	0	55668	
2088	0	58348	
2089	0	59970	
2090	0	58432	
2091	0	55298	
2092	0	43761	
2093	0	33006	
2094	0	23904	
2095	0	20794	
2096	0	17476	
2097	0	5836	
2098	0	3208	
2099	0	6834	
2100	0	15948	
2101	0	29088	
2102	0	33792	
2103	0	32964	
2104	0	31969	
2105	0	37816	
2106	0	42594	
2107	0	47066	
2108	0	49452	
2109	0	49981	
2110	0	44973	
2111	0	39754	
2112	0	40536	
2113	0	44668	
2114	0	42224	
2115	0	38074	
2116	0	33593	
2117	0	32252	
2118	0	36304	
2119	0	39892	
2120	0	37664	
2121	0	28540	
2122	0	20546	
2123	0	18875	
2124	0	20214	
2125	0	18808	
2126	0	21574	
2127	0	24609	
2128	0	24892	
2129	0	24365	
2130	0	26943	
2131	0	31751	
2132	0	34678	
2133	0	34268	
2134	0	29534	
2135	0	26164	
2136	0	27680	
2137	0	33320	
2138	0	38204	
2139	0	40612	
2140	0	41912	
2141	0	43856	
2142	0	46898	
2143	0	47588	
2144	0	42992	
2145	0	34144	
2146	0	27234	
2147	0	25434	
2148	0	27769	
2149	0	25659	
2150	0	19900	
2151	0	19027	
2152	0	22556	
2153	0	27523	
2154	0	31876	
2155	0	28786	
2156	0	14040	
2157	0	12522	
2158	0	14849	
2159	0	34278	
2160	0	50072	
2161	0	58064	
2162	0	55614	
2163	0	50060	
2164	0	52788	
2165	0	57917	
2166	0	56040	
2167	0	53206	
2168	0	43824	
2169	0	35250	
2170	0	39110	
2171	0	40636	
2172	0	32744	
2173	0	19248	
2174	0	8968	
2175	0	7250	
2176	0	10964	
2177	0	15124	
2178	0	18692	
2179	0	23615	
2180	0	27718	
2181	0	31384	
2182	0	34374	
2183	0	37050	
2184	0	38824	
2185	0	38876	
2186	0	37913	
2187	0	36430	
2188	0	34771	
2189	0	33167	
2190	0	30640	
2191	0	28676	
2192	0	29247	
2193	0	31522	
2194	0	32292	
2195	0	28039	
2196	0	26490	
2197	0	22808	
2198	0	16882	
2199	0	17137	
2200	0	24746	
2201	0	35144	
2202	0	40157	
2203	0	31981	
2204	0	26973	
2205	0	32638	
2206	0	43864	
2207	0	53114	
2208	0	57340	
2209	0	51296	
2210	0	45410	
2211	0	46632	
2212	0	50348	
2213	0	50296	
2214	0	40618	
2215	0	20872	
2216	0	9663	
2217	0	15140	
2218	0	24381	
2219	0	23898	
2220	0	8266	
2221	0	6837	
2222	0	9956	
2223	0	12936	
2224	0	33280	
2225	0	45260	
2226	0	46619	
2227	0	42816	
2228	0	46620	
2229	0	51680	
2230	0	54686	
2231	0	55760	
2232	0	52260	
2233	0	51591	
2234	0	51454	
2235	0	49380	
2236	0	40076	
2237	0	26450	
2238	0	13542	
2239	0	10956	
2240	0	7326	
2241	0	7324	
2242	0	11498	
2243	0	14376	
2244	0	14416	
2245	0	13194	
2246	0	15418	
2247	0	24583	
2248	0	34240	
2249	0	41344	
2250	0	47700	
2251	0	59936	
2252	0	64808	
2253	0	61408	
2254	0	57652	
2255	0	54400	
2256	0	51608	
2257	0	49200	
2258	0	18634	
2259	0	34	
2260	0	21	
2261	0	1610	
2262	0	5936	
2263	0	9550	
2264	0	12618	
2265	0	15262	
2266	0	41620	
2267	0	52204	
2268	0	54168	
2269	0	53405	
2270	0	52000	
2271	0	54614	
2272	0	55410	
2273	0	48839	
2274	0	35975	
2275	0	24734	
2276	0	23121	
2277	0	24202	
2278	0	24195	
2279	0	20080	
2280	0	13819	
2281	0	10996	
2282	0	13975	
2283	0	24143	
2284	0	28680	
2285	0	29497	
2286	0	27852	
2287	0	25016	
2288	0	30038	
2289	0	36968	
2290	0	37355	
2291	0	37416	
2292	0	47251	
2293	0	63389	
2294	0	63418	
2295	0	59661	
2296	0	56103	
2297	0	53085	
2298	0	50480	
2299	0	19652	
2300	0	800	
2301	0	22	
2302	0	2026	
2303	0	5832	
2304	0	9434	
2305	0	12509	
2306	0	15157	
2307	0	17432	
2308	0	38869	
2309	0	42401	
2310	0	43736	
2311	0	52116	
2312	0	65516	
2313	0	64820	
2314	0	60844	
2315	0	57104	
2316	0	53933	
2317	0	51207	
2318	0	48861	
2319	0	32896	
2320	0	2891	
2321	0	25	
2322	0	14	
2323	0	11669	
2324	0	11116	
2325	0	9767	
2326	0	22038	
2327	0	41346	
2328	0	52329	
2329	0	50258	
2330	0	46594	
2331	0	51044	
2332	0	51500	
2333	0	42596	
2334	0	21260	
2335	0	3090	
2336	0	4822	
2337	0	8454	
2338	0	25194	
2339	0	37561	
2340	0	41052	
2341	0	39282	
2342	0	37234	
2343	0	40694	
2344	0	45264	
2345	0	46369	
2346	0	44496	
2347	0	43448	
2348	0	46052	
2349	0	48210	
2350	0	47088	
2351	0	39964	
2352	0	25239	
2353	0	11323	
2354	0	4512	
2355	0	3476	
2356	0	8419	
2357	0	21620	
2358	0	28548	
2359	0	25425	
2360	0	21145	
2361	0	25853	
2362	0	36932	
2363	0	42600	
2364	0	39116	
2365	0	33068	
2366	0	43944	
2367	0	58704	
2368	0	62778	
2369	0	60256	
2370	0	56756	
2371	0	38236	
2372	0	27306	
2373	0	31785	
2374	0	39124	
2375	0	42288	
2376	0	37604	
2377	0	33198	
2378	0	33382	
2379	0	37752	
2380	0	34790	
2381	0	20696	
2382	0	10926	
2383	0	12621	
2384	0	18480	
2385	0	18135	
2386	0	15392	
2387	0	12943	
2388	0	12928	
2389	0	20656	
2390	0	22005	
2391	0	15922	
2392	0	17357	
2393	0	19257	
2394	0	46522	
2395	0	65508	
2396	0	65528	
2397	0	56024	
2398	0	56408	
2399	0	59372	
2400	0	56504	
2401	0	53504	
2402	0	50853	
2403	0	21242	
2404	0	21322	
2405	0	28998	
2406	0	26006	
2407	0	13904	
2408	0	11314	
2409	0	16708	
2410	0	19317	
2411	0	24063	
2412	0	32032	
2413	0	38480	
2414	0	37872	
2415	0	29397	
2416	0	25186	
2417	0	26232	
2418	0	30665	
2419	0	26661	
2420	0	20948	
2421	0	16970	
2422	0	28486	
2423	0	44409	
2424	0	46024	
2425	0	35680	
2426	0	32788	
2427	0	46732	
2428	0	60724	
2429	0	60294	
2430	0	47686	
2431	0	37714	
2432	0	45072	
2433	0	51244	
2434	0	46708	
2435	0	31257	
2436	0	19460	
2437	0	16834	
2438	0	16224	
2439	0	17237	
2440	0	16314	
2441	0	6261	
2442	0	6226	
2443	0	9502	
2444	0	19936	
2445	0	18248	
2446	0	16377	
2447	0	18253	
2448	0	20077	
2449	0	56032	
2450	0	65517	
2451	0	65531	
2452	0	64928	
2453	0	61172	
2454	0	57404	
2455	0	54200	
2456	0	51453	
2457	0	35718	
2458	0	17334	
2459	0	11968	
2460	0	6165	
2461	0	4775	
2462	0	10956	
2463	0	18717	
2464	0	27465	
2465	0	32978	
2466	0	27932	
2467	0	26207	
2468	0	30656	
2469	0	36317	
2470	0	42109	
2471	0	45997	
2472	0	37498	
2473	0	16294	
2474	0	9948	
2475	0	15559	
2476	0	41056	
2477	0	38484	
2478	0	29477	
2479	0	32712	
2480	0	50093	
2481	0	62268	
2482	0	56424	
2483	0	42442	
2484	0	30860	
2485	0	30425	
2486	0	36846	
2487	0	48964	
2488	0	55316	
2489	0	53424	
2490	0	50887	
2491	0	48607	
2492	0	20466	
2493	0	13581	
2494	0	9048	
2495	0	7827	
2496	0	12319	
2497	0	15388	
2498	0	23116	
2499	0	24328	
2500	0	12398	
2501	0	11310	
2502	0	13820	
2503	0	16240	
2504	0	18357	
2505	0	20197	
2506	0	21792	
2507	0	53912	
2508	0	65508	
2509	0	65524	
2510	0	65535	
2511	0	62124	
2512	0	58134	
2513	0	54816	
2514	0	51945	
2515	0	43872	
2516	0	15469	
2517	0	7300	
2518	0	36	
2519	0	1642	
2520	0	5766	
2521	0	9408	
2522	0	12484	
2523	0	33918	
2524	0	44772	
2525	0	49917	
2526	0	51836	
2527	0	50213	
2528	0	44044	
2529	0	24071	
2530	0	7649	
2531	0	9382	
2532	0	12385	
2533	0	15057	
2534	0	46820	
2535	0	57320	
2536	0	61860	
2537	0	63798	
2538	0	60260	
2539	0	56671	
2540	0	53548	
2541	0	50878	
2542	0	23521	
2543	0	9382	
2544	0	1678	
2545	0	21	
2546	0	4645	
2547	0	8444	
2548	0	23170	
2549	0	40048	
2550	0	44660	
2551	0	45292	
2552	0	49404	
2553	0	53940	
2554	0	52464	
2555	0	37240	
2556	0	21332	
2557	0	23368	
2558	0	26348	
2559	0	21042	
2560	0	8696	
2561	0	9283	
2562	0	12195	
2563	0	14855	
2564	0	38534	
2565	0	60960	
2566	0	65512	
2567	0	64740	
2568	0	60481	
2569	0	56770	
2570	0	43420	
2571	0	19584	
2572	0	16917	
2573	0	22261	
2574	0	30084	
2575	0	35541	
2576	0	39795	
2577	0	38820	
2578	0	35689	
2579	0	28445	
2580	0	15533	
2581	0	4213	
2582	0	5612	
2583	0	9095	
2584	0	12215	
2585	0	14896	
2586	0	17211	
2587	0	19201	
2588	0	20930	
2589	0	22441	
2590	0	23732	
2591	0	60328	
2592	0	65516	
2593	0	65528	
2594	0	65528	
2595	0	62736	
2596	0	58660	
2597	0	55238	
2598	0	52344	
2599	0	49842	
2600	0	16384	
2601	0	744	
2602	0	24	
2603	0	1976	
2604	0	6187	
2605	0	9779	
2606	0	12804	
2607	0	15396	
2608	0	17638	
2609	0	19576	
2610	0	21262	
2611	0	22724	
2612	0	23995	
2613	0	26729	
2614	0	34632	
2615	0	56448	
2616	0	65522	
2617	0	65522	
2618	0	65532	
2619	0	63652	
2620	0	59452	
2621	0	55928	
2622	0	52924	
2623	0	10638	
2624	0	26	
2625	0	1727	
2626	0	5966	
2627	0	12232	
2628	0	37904	
2629	0	44184	
2630	0	49461	
2631	0	55752	
2632	0	59044	
2633	0	54256	
2634	0	45616	
2635	0	36214	
2636	0	31687	
2637	0	28281	
2638	0	21133	
2639	0	15900	
2640	0	12386	
2641	0	5179	
2642	0	7112	
2643	0	10408	
2644	0	13337	
2645	0	15856	
2646	0	18033	
2647	0	19926	
2648	0	21559	
2649	0	22992	
2650	0	55098	
2651	0	65518	
2652	0	65524	
2653	0	65528	
2654	0	62880	
2655	0	58781	
2656	0	55359	
2657	0	52437	
2658	0	49918	
2659	0	24812	
2660	0	12116	
2661	0	7494	
2662	0	4147	
2663	0	4250	
2664	0	5840	
2665	0	9287	
2666	0	12362	
2667	0	15014	
2668	0	17302	
2669	0	19286	
2670	0	38858	
2671	0	51892	
2672	0	59204	
2673	0	65520	
2674	0	65532	
2675	0	61895	
2676	0	57977	
2677	0	54672	
2678	0	51848	
2679	0	31748	
2680	0	13996	
2681	0	2808	
2682	0	22	
2683	0	3542	
2684	0	7522	
2685	0	10882	
2686	0	35888	
2687	0	42514	
2688	0	44882	
2689	0	49432	
2690	0	58578	
2691	0	60398	
2692	0	57298	
2693	0	33340	
2694	0	17600	
2695	0	9308	
2696	0	12557	
2697	0	24222	
2698	0	31077	
2699	0	29476	
2700	0	29276	
2701	0	31968	
2702	0	34436	
2703	0	40104	
2704	0	37072	
2705	0	23688	
2706	0	20457	
2707	0	15930	
2708	0	11864	
2709	0	14046	
2710	0	37605	
2711	0	60564	
2712	0	65520	
2713	0	64088	
2714	0	59933	
2715	0	56311	
2716	0	53242	
2717	0	50610	
2718	0	18124	
2719	0	208	
2720	0	23	
2721	0	6466	
2722	0	12820	
2723	0	10641	
2724	0	11444	
2725	0	14073	
2726	0	16474	
2727	0	18562	
2728	0	27108	
2729	0	40260	
2730	0	43568	
2731	0	54236	
2732	0	65517	
2733	0	65516	
2734	0	63224	
2735	0	59100	
2736	0	55618	
2737	0	52656	
2738	0	50119	
2739	0	47930	
2740	0	34000	
2741	0	13492	
2742	0	13770	
2743	0	20014	
2744	0	22320	
2745	0	17805	
2746	0	13554	
2747	0	10278	
2748	0	8526	
2749	0	8258	
2750	0	11236	
2751	0	14006	
2752	0	16427	
2753	0	18518	
2754	0	20338	
2755	0	21916	
2756	0	23290	
2757	0	36716	
2758	0	61166	
2759	0	65520	
2760	0	65524	
2761	0	65516	
2762	0	62020	
2763	0	58057	
2764	0	54744	
2765	0	51916	
2766	0	30640	
2767	0	10666	
2768	0	13557	
2769	0	17062	
2770	0	15440	
2771	0	17438	
2772	0	25707	
2773	0	35225	
2774	0	37234	
2775	0	35592	
2776	0	31174	
2777	0	26826	
2778	0	22308	
2779	0	19714	
2780	0	21118	
2781	0	22754	
2782	0	20776	
2783	0	17791	
2784	0	22636	
2785	0	32458	
2786	0	34196	
2787	0	31790	
2788	0	25070	
2789	0	29997	
2790	0	52680	
2791	0	65524	
2792	0	65532	
2793	0	62302	
2794	0	55172	
2795	0	54778	
2796	0	52354	
2797	0	49892	
2798	0	21716	
2799	0	7756	
2800	0	3296	
2801	0	1484	
2802	0	4242	
2803	0	8022	
2804	0	11292	
2805	0	21070	
2806	0	37752	
2807	0	48160	
2808	0	53536	
2809	0	55664	
2810	0	54888	
2811	0	51169	
2812	0	47824	
2813	0	42100	
2814	0	39591	
2815	0	35520	
2816	0	36056	
2817	0	30300	
2818	0	20837	
2819	0	12546	
2820	0	8543	
2821	0	8710	
2822	0	15504	
2823	0	31834	
2824	0	46264	
2825	0	51537	
2826	0	52120	
2827	0	53502	
2828	0	56111	
2829	0	53908	
2830	0	41821	
2831	0	23340	
2832	0	17817	
2833	0	23000	
2834	0	20152	
2835	0	16198	
2836	0	14550	
2837	0	12351	
2838	0	7859	
2839	0	10408	
2840	0	13276	
2841	0	15794	
2842	0	17982	
2843	0	19870	
2844	0	21511	
2845	0	22944	
2846	0	51296	
2847	0	65508	
2848	0	65535	
2849	0	65528	
2850	0	63356	
2851	0	59202	
2852	0	55692	
2853	0	52720	
2854	0	50182	
2855	0	31642	
2856	0	15846	
2857	0	37	
2858	0	20	
2859	0	2580	
2860	0	6727	
2861	0	10213	
2862	0	13180	
2863	0	29380	
2864	0	37039	
2865	0	35388	
2866	0	29286	
2867	0	24268	
2868	0	32988	
2869	0	50316	
2870	0	60716	
2871	0	62109	
2872	0	58775	
2873	0	58608	
2874	0	56390	
2875	0	47316	
2876	0	31864	
2877	0	12464	
2878	0	26	
2879	0	2254	
2880	0	6379	
2881	0	20159	
2882	0	29084	
2883	0	25136	
2884	0	18176	
2885	0	22989	
2886	0	40841	
2887	0	55582	
2888	0	59266	
2889	0	60872	
2890	0	61059	
2891	0	57716	
2892	0	54472	
2893	0	51692	
2894	0	18434	
2895	0	5536	
2896	0	3865	
2897	0	9273	
2898	0	11634	
2899	0	8562	
2900	0	11240	
2901	0	14016	
2902	0	16446	
2903	0	37644	
2904	0	54508	
2905	0	64104	
2906	0	65520	
2907	0	62908	
2908	0	58896	
2909	0	55476	
2910	0	52528	
2911	0	49990	
2912	0	37110	
2913	0	36329	
2914	0	37797	
2915	0	32465	
2916	0	19380	
2917	0	7494	
2918	0	32	
2919	0	20	
2920	0	3526	
2921	0	7514	
2922	0	10860	
2923	0	13730	
2924	0	16199	
2925	0	18317	
2926	0	41136	
2927	0	49104	
2928	0	44038	
2929	0	41209	
2930	0	55650	
2931	0	65516	
2932	0	63080	
2933	0	59124	
2934	0	55660	
2935	0	36338	
2936	0	39144	
2937	0	38564	
2938	0	25000	
2939	0	7110	
2940	0	1946	
2941	0	8091	
2942	0	18842	
2943	0	23516	
2944	0	14018	
2945	0	11924	
2946	0	21982	
2947	0	53140	
2948	0	65522	
2949	0	64608	
2950	0	55912	
2951	0	55424	
2952	0	54407	
2953	0	46978	
2954	0	24986	
2955	0	8967	
2956	0	112	
2957	0	1998	
2958	0	15466	
2959	0	29488	
2960	0	35632	
2961	0	34566	
2962	0	28848	
2963	0	21493	
2964	0	17062	
2965	0	26560	
2966	0	42646	
2967	0	45968	
2968	0	40168	
2969	0	37808	
2970	0	38429	
2971	0	34226	
2972	0	34872	
2973	0	43335	
2974	0	50109	
2975	0	56264	
2976	0	56360	
2977	0	53654	
2978	0	51015	
2979	0	48688	
2980	0	16309	
2981	0	5044	
2982	0	8664	
2983	0	13754	
2984	0	14184	
2985	0	17612	
2986	0	22006	
2987	0	20298	
2988	0	16234	
2989	0	14479	
2990	0	21688	
2991	0	30761	
2992	0	42013	
2993	0	50214	
2994	0	43206	
2995	0	31849	
2996	0	36432	
2997	0	57492	
2998	0	62716	
2999	0	59576	
3000	0	56122	
3001	0	53096	
3002	0	50480	
3003	0	48228	
3004	0	28612	
3005	0	5344	
3006	0	25	
3007	0	20	
3008	0	3135	
3009	0	7209	
3010	0	27756	
3011	0	43608	
3012	0	46599	
3013	0	38438	
3014	0	35041	
3015	0	39469	
3016	0	42921	
3017	0	36517	
3018	0	22020	
3019	0	13306	
3020	0	16530	
3021	0	32473	
3022	0	40848	
3023	0	41014	
3024	0	37944	
3025	0	38044	
3026	0	45516	
3027	0	43482	
3028	0	30932	
3029	0	17624	
3030	0	7876	
3031	0	9506	
3032	0	12448	
3033	0	38576	
3034	0	64824	
3035	0	65520	
3036	0	62420	
3037	0	58438	
3038	0	55056	
3039	0	52176	
3040	0	49694	
3041	0	46893	
3042	0	25145	
3043	0	21612	
3044	0	17048	
3045	0	8245	
3046	0	538	
3047	0	1521	
3048	0	5596	
3049	0	9248	
3050	0	12340	
3051	0	14996	
3052	0	32500	
3053	0	55428	
3054	0	53748	
3055	0	52533	
3056	0	61852	
3057	0	61372	
3058	0	57904	
3059	0	54648	
3060	0	51832	
3061	0	49389	
3062	0	47292	
3063	0	45464	
3064	0	5478	
3065	0	27	
3066	0	20	
3067	0	1074	
3068	0	17433	
3069	0	29480	
3070	0	37525	
3071	0	36674	
3072	0	27536	
3073	0	15608	
3074	0	10443	
3075	0	12685	
3076	0	26656	
3077	0	36566	
3078	0	38074	
3079	0	41101	
3080	0	47036	
3081	0	50832	
3082	0	47792	
3083	0	31118	
3084	0	25260	
3085	0	27054	
3086	0	39349	
3087	0	39640	
3088	0	26732	
3089	0	24696	
3090	0	32602	
3091	0	43140	
3092	0	46392	
3093	0	39623	
3094	0	30055	
3095	0	30772	
3096	0	48196	
3097	0	58604	
3098	0	56776	
3099	0	53832	
3100	0	51144	
3101	0	48808	
3102	0	46772	
3103	0	22168	
3104	0	5450	
3105	0	22	
3106	0	6645	
3107	0	15602	
3108	0	18208	
3109	0	8710	
3110	0	8920	
3111	0	11838	
3112	0	14530	
3113	0	39018	
3114	0	46411	
3115	0	41356	
3116	0	30608	
3117	0	29554	
3118	0	31040	
3119	0	31672	
3120	0	38321	
3121	0	40964	
3122	0	42610	
3123	0	48688	
3124	0	53888	
3125	0	55224	
3126	0	49559	
3127	0	46260	
3128	0	49122	
3129	0	47876	
3130	0	46640	
3131	0	41330	
3132	0	33339	
3133	0	24094	
3134	0	14021	
3135	0	6356	
3136	0	3205	
3137	0	7407	
3138	0	18135	
3139	0	26560	
3140	0	27037	
3141	0	32356	
3142	0	45460	
3143	0	51760	
3144	0	48825	
3145	0	45160	
3146	0	42178	
3147	0	30372	
3148	0	21436	
3149	0	19848	
3150	0	22956	
3151	0	29097	
3152	0	27552	
3153	0	24490	
3154	0	24468	
3155	0	30621	
3156	0	41142	
3157	0	44004	
3158	0	48000	
3159	0	56568	
3160	0	57287	
3161	0	54523	
3162	0	34956	
3163	0	20158	
3164	0	11702	
3165	0	4562	
3166	0	10220	
3167	0	23327	
3168	0	32898	
3169	0	36410	
3170	0	41831	
3171	0	42317	
3172	0	39296	
3173	0	34896	
3174	0	25512	
3175	0	22095	
3176	0	26550	
3177	0	30274	
3178	0	26353	
3179	0	22023	
3180	0	23328	
3181	0	30880	
3182	0	36773	
3183	0	43107	
3184	0	39888	
3185	0	34584	
3186	0	30276	
3187	0	26921	
3188	0	25370	
3189	0	29604	
3190	0	34964	
3191	0	36980	
3192	0	40076	
3193	0	45826	
3194	0	48754	
3195	0	49928	
3196	0	51568	
3197	0	52026	
3198	0	52560	
3199	0	50760	
3200	0	40956	
3201	0	19780	
3202	0	7772	
3203	0	11364	
3204	0	21063	
3205	0	29392	
3206	0	32899	
3207	0	36856	
3208	0	41720	
3209	0	36688	
3210	0	20818	
3211	0	14884	
3212	0	14894	
3213	0	16465	
3214	0	16850	
3215	0	10881	
3216	0	12096	
3217	0	22357	
3218	0	25798	
3219	0	19059	
3220	0	18688	
3221	0	20331	
3222	0	52002	
3223	0	65512	
3224	0	65529	
3225	0	65524	
3226	0	61304	
3227	0	57444	
3228	0	54228	
3229	0	51468	
3230	0	22032	
3231	0	7216	
3232	0	10389	
3233	0	18240	
3234	0	24496	
3235	0	24808	
3236	0	21348	
3237	0	20096	
3238	0	26026	
3239	0	25286	
3240	0	22042	
3241	0	24568	
3242	0	28820	
3243	0	23360	
3244	0	18641	
3245	0	23610	
3246	0	27017	
3247	0	29632	
3248	0	23264	
3249	0	19308	
3250	0	20630	
3251	0	40268	
3252	0	65504	
3253	0	65518	
3254	0	65530	
3255	0	63076	
3256	0	58945	
3257	0	55474	
3258	0	52544	
3259	0	28028	
3260	0	35	
3261	0	21	
3262	0	2791	
3263	0	6918	
3264	0	10383	
3265	0	13320	
3266	0	15858	
3267	0	32625	
3268	0	41422	
3269	0	44220	
3270	0	54648	
3271	0	65520	
3272	0	64640	
3273	0	60608	
3274	0	56922	
3275	0	53767	
3276	0	51058	
3277	0	48741	
3278	0	46724	
3279	0	23998	
3280	0	21723	
3281	0	21856	
3282	0	20268	
3283	0	13100	
3284	0	6304	
3285	0	2512	
3286	0	4242	
3287	0	7940	
3288	0	11209	
3289	0	14018	
3290	0	16436	
3291	0	39026	
3292	0	42268	
3293	0	37029	
3294	0	38068	
3295	0	47128	
3296	0	58336	
3297	0	61488	
3298	0	53160	
3299	0	40684	
3300	0	33398	
3301	0	29316	
3302	0	20816	
3303	0	16192	
3304	0	11361	
3305	0	13476	
3306	0	17948	
3307	0	15307	
3308	0	18629	
3309	0	33088	
3310	0	52596	
3311	0	65518	
3312	0	65532	
3313	0	62644	
3314	0	58629	
3315	0	55224	
3316	0	52300	
3317	0	31062	
3318	0	12277	
3319	0	11310	
3320	0	23522	
3321	0	31728	
3322	0	33464	
3323	0	30278	
3324	0	24697	
3325	0	15207	
3326	0	5678	
3327	0	7498	
3328	0	13275	
3329	0	19346	
3330	0	32707	
3331	0	52697	
3332	0	65028	
3333	0	62432	
3334	0	60200	
3335	0	56876	
3336	0	53756	
3337	0	51044	
3338	0	35556	
3339	0	17224	
3340	0	4156	
3341	0	24	
3342	0	2108	
3343	0	6282	
3344	0	9832	
3345	0	12858	
3346	0	15443	
3347	0	27002	
3348	0	40144	
3349	0	51932	
3350	0	65458	
3351	0	65528	
3352	0	62774	
3353	0	58758	
3354	0	55324	
3355	0	52414	
3356	0	48632	
3357	0	16586	
3358	0	15156	
3359	0	20116	
3360	0	19560	
3361	0	16345	
3362	0	17648	
3363	0	21808	
3364	0	23816	
3365	0	22610	
3366	0	16504	
3367	0	17594	
3368	0	26448	
3369	0	40148	
3370	0	44049	
3371	0	23732	
3372	0	12816	
3373	0	24244	
3374	0	39544	
3375	0	46181	
3376	0	48825	
3377	0	47212	
3378	0	47751	
3379	0	44547	
3380	0	40796	
3381	0	37992	
3382	0	36816	
3383	0	40128	
3384	0	42842	
3385	0	45196	
3386	0	51640	
3387	0	52496	
3388	0	50337	
3389	0	48166	
3390	0	30152	
3391	0	18364	
3392	0	20930	
3393	0	22784	
3394	0	20464	
3395	0	9950	
3396	0	286	
3397	0	3433	
3398	0	7352	
3399	0	10719	
3400	0	13608	
3401	0	21640	
3402	0	17950	
3403	0	19416	
3404	0	25624	
3405	0	53232	
3406	0	60920	
3407	0	58194	
3408	0	61382	
3409	0	64036	
3410	0	60548	
3411	0	56932	
3412	0	53808	
3413	0	48280	
3414	0	31784	
3415	0	30886	
3416	0	23206	
3417	0	7910	
3418	0	25	
3419	0	2156	
3420	0	6314	
3421	0	22408	
3422	0	23969	
3423	0	17234	
3424	0	25498	
3425	0	41476	
3426	0	42620	
3427	0	38806	
3428	0	32240	
3429	0	38745	
3430	0	48812	
3431	0	37704	
3432	0	19772	
3433	0	19666	
3434	0	46368	
3435	0	64012	
3436	0	62512	
3437	0	58756	
3438	0	55360	
3439	0	52445	
3440	0	49908	
3441	0	47736	
3442	0	37132	
3443	0	10253	
3444	0	7346	
3445	0	12429	
3446	0	16707	
3447	0	14237	
3448	0	8167	
3449	0	6030	
3450	0	9137	
3451	0	12223	
3452	0	15081	
3453	0	39866	
3454	0	39616	
3455	0	24213	
3456	0	16638	
3457	0	26053	
3458	0	55612	
3459	0	65340	
3460	0	58304	
3461	0	55756	
3462	0	60290	
3463	0	57814	
3464	0	54676	
3465	0	51856	
3466	0	33080	
3467	0	18814	
3468	0	21528	
3469	0	29246	
3470	0	31393	
3471	0	26473	
3472	0	24623	
3473	0	29908	
3474	0	36204	
3475	0	32294	
3476	0	21586	
3477	0	10428	
3478	0	4269	
3479	0	6736	
3480	0	10102	
3481	0	13061	
3482	0	15634	
3483	0	17844	
3484	0	41189	
3485	0	35504	
3486	0	34806	
3487	0	58828	
3488	0	65530	
3489	0	65528	
3490	0	61680	
3491	0	57802	
3492	0	54524	
3493	0	51714	
3494	0	49288	
3495	0	42210	
3496	0	13212	
3497	0	3347	
3498	0	23	
3499	0	21	
3500	0	5093	
3501	0	8836	
3502	0	21160	
3503	0	36688	
3504	0	35230	
3505	0	34605	
3506	0	34532	
3507	0	47398	
3508	0	48594	
3509	0	37812	
3510	0	41160	
3511	0	44392	
3512	0	43158	
3513	0	37072	
3514	0	28644	
3515	0	22157	
3516	0	21208	
3517	0	33570	
3518	0	52572	
3519	0	58886	
3520	0	56508	
3521	0	53530	
3522	0	50861	
3523	0	26816	
3524	0	18992	
3525	0	9494	
3526	0	4138	
3527	0	4092	
3528	0	7334	
3529	0	12230	
3530	0	21520	
3531	0	35330	
3532	0	46290	
3533	0	51416	
3534	0	48647	
3535	0	40526	
3536	0	32108	
3537	0	30320	
3538	0	26872	
3539	0	20128	
3540	0	12424	
3541	0	11359	
3542	0	13880	
3543	0	16296	
3544	0	18424	
3545	0	20250	
3546	0	44128	
3547	0	65504	
3548	0	65520	
3549	0	65528	
3550	0	62376	
3551	0	58358	
3552	0	54983	
3553	0	52120	
3554	0	28251	
3555	0	3070	
3556	0	24	
3557	0	1736	
3558	0	12993	
3559	0	24586	
3560	0	30572	
3561	0	30855	
3562	0	24242	
3563	0	13157	
3564	0	25576	
3565	0	44020	
3566	0	51514	
3567	0	52184	
3568	0	46795	
3569	0	38345	
3570	0	22288	
3571	0	12520	
3572	0	16476	
3573	0	25602	
3574	0	37552	
3575	0	49268	
3576	0	60200	
3577	0	62265	
3578	0	58896	
3579	0	55512	
3580	0	52571	
3581	0	50028	
3582	0	26014	
3583	0	17771	
3584	0	16752	
3585	0	14874	
3586	0	10658	
3587	0	8015	
3588	0	9886	
3589	0	8565	
3590	0	11351	
3591	0	14110	
3592	0	16520	
3593	0	18606	
3594	0	20420	
3595	0	21982	
3596	0	30264	
3597	0	55841	
3598	0	65504	
3599	0	65525	
3600	0	65528	
3601	0	62445	
3602	0	58448	
3603	0	55076	
3604	0	52190	
3605	0	49716	
3606	0	22898	
3607	0	19538	
3608	0	35760	
3609	0	47780	
3610	0	47623	
3611	0	23008	
3612	0	804	
3613	0	24	
3614	0	20	
3615	0	10904	
3616	0	21296	
3617	0	25994	
3618	0	26658	
3619	0	29204	
3620	0	35680	
3621	0	45383	
3622	0	53326	
3623	0	49254	
3624	0	35320	
3625	0	33444	
3626	0	38094	
3627	0	41240	
3628	0	24452	
3629	0	5666	
3630	0	6744	
3631	0	10062	
3632	0	13032	
3633	0	32376	
3634	0	55096	
3635	0	54992	
3636	0	54740	
3637	0	59376	
3638	0	59515	
3639	0	56388	
3640	0	53366	
3641	0	50724	
3642	0	35600	
3643	0	24015	
3644	0	9316	
3645	0	3255	
3646	0	2167	
3647	0	3730	
3648	0	17344	
3649	0	35842	
3650	0	48188	
3651	0	49987	
3652	0	48192	
3653	0	50754	
3654	0	51207	
3655	0	39208	
3656	0	24713	
3657	0	19190	
3658	0	20524	
3659	0	25688	
3660	0	29272	
3661	0	19760	
3662	0	13015	
3663	0	8244	
3664	0	10675	
3665	0	13502	
3666	0	15996	
3667	0	24556	
3668	0	39302	
3669	0	42068	
3670	0	47913	
3671	0	60198	
3672	0	65520	
3673	0	63448	
3674	0	59392	
3675	0	55868	
3676	0	52892	
3677	0	50304	
3678	0	48076	
3679	0	21541	
3680	0	7683	
3681	0	7150	
3682	0	9208	
3683	0	7660	
3684	0	4523	
3685	0	7795	
3686	0	11060	
3687	0	14236	
3688	0	34917	
3689	0	39262	
3690	0	31870	
3691	0	20455	
3692	0	16940	
3693	0	27258	
3694	0	49644	
3695	0	65508	
3696	0	65535	
3697	0	44096	
3698	0	41104	
3699	0	57576	
3700	0	58176	
3701	0	55282	
3702	0	41032	
3703	0	15142	
3704	0	18546	
3705	0	35160	
3706	0	46372	
3707	0	46428	
3708	0	40253	
3709	0	33208	
3710	0	20868	
3711	0	13384	
3712	0	12632	
3713	0	12102	
3714	0	12726	
3715	0	10416	
3716	0	11304	
3717	0	18020	
3718	0	21220	
3719	0	16295	
3720	0	17718	
3721	0	19593	
3722	0	45545	
3723	0	65520	
3724	0	65530	
3725	0	65520	
3726	0	61740	
3727	0	57828	
3728	0	54552	
3729	0	51719	
3730	0	8649	
3731	0	25	
3732	0	974	
3733	0	5210	
3734	0	19484	
3735	0	30990	
3736	0	43392	
3737	0	51808	
3738	0	53850	
3739	0	45296	
3740	0	35428	
3741	0	30620	
3742	0	23528	
3743	0	15692	
3744	0	9416	
3745	0	9294	
3746	0	12160	
3747	0	14832	
3748	0	17144	
3749	0	30448	
3750	0	55856	
3751	0	60133	
3752	0	65512	
3753	0	64796	
3754	0	60772	
3755	0	57022	
3756	0	53880	
3757	0	51156	
3758	0	25144	
3759	0	14671	
3760	0	17699	
3761	0	14802	
3762	0	11394	
3763	0	19471	
3764	0	30000	
3765	0	27516	
3766	0	20426	
3767	0	25540	
3768	0	41208	
3769	0	53128	
3770	0	57328	
3771	0	50704	
3772	0	34822	
3773	0	23322	
3774	0	18709	
3775	0	9784	
3776	0	5599	
3777	0	8690	
3778	0	11836	
3779	0	22890	
3780	0	52780	
3781	0	64568	
3782	0	64934	
3783	0	61136	
3784	0	57362	
3785	0	54146	
3786	0	51388	
3787	0	19568	
3788	0	6801	
3789	0	3826	
3790	0	7892	
3791	0	5992	
3792	0	8568	
3793	0	11680	
3794	0	20989	
3795	0	39460	
3796	0	39628	
3797	0	31864	
3798	0	35888	
3799	0	54408	
3800	0	65244	
3801	0	63004	
3802	0	59092	
3803	0	55632	
3804	0	52666	
3805	0	50106	
3806	0	47919	
3807	0	20796	
3808	0	244	
3809	0	22	
3810	0	20	
3811	0	4328	
3812	0	8199	
3813	0	11457	
3814	0	14237	
3815	0	17449	
3816	0	39672	
3817	0	53900	
3818	0	65500	
3819	0	65528	
3820	0	62229	
3821	0	58271	
3822	0	54916	
3823	0	27528	
3824	0	12354	
3825	0	9938	
3826	0	8037	
3827	0	6296	
3828	0	8810	
3829	0	22201	
3830	0	36368	
3831	0	46841	
3832	0	52572	
3833	0	58492	
3834	0	60514	
3835	0	57456	
3836	0	54288	
3837	0	51516	
3838	0	49138	
3839	0	24553	
3840	0	15080	
3841	0	12930	
3842	0	14842	
3843	0	14721	
3844	0	17076	
3845	0	13837	
3846	0	6958	
3847	0	9494	
3848	0	12484	
3849	0	15110	
3850	0	17389	
3851	0	19360	
3852	0	21063	
3853	0	34280	
3854	0	57316	
3855	0	65517	
3856	0	65535	
3857	0	59506	
3858	0	61826	
3859	0	59236	
3860	0	55904	
3861	0	52932	
3862	0	50368	
3863	0	48126	
3864	0	46196	
3865	0	39680	
3866	0	12638	
3867	0	36	
3868	0	23	
3869	0	20	
3870	0	3377	
3871	0	7369	
3872	0	10965	
3873	0	17862	
3874	0	18304	
3875	0	17544	
3876	0	19240	
3877	0	27012	
3878	0	42530	
3879	0	48160	
3880	0	47372	
3881	0	49924	
3882	0	58561	
3883	0	65008	
3884	0	62879	
3885	0	50500	
3886	0	33848	
3887	0	35812	
3888	0	43654	
3889	0	44268	
3890	0	35636	
3891	0	22766	
3892	0	11628	
3893	0	13673	
3894	0	23776	
3895	0	22292	
3896	0	10542	
3897	0	8908	
3898	0	14907	
3899	0	36232	
3900	0	51276	
3901	0	55184	
3902	0	54717	
3903	0	58064	
3904	0	57828	
3905	0	54904	
3906	0	52096	
3907	0	42922	
3908	0	19496	
3909	0	12461	
3910	0	8488	
3911	0	4113	
3912	0	5789	
3913	0	11468	
3914	0	19202	
3915	0	30110	
3916	0	41607	
3917	0	47709	
3918	0	47088	
3919	0	45044	
3920	0	44808	
3921	0	43032	
3922	0	34348	
3923	0	22778	
3924	0	19200	
3925	0	22774	
3926	0	29959	
3927	0	34568	
3928	0	32804	
3929	0	26496	
3930	0	23513	
3931	0	18196	
3932	0	14569	
3933	0	16448	
3934	0	21198	
3935	0	31620	
3936	0	41665	
3937	0	41924	
3938	0	39936	
3939	0	50596	
3940	0	64492	
3941	0	63004	
3942	0	59176	
3943	0	55700	
3944	0	52728	
3945	0	50182	
3946	0	47972	
3947	0	46060	
3948	0	25366	
3949	0	12955	
3950	0	10919	
3951	0	12820	
3952	0	9672	
3953	0	9786	
3954	0	11170	
3955	0	13568	
3956	0	23133	
3957	0	30868	
3958	0	31534	
3959	0	24786	
3960	0	23197	
3961	0	33772	
3962	0	45760	
3963	0	49600	
3964	0	46238	
3965	0	40239	
3966	0	40708	
3967	0	45557	
3968	0	45452	
3969	0	34311	
3970	0	22221	
3971	0	20728	
3972	0	30163	
3973	0	39778	
3974	0	42935	
3975	0	39034	
3976	0	34303	
3977	0	32848	
3978	0	30985	
3979	0	26800	
3980	0	20863	
3981	0	18896	
3982	0	18686	
3983	0	22089	
3984	0	26425	
3985	0	31004	
3986	0	35588	
3987	0	35804	
3988	0	32935	
3989	0	31896	
3990	0	33636	
3991	0	37148	
3992	0	39352	
3993	0	36280	
3994	0	33018	
3995	0	36888	
3996	0	44192	
3997	0	47256	
3998	0	44243	
3999	0	38256	
4000	0	37285	
4001	0	37924	
4002	0	36039	
4003	0	30375	
4004	0	23059	
4005	0	16116	
4006	0	14427	
4007	0	13944	
4008	0	14131	
4009	0	18400	
4010	0	28041	
4011	0	39764	
4012	0	46632	
4013	0	48622	
4014	0	52152	
4015	0	56598	
4016	0	56476	
4017	0	49632	
4018	0	39634	
4019	0	30052	
4020	0	22020	
4021	0	19409	
4022	0	15653	
4023	0	13216	
4024	0	13850	
4025	0	20928	
4026	0	29683	
4027	0	37362	
4028	0	41691	
4029	0	43474	
4030	0	42726	
4031	0	41581	
4032	0	39783	
4033	0	36258	
4034	0	33143	
4035	0	29562	
4036	0	29092	
4037	0	30952	
4038	0	31239	
4039	0	29633	
4040	0	26520	
4041	0	25242	
4042	0	23704	
4043	0	24956	
4044	0	28134	
4045	0	31517	
4046	0	32713	
4047	0	30772	
4048	0	31632	
4049	0	33742	
4050	0	33914	
4051	0	33366	
4052	0	33847	
4053	0	36247	
4054	0	40200	
4055	0	41961	
4056	0	40692	
4057	0	40721	
4058	0	42228	
4059	0	44049	
4060	0	43244	
4061	0	37450	
4062	0	31104	
4063	0	26561	
4064	0	25130	
4065	0	25132	
4066	0	24550	
4067	0	24677	
4068	0	25626	
4069	0	26132	
4070	0	26932	
4071	0	28282	
4072	0	29703	
4073	0	30349	
4074	0	30523	
4075	0	32742	
4076	0	37328	
4077	0	40466	
4078	0	40370	
4079	0	37624	
4080	0	36517	
4081	0	37324	
4082	0	37148	
4083	0	35258	
4084	0	32742	
4085	0	29310	
4086	0	27818	
4087	0	28462	
4088	0	29838	
4089	0	30914	
4090	0	31410	
4091	0	31622	
4092	0	31924	
4093	0	32304	
4094	0	32996	
4095	0	33316	
4096	0	33740	
4097	0	33595	
4098	0	32911	
4099	0	31524	
4100	0	30155	
4101	0	29568	
4102	0	30809	
4103	0	33247	
4104	0	34834	
4105	0	35086	
4106	0	32788	
4107	0	29358	
4108	0	29045	
4109	0	32508	
4110	0	37484	
4111	0	39641	
4112	0	39465	
4113	0	40285	
4114	0	41991	
4115	0	41740	
4116	0	37700	
4117	0	32676	
4118	0	28382	
4119	0	26623	
4120	0	26813	
4121	0	27718	
4122	0	29022	
4123	0	29545	
4124	0	29988	
4125	0	30588	
4126	0	31156	
4127	0	31353	
4128	0	31167	
4129	0	30641	
4130	0	30251	
4131	0	31460	
4132	0	32454	
4133	0	32509	
4134	0	33287	
4135	0	34104	
4136	0	31018	
4137	0	30155	
4138	0	32615	
4139	0	35476	
4140	0	36861	
4141	0	38428	
4142	0	37730	
4143	0	35801	
4144	0	33780	
4145	0	31226	
4146	0	28925	
4147	0	28218	
4148	0	30779	
4149	0	34671	
4150	0	35893	
4151	0	35678	
4152	0	37046	
4153	0	39676	
4154	0	41149	
4155	0	38252	
4156	0	32582	
4157	0	28842	
4158	0	28638	
4159	0	29927	
4160	0	29908	
4161	0	28627	
4162	0	28396	
4163	0	28913	
4164	0	29047	
4165	0	28191	
4166	0	29124	
4167	0	30620	
4168	0	32813	
4169	0	34445	
4170	0	34923	
4171	0	33933	
4172	0	32911	
4173	0	33415	
4174	0	32978	
4175	0	32232	
4176	0	32520	
4177	0	34594	
4178	0	36377	
4179	0	37234	
4180	0	37238	
4181	0	36366	
4182	0	34607	
4183	0	33324	
4184	0	32389	
4185	0	31586	
4186	0	31713	
4187	0	32285	
4188	0	31989	
4189	0	30567	
4190	0	30264	
4191	0	30610	
4192	0	31165	
4193	0	31764	
4194	0	32024	
4195	0	32212	
4196	0	32511	
4197	0	32693	
4198	0	32954	
4199	0	32738	
4200	0	30948	
4201	0	29933	
4202	0	31276	
4203	0	32519	
4204	0	32967	
4205	0	33428	
4206	0	34052	
4207	0	34936	
4208	0	36356	
4209	0	37056	
4210	0	35777	
4211	0	33890	
4212	0	33399	
4213	0	32839	
4214	0	32422	
4215	0	31632	
4216	0	31031	
4217	0	30916	
4218	0	30692	
4219	0	30337	
4220	0	30108	
4221	0	30193	
4222	0	29818	
4223	0	28695	
4224	0	28770	
4225	0	29452	
4226	0	31215	
4227	0	34094	
4228	0	36512	
4229	0	38258	
4230	0	39034	
4231	0	39111	
4232	0	38643	
4233	0	37986	
4234	0	36828	
4235	0	35104	
4236	0	34131	
4237	0	34055	
4238	0	33239	
4239	0	31942	
4240	0	31221	
4241	0	30185	
4242	0	29500	
4243	0	29044	
4244	0	28976	
4245	0	29666	
4246	0	30477	
4247	0	31056	
4248	0	31446	
4249	0	31409	
4250	0	31382	
4251	0	31828	
4252	0	32515	
4253	0	32683	
4254	0	32630	
4255	0	32924	
4256	0	32839	
4257	0	32233	
4258	0	31951	
4259	0	31408	
4260	0	31118	
4261	0	31946	
4262	0	32922	
4263	0	32432	
4264	0	32253	
4265	0	34144	
4266	0	37382	
4267	0	39151	
4268	0	38516	
4269	0	36797	
4270	0	35222	
4271	0	35158	
4272	0	35329	
4273	0	33269	
4274	0	30325	
4275	0	28973	
4276	0	29336	
4277	0	30367	
4278	0	30957	
4279	0	31364	
4280	0	31690	
4281	0	31955	
4282	0	32236	
4283	0	32340	
4284	0	31719	
4285	0	31410	
4286	0	31236	
4287	0	31391	
4288	0	32064	
4289	0	32539	
4290	0	33101	
4291	0	33787	
4292	0	34480	
4293	0	34964	
4294	0	34714	
4295	0	34341	
4296	0	33949	
4297	0	33535	
4298	0	33042	
4299	0	32521	
4300	0	32198	
4301	0	32438	
4302	0	32786	
4303	0	32809	
4304	0	32815	
4305	0	32848	
4306	0	32741	
4307	0	32304	
4308	0	32228	
4309	0	32284	
4310	0	32308	
4311	0	32039	
4312	0	31107	
4313	0	30764	
4314	0	31856	
4315	0	32775	
4316	0	33820	
4317	0	34135	
4318	0	33998	
4319	0	33893	
4320	0	33718	
4321	0	33232	
4322	0	31376	
4323	0	30116	
4324	0	31175	
4325	0	32934	
4326	0	34024	
4327	0	33814	
4328	0	34033	
4329	0	33730	
4330	0	32875	
4331	0	33412	
4332	0	34409	
4333	0	34739	
4334	0	34196	
4335	0	33401	
4336	0	33234	
4337	0	33506	
4338	0	33564	
4339	0	32699	
4340	0	31568	
4341	0	30886	
4342	0	30749	
4343	0	31193	
4344	0	31847	
4345	0	32184	
4346	0	32491	
4347	0	32512	
4348	0	32480	
4349	0	32454	
4350	0	32580	
4351	0	32134	
4352	0	31698	
4353	0	31344	
4354	0	29813	
4355	0	26902	
4356	0	26690	
4357	0	28292	
4358	0	30796	
4359	0	35298	
4360	0	39431	
4361	0	42592	
4362	0	43614	
4363	0	42996	
4364	0	41069	
4365	0	39140	
4366	0	36711	
4367	0	32798	
4368	0	28850	
4369	0	26041	
4370	0	25258	
4371	0	26756	
4372	0	28903	
4373	0	30480	
4374	0	31156	
4375	0	31623	
4376	0	32053	
4377	0	32286	
4378	0	32318	
4379	0	32333	
4380	0	32423	
4381	0	32434	
4382	0	32610	
4383	0	32688	
4384	0	32775	
4385	0	32894	
4386	0	32983	
4387	0	33100	
4388	0	33119	
4389	0	33159	
4390	0	33040	
4391	0	32988	
4392	0	32825	
4393	0	32696	
4394	0	32714	
4395	0	32634	
4396	0	32462	
4397	0	32421	
4398	0	32311	
4399	0	32391	
4400	0	32775	
4401	0	33183	
4402	0	33552	
4403	0	33724	
4404	0	33932	
4405	0	33997	
4406	0	33862	
4407	0	33408	
4408	0	32901	
4409	0	32540	
4410	0	32210	
4411	0	32225	
4412	0	32313	
4413	0	32402	
4414	0	32484	
4415	0	32512	
4416	0	32495	
4417	0	32568	
4418	0	32703	
4419	0	32654	
4420	0	32633	
4421	0	32656	
4422	0	32626	
4423	0	32647	
4424	0	32765	
4425	0	32775	
4426	0	32769	
4427	0	32754	
4428	0	32715	
4429	0	32711	
4430	0	32811	
4431	0	32838	
4432	0	32818	
4433	0	32770	
4434	0	32739	
4435	0	32796	
4436	0	32756	
4437	0	32629	
4438	0	32208	
4439	0	32353	
4440	0	32983	
4441	0	33464	
4442	0	33628	
4443	0	33473	
4444	0	33270	
4445	0	32993	
4446	0	32825	
4447	0	32597	
4448	0	32530	
4449	0	32596	
4450	0	32734	
4451	0	32688	
4452	0	32620	
4453	0	32532	
4454	0	32455	
4455	0	32518	
4456	0	32636	
4457	0	32761	
4458	0	32866	
4459	0	32939	
4460	0	33046	
4461	0	32956	
4462	0	32935	
4463	0	32614	
4464	0	32423	
4465	0	31423	
4466	0	31252	
4467	0	32434	
4468	0	33412	
4469	0	33957	
4470	0	34475	
4471	0	34574	
4472	0	34188	
4473	0	33303	
4474	0	32809	
4475	0	32124	
4476	0	31556	
4477	0	31117	
4478	0	30274	
4479	0	30012	
4480	0	31291	
4481	0	32716	
4482	0	33639	
4483	0	34034	
4484	0	34533	
4485	0	35170	
4486	0	35692	
4487	0	34946	
4488	0	33522	
4489	0	33147	
4490	0	33068	
4491	0	33064	
4492	0	32944	
4493	0	32426	
4494	0	31761	
4495	0	31335	
4496	0	31470	
4497	0	31819	
4498	0	32082	
4499	0	32261	
4500	0	32484	
4501	0	32496	
4502	0	32701	
4503	0	32775	
4504	0	32912	
4505	0	32895	
4506	0	32862	
4507	0	32743	
4508	0	32647	
4509	0	32658	
4510	0	32900	
4511	0	32745	
4512	0	32113	
4513	0	32246	
4514	0	32694	
4515	0	33148	
4516	0	33369	
4517	0	33572	
4518	0	33500	
4519	0	33078	
4520	0	32855	
4521	0	32500	
4522	0	32464	
4523	0	32831	
4524	0	33041	
4525	0	32886	
4526	0	32839	
4527	0	32863	
4528	0	32716	
4529	0	32816	
4530	0	32833	
4531	0	32805	
4532	0	32704	
4533	0	32706	
4534	0	32831	
4535	0	32967	
4536	0	32868	
4537	0	32754	
4538	0	32744	
4539	0	32551	
4540	0	32428	
4541	0	32455	
4542	0	32186	
4543	0	32057	
4544	0	32509	
4545	0	33136	
4546	0	33171	
4547	0	33223	
4548	0	33212	
4549	0	33316	
4550	0	33236	
4551	0	32985	
4552	0	32719	
4553	0	32408	
4554	0	32448	
4555	0	32832	
4556	0	32903	
4557	0	32706	
4558	0	32578	
4559	0	32765	
4560	0	32919	
4561	0	32880	
4562	0	32724	
4563	0	32741	
4564	0	32760	
4565	0	32821	
4566	0	32796	
4567	0	32790	
4568	0	32647	
4569	0	32083	
4570	0	31796	
4571	0	32276	
4572	0	32724	
4573	0	32987	
4574	0	33246	
4575	0	33279	
4576	0	33129	
4577	0	32815	
4578	0	32653	
4579	0	32540	
4580	0	32559	
4581	0	32646	
4582	0	32941	
4583	0	33100	
4584	0	33174	
4585	0	33271	
4586	0	33112	
4587	0	32845	
4588	0	32505	
4589	0	32559	
4590	0	32642	
4591	0	32598	
4592	0	32439	
4593	0	32569	
4594	0	32846	
4595	0	32990	
4596	0	32827	
4597	0	32549	
4598	0	32199	
4599	0	32294	
4600	0	32470	
4601	0	32567	
4602	0	32703	
4603	0	32726	
4604	0	32614	
4605	0	32610	
4606	0	32621	
4607	0	32700	
4608	0	32699	
4609	0	32784	
4610	0	32800	
4611	0	32677	
4612	0	32711	
4613	0	32717	
4614	0	32761	
4615	0	32738	
4616	0	32736	
4617	0	32836	
4618	0	32935	
4619	0	32879	
4620	0	32903	
4621	0	32975	
4622	0	32970	
4623	0	32910	
4624	0	32929	
4625	0	32975	
4626	0	32902	
4627	0	32950	
4628	0	33133	
4629	0	33145	
4630	0	32997	
4631	0	32941	
4632	0	32896	
4633	0	32804	
4634	0	32795	
4635	0	32821	
4636	0	32790	
4637	0	32720	
4638	0	32710	
4639	0	32718	
4640	0	32708	
4641	0	32754	
4642	0	32832	
4643	0	32814	
4644	0	32862	
4645	0	32825	
4646	0	32743	
4647	0	32613	
4648	0	32495	
4649	0	32428	
4650	0	32527	
4651	0	32679	
4652	0	32847	
4653	0	32988	
4654	0	33167	
4655	0	33223	
4656	0	33092	
4657	0	33020	
4658	0	32900	
4659	0	32784	
4660	0	32775	
4661	0	32673	
4662	0	32619	
4663	0	32566	
4664	0	32512	
4665	0	32512	
4666	0	32606	
4667	0	32782	
4668	0	32914	
4669	0	32861	
4670	0	32734	
4671	0	32685	
4672	0	32804	
4673	0	32866	
4674	0	32772	
4675	0	32748	
4676	0	32721	
4677	0	32762	
4678	0	32813	
4679	0	32758	
4680	0	32807	
4681	0	32822	
4682	0	32863	
4683	0	32851	
4684	0	32903	
4685	0	32788	
4686	0	32711	
4687	0	32738	
4688	0	32687	
4689	0	32672	
4690	0	32795	
4691	0	32807	
4692	0	32735	
4693	0	32764	
4694	0	32726	
4695	0	32653	
4696	0	32695	
4697	0	32693	
4698	0	32725	
4699	0	32645	
4700	0	32628	
4701	0	32751	
4702	0	32685	
4703	0	32751	
4704	0	32823	
4705	0	32864	
4706	0	32830	
4707	0	32830	
4708	0	32711	
4709	0	32663	
4710	0	32684	
4711	0	32661	
4712	0	32668	
4713	0	32849	
4714	0	32844	
4715	0	32824	
4716	0	32742	
4717	0	32663	
4718	0	32645	
4719	0	32636	
4720	0	32711	
4721	0	32762	
4722	0	32848	
4723	0	32732	
4724	0	32711	
4725	0	32732	
4726	0	32671	
4727	0	32639	
4728	0	32702	
4729	0	32717	
4730	0	32804	
4731	0	32854	
4732	0	33036	
4733	0	32894	
4734	0	32775	
4735	0	32845	
4736	0	32875	
4737	0	32924	
4738	0	32917	
4739	0	32962	
4740	0	33149	
4741	0	33263	
4742	0	33063	
4743	0	32909	
4744	0	32914	
4745	0	32921	
4746	0	32967	
4747	0	32737	
4748	0	32620	
4749	0	32620	
4750	0	32770	
4751	0	32809	
4752	0	32666	
4753	0	32703	
4754	0	32767	
4755	0	32673	
4756	0	32593	
4757	0	32634	
4758	0	32608	
4759	0	32728	
4760	0	32687	
4761	0	32647	
4762	0	32657	
4763	0	32705	
4764	0	32772	
4765	0	32770	
4766	0	32861	
4767	0	32919	
4768	0	32876	
4769	0	32848	
4770	0	32924	
4771	0	32851	
4772	0	32879	
4773	0	32787	
4774	0	32864	
4775	0	32845	
4776	0	32844	
4777	0	32792	
4778	0	32690	
4779	0	32694	
4780	0	32734	
4781	0	32663	
4782	0	32614	
4783	0	32526	
4784	0	32543	
4785	0	32593	
4786	0	32652	
4787	0	32791	
4788	0	32891	
4789	0	32934	
4790	0	32886	
4791	0	32846	
4792	0	32878	
4793	0	32809	
4794	0	33206	
4795	0	33437	
4796	0	33273	
4797	0	33079	
4798	0	32967	
4799	0	32854	
4800	0	32742	
4801	0	32496	
4802	0	32370	
4803	0	32441	
4804	0	32745	
4805	0	32632	
4806	0	32684	
4807	0	32821	
4808	0	33063	
4809	0	32996	
4810	0	33001	
4811	0	33050	
4812	0	32986	
4813	0	32840	
4814	0	32538	
4815	0	32519	
4816	0	32692	
4817	0	32807	
4818	0	32711	
4819	0	32673	
4820	0	32475	
4821	0	32417	
4822	0	32411	
4823	0	32529	
4824	0	32516	
4825	0	32613	
4826	0	32607	
4827	0	32629	
4828	0	32660	
4829	0	32642	
4830	0	32597	
4831	0	32647	
4832	0	32655	
4833	0	32615	
4834	0	32570	
4835	0	32624	
4836	0	32660	
4837	0	32647	
4838	0	32740	
4839	0	32735	
4840	0	32720	
4841	0	32809	
4842	0	32925	
4843	0	32973	
4844	0	33039	
4845	0	32970	
4846	0	32818	
4847	0	32819	
4848	0	32799	
4849	0	32738	
4850	0	32748	
4851	0	32711	
4852	0	32717	
4853	0	32770	
4854	0	32775	
4855	0	32687	
4856	0	32600	
4857	0	32678	
4858	0	32730	
4859	0	32718	
4860	0	32713	
4861	0	32692	
4862	0	32756	
4863	0	32751	
4864	0	32727	
4865	0	32738	
4866	0	32755	
4867	0	32831	
4868	0	32828	
4869	0	32762	
4870	0	32775	
4871	0	32769	
4872	0	32753	
4873	0	32695	
4874	0	32754	
4875	0	32744	
4876	0	32806	
4877	0	32748	
4878	0	32765	
4879	0	32678	
4880	0	32683	
4881	0	32598	
4882	0	32591	
4883	0	32634	
4884	0	32641	
4885	0	32727	
4886	0	32747	
4887	0	32803	
4888	0	32839	
4889	0	32813	
4890	0	32775	
4891	0	32768	
4892	0	32743	
4893	0	32714	
4894	0	32761	
4895	0	32828	
4896	0	32864	
4897	0	32807	
4898	0	32726	
4899	0	32818	
4900	0	32935	
4901	0	32940	
4902	0	32998	
4903	0	32946	
4904	0	33052	
4905	0	33201	
4906	0	33202	
4907	0	32975	
4908	0	32796	
4909	0	32646	
4910	0	32592	
4911	0	32563	
4912	0	32539	
4913	0	32599	
4914	0	32596	
4915	0	32716	
4916	0	32679	
4917	0	32743	
4918	0	32716	
4919	0	32624	
4920	0	32628	
4921	0	32663	
4922	0	32620	
4923	0	32682	
4924	0	32770	
4925	0	32775	
4926	0	32810	
4927	0	32884	
4928	0	32799	
4929	0	32800	
4930	0	32842	
4931	0	32876	
4932	0	32866	
4933	0	32876	
4934	0	32955	
4935	0	32941	
4936	0	32854	
4937	0	32788	
4938	0	32870	
4939	0	32981	
4940	0	32992	
4941	0	33055	
4942	0	33091	
4943	0	33080	
4944	0	33048	
4945	0	32946	
4946	0	32884	
4947	0	32813	
4948	0	32768	
4949	0	32671	
4950	0	32699	
4951	0	32668	
4952	0	32561	
4953	0	32377	
4954	0	32412	
4955	0	32487	
4956	0	32391	
4957	0	32516	
4958	0	32644	
4959	0	32619	
4960	0	32697	
4961	0	32630	
4962	0	32642	
4963	0	32773	
4964	0	32845	
4965	0	32797	
4966	0	32808	
4967	0	32797	
4968	0	32655	
4969	0	32701	
4970	0	32737	
4971	0	33018	
4972	0	33042	
4973	0	32978	
4974	0	32880	
4975	0	32837	
4976	0	32711	
4977	0	32630	
4978	0	32733	
4979	0	32806	
4980	0	32693	
4981	0	32503	
4982	0	32600	
4983	0	32717	
4984	0	32861	
4985	0	32924	
4986	0	32992	
4987	0	32835	
4988	0	32787	
4989	0	32674	
4990	0	32566	
4991	0	32579	
4992	0	32655	
4993	0	32820	
4994	0	33198	
4995	0	33261	
4996	0	33031	
4997	0	32746	
4998	0	32519	
4999	0	32694	
5000	0	32884	
5001	0	32908	
5002	0	32954	
5003	0	32934	
5004	0	32806	
5005	0	32674	
5006	0	32592	
5007	0	32614	
5008	0	32743	
5009	0	32740	
5010	0	32898	
5011	0	32918	
5012	0	32846	
5013	0	32793	
5014	0	32692	
5015	0	32620	
5016	0	32499	
5017	0	32461	
5018	0	32501	
5019	0	32610	
5020	0	32800	
5021	0	32822	
5022	0	32745	
5023	0	32745	
5024	0	32753	
5025	0	32796	
5026	0	32799	
5027	0	32851	
5028	0	32774	
5029	0	32775	
5030	0	32871	
5031	0	32937	
5032	0	32949	
5033	0	32854	
5034	0	32766	
5035	0	32711	
5036	0	32669	
5037	0	32670	
5038	0	32800	
5039	0	32748	
5040	0	32775	
5041	0	32826	
5042	0	32900	
5043	0	32922	
5044	0	32917	
5045	0	32839	
5046	0	32743	
5047	0	32706	
5048	0	32663	
5049	0	32731	
5050	0	32690	
5051	0	32690	
5052	0	32670	
5053	0	32835	
5054	0	32860	
5055	0	32617	
5056	0	32692	
5057	0	32820	
5058	0	32768	
5059	0	32829	
5060	0	32936	
5061	0	32945	
5062	0	32935	
5063	0	32798	
5064	0	32738	
5065	0	32678	
5066	0	32701	
5067	0	32675	
5068	0	32665	
5069	0	32678	
5070	0	32686	
5071	0	32723	
5072	0	32785	
5073	0	32794	
5074	0	32798	
5075	0	32719	
5076	0	32774	
5077	0	32806	
5078	0	32775	
5079	0	32743	
5080	0	32793	
5081	0	32886	
5082	0	32863	
5083	0	32807	
5084	0	32845	
5085	0	32784	
5086	0	32775	
5087	0	32863	
5088	0	32827	
5089	0	32829	
5090	0	32861	
5091	0	32886	
5092	0	32812	
5093	0	32728	
5094	0	32612	
5095	0	32570	
5096	0	32676	
5097	0	32868	
5098	0	32844	
5099	0	32886	
5100	0	32806	
5101	0	32872	
5102	0	32830	
5103	0	32647	
5104	0	32749	
5105	0	32805	
5106	0	32820	
5107	0	32797	
5108	0	32798	
5109	0	32708	
5110	0	32716	
5111	0	32711	
5112	0	32733	
5113	0	32692	
5114	0	32672	
5115	0	32813	
5116	0	32680	
5117	0	32643	
5118	0	32732	
5119	0	32724	
5120	0	32775	
5121	0	32738	
5122	0	32808	
5123	0	32858	
5124	0	32754	
5125	0	32771	
5126	0	32814	
5127	0	32746	
5128	0	32799	
5129	0	32792	
5130	0	32720	
5131	0	32688	
5132	0	32675	
5133	0	32684	
5134	0	32890	
5135	0	32744	
5136	0	32756	
5137	0	32741	
5138	0	32836	
5139	0	32774	
5140	0	32762	
5141	0	32809	
5142	0	32853	
5143	0	32925	
5144	0	32843	
5145	0	32754	
5146	0	32655	
5147	0	32707	
5148	0	32723	
5149	0	32775	
5150	0	32722	
5151	0	32822	
5152	0	32863	
5153	0	32873	
5154	0	32823	
5155	0	32887	
5156	0	32978	
5157	0	32871	
5158	0	32772	
5159	0	32769	
5160	0	32814	
5161	0	32807	
5162	0	32829	
5163	0	32804	
5164	0	32775	
5165	0	32743	
5166	0	32724	
5167	0	32711	
5168	0	32794	
5169	0	32869	
5170	0	32770	
5171	0	32670	
5172	0	32535	
5173	0	32628	
5174	0	32553	
5175	0	32634	
5176	0	32538	
5177	0	32550	
5178	0	32671	
5179	0	32905	
5180	0	32903	
5181	0	32762	
5182	0	32798	
5183	0	32900	
5184	0	32882	
5185	0	32749	
5186	0	32685	
5187	0	32717	
5188	0	32799	
5189	0	32892	
5190	0	32932	
5191	0	32887	
5192	0	32886	
5193	0	32809	
5194	0	32808	
5195	0	32656	
5196	0	32715	
5197	0	32680	
5198	0	32653	
5199	0	32714	
5200	0	32621	
5201	0	32740	
5202	0	32741	
5203	0	32738	
5204	0	32840	
5205	0	33031	
5206	0	33140	
5207	0	32975	
5208	0	32809	
5209	0	32787	
5210	0	32809	
5211	0	32793	
5212	0	32681	
5213	0	32644	
5214	0	32720	
5215	0	32633	
5216	0	32742	
5217	0	32585	
5218	0	32602	
5219	0	32673	
5220	0	32733	
5221	0	32721	
5222	0	32705	
5223	0	32694	
5224	0	32716	
5225	0	32664	
5226	0	32728	
5227	0	32812	
5228	0	32896	
5229	0	32935	
5230	0	32822	
5231	0	32822	
5232	0	32772	
5233	0	32706	
5234	0	32749	
5235	0	32826	
5236	0	32828	
5237	0	32946	
5238	0	32918	
5239	0	32886	
5240	0	32806	
5241	0	32761	
5242	0	32746	
5243	0	32815	
5244	0	32799	
5245	0	32818	
5246	0	32835	
5247	0	32743	
5248	0	32647	
5249	0	32584	
