# OpenSignals Text File Format
# {"00:07:80:FC:57:23": {"sensor": ["EMG"], "device name": "00:07:80:FC:57:23", "column": ["nSeq", "DI", "trapezio"], "sync interval": 2, "time": "13:23:42.656", "comments": "", "device connection": "BTH00:07:80:FC:57:23", "channels": [1], "keywords": "", "convertedValues": 0, "digital IO": [0, 1], "mode": 0, "date": "2018-7-9", "firmware version": 773, "device": "biosignalsplux", "position": 0, "sampling rate": 1000, "label": ["trapezio"], "resolution": [16], "forcePlatform values": [0.0, 0.0, 0.0, 0.0, 0.0, 0.0, 0.0, 0.0], "special": [{}]}}
# EndOfHeader
0	0	33742	
1	0	34066	
2	0	35032	
3	0	35594	
4	0	35488	
5	0	35307	
6	0	35412	
7	0	35081	
8	0	34071	
9	0	32050	
10	0	29606	
11	0	28007	
12	0	26518	
13	0	25572	
14	0	26301	
15	0	28231	
16	0	30372	
17	0	32365	
18	0	33568	
19	0	34135	
20	0	34085	
21	0	34329	
22	0	34379	
23	0	34335	
24	0	34661	
25	0	34456	
26	0	34323	
27	0	33927	
28	0	33538	
29	0	32892	
30	0	32551	
31	0	32338	
32	0	32792	
33	0	33063	
34	0	32850	
35	0	32346	
36	0	32763	
37	0	33197	
38	0	32950	
39	0	32306	
40	0	31780	
41	0	32034	
42	0	32931	
43	0	33522	
44	0	34339	
45	0	35070	
46	0	34913	
47	0	34290	
48	0	33461	
49	0	32766	
50	0	32077	
51	0	31506	
52	0	31268	
53	0	31468	
54	0	31914	
55	0	32506	
56	0	32727	
57	0	32836	
58	0	33297	
59	0	33485	
60	0	33826	
61	0	33850	
62	0	33619	
63	0	33785	
64	0	34158	
65	0	34839	
66	0	34607	
67	0	33593	
68	0	32832	
69	0	32735	
70	0	32596	
71	0	31728	
72	0	30713	
73	0	30272	
74	0	30120	
75	0	30003	
76	0	30608	
77	0	31004	
78	0	31111	
79	0	31862	
80	0	32620	
81	0	32872	
82	0	32922	
83	0	33119	
84	0	33391	
85	0	33508	
86	0	33612	
87	0	34228	
88	0	34690	
89	0	34791	
90	0	34949	
91	0	34924	
92	0	34887	
93	0	34701	
94	0	34306	
95	0	33684	
96	0	32930	
97	0	32843	
98	0	33991	
99	0	34286	
100	0	33624	
101	0	32443	
102	0	31117	
103	0	29426	
104	0	28177	
105	0	27760	
106	0	27814	
107	0	28898	
108	0	30664	
109	0	32199	
110	0	33166	
111	0	33880	
112	0	34166	
113	0	34191	
114	0	34010	
115	0	33812	
116	0	33654	
117	0	33987	
118	0	34695	
119	0	34701	
120	0	35033	
121	0	35795	
122	0	35588	
123	0	35004	
124	0	34348	
125	0	32919	
126	0	32722	
127	0	32450	
128	0	31420	
129	0	30527	
130	0	29843	
131	0	30104	
132	0	30611	
133	0	31188	
134	0	31547	
135	0	32333	
136	0	33076	
137	0	33787	
138	0	34298	
139	0	34252	
140	0	34171	
141	0	34328	
142	0	34109	
143	0	33490	
144	0	32869	
145	0	32250	
146	0	31574	
147	0	31814	
148	0	32352	
149	0	32560	
150	0	32708	
151	0	33281	
152	0	33620	
153	0	33607	
154	0	33430	
155	0	33141	
156	0	32826	
157	0	32955	
158	0	32922	
159	0	32355	
160	0	32404	
161	0	32882	
162	0	32766	
163	0	32327	
164	0	32272	
165	0	32064	
166	0	32023	
167	0	32245	
168	0	32673	
169	0	33000	
170	0	32769	
171	0	32737	
172	0	32500	
173	0	32130	
174	0	32381	
175	0	33192	
176	0	33888	
177	0	34629	
178	0	35565	
179	0	35503	
180	0	35111	
181	0	34728	
182	0	33756	
183	0	32409	
184	0	31144	
185	0	30564	
186	0	31678	
187	0	32251	
188	0	32020	
189	0	31764	
190	0	32123	
191	0	31769	
192	0	31300	
193	0	30954	
194	0	30668	
195	0	30747	
196	0	31234	
197	0	32331	
198	0	34756	
199	0	35734	
200	0	36077	
201	0	35975	
202	0	35750	
203	0	34676	
204	0	32839	
205	0	30766	
206	0	28969	
207	0	28112	
208	0	28996	
209	0	30432	
210	0	31350	
211	0	32042	
212	0	32879	
213	0	34038	
214	0	34700	
215	0	35232	
216	0	35384	
217	0	35015	
218	0	34311	
219	0	33509	
220	0	32972	
221	0	32521	
222	0	32214	
223	0	32256	
224	0	32463	
225	0	32688	
226	0	32950	
227	0	33476	
228	0	33798	
229	0	33685	
230	0	33607	
231	0	33393	
232	0	33140	
233	0	33137	
234	0	34025	
235	0	34375	
236	0	34819	
237	0	34391	
238	0	33615	
239	0	33442	
240	0	32475	
241	0	31149	
242	0	30012	
243	0	29453	
244	0	29165	
245	0	29788	
246	0	31578	
247	0	32898	
248	0	32829	
249	0	32642	
250	0	32772	
251	0	33151	
252	0	33203	
253	0	32920	
254	0	33314	
255	0	34140	
256	0	34759	
257	0	34447	
258	0	33762	
259	0	33312	
260	0	32574	
261	0	31888	
262	0	31468	
263	0	31529	
264	0	31771	
265	0	32563	
266	0	33552	
267	0	33752	
268	0	33590	
269	0	34026	
270	0	34221	
271	0	33548	
272	0	32682	
273	0	31725	
274	0	31352	
275	0	31156	
276	0	31071	
277	0	31732	
278	0	33071	
279	0	34014	
280	0	35443	
281	0	36596	
282	0	36020	
283	0	34567	
284	0	33021	
285	0	31457	
286	0	30229	
287	0	29821	
288	0	30182	
289	0	31189	
290	0	31916	
291	0	32474	
292	0	32481	
293	0	32186	
294	0	32002	
295	0	32021	
296	0	32125	
297	0	32464	
298	0	33028	
299	0	33871	
300	0	34375	
301	0	34935	
302	0	35925	
303	0	36548	
304	0	35984	
305	0	34703	
306	0	33461	
307	0	32150	
308	0	30464	
309	0	29545	
310	0	29121	
311	0	31013	
312	0	32724	
313	0	33655	
314	0	33654	
315	0	33031	
316	0	32616	
317	0	32516	
318	0	32466	
319	0	32355	
320	0	32407	
321	0	33053	
322	0	33693	
323	0	33700	
324	0	33069	
325	0	32534	
326	0	32394	
327	0	32459	
328	0	32444	
329	0	32474	
330	0	33119	
331	0	33266	
332	0	33404	
333	0	34232	
334	0	34469	
335	0	33991	
336	0	33384	
337	0	32792	
338	0	32148	
339	0	31700	
340	0	31024	
341	0	30735	
342	0	31308	
343	0	31765	
344	0	32187	
345	0	32642	
346	0	32959	
347	0	33440	
348	0	34420	
349	0	35156	
350	0	34838	
351	0	34159	
352	0	33826	
353	0	33225	
354	0	32334	
355	0	32024	
356	0	32535	
357	0	32787	
358	0	33250	
359	0	33729	
360	0	33190	
361	0	32247	
362	0	31367	
363	0	30882	
364	0	31055	
365	0	31000	
366	0	30919	
367	0	31278	
368	0	32263	
369	0	33095	
370	0	34242	
371	0	34857	
372	0	34589	
373	0	34266	
374	0	33970	
375	0	33484	
376	0	32922	
377	0	32054	
378	0	31170	
379	0	30806	
380	0	31217	
381	0	32189	
382	0	32684	
383	0	32801	
384	0	33016	
385	0	33245	
386	0	33299	
387	0	33302	
388	0	33638	
389	0	34354	
390	0	34469	
391	0	34655	
392	0	34514	
393	0	34455	
394	0	34085	
395	0	33383	
396	0	32460	
397	0	31766	
398	0	31222	
399	0	30805	
400	0	30632	
401	0	30945	
402	0	31668	
403	0	32327	
404	0	33015	
405	0	33543	
406	0	33481	
407	0	33314	
408	0	32997	
409	0	32827	
410	0	33021	
411	0	32999	
412	0	33060	
413	0	32878	
414	0	33102	
415	0	33623	
416	0	34150	
417	0	34850	
418	0	35404	
419	0	35254	
420	0	34196	
421	0	32726	
422	0	31760	
423	0	31335	
424	0	30726	
425	0	30320	
426	0	30160	
427	0	30384	
428	0	31201	
429	0	31790	
430	0	32242	
431	0	32736	
432	0	33105	
433	0	33577	
434	0	33618	
435	0	33964	
436	0	34157	
437	0	33782	
438	0	32878	
439	0	32009	
440	0	31491	
441	0	31024	
442	0	31094	
443	0	32199	
444	0	33568	
445	0	33973	
446	0	33569	
447	0	33501	
448	0	33156	
449	0	32551	
450	0	32271	
451	0	32071	
452	0	32697	
453	0	33505	
454	0	33964	
455	0	34096	
456	0	33960	
457	0	33814	
458	0	33238	
459	0	32822	
460	0	32493	
461	0	32676	
462	0	33551	
463	0	34006	
464	0	34501	
465	0	34593	
466	0	34119	
467	0	33465	
468	0	32513	
469	0	31760	
470	0	31766	
471	0	31623	
472	0	31389	
473	0	31282	
474	0	32356	
475	0	33488	
476	0	34130	
477	0	34055	
478	0	33648	
479	0	33007	
480	0	31975	
481	0	30866	
482	0	30326	
483	0	29535	
484	0	29478	
485	0	30360	
486	0	31970	
487	0	33287	
488	0	33952	
489	0	34183	
490	0	34239	
491	0	34174	
492	0	33812	
493	0	33988	
494	0	34181	
495	0	34038	
496	0	34087	
497	0	34028	
498	0	33892	
499	0	33814	
500	0	33955	
501	0	34093	
502	0	33975	
503	0	33431	
504	0	32903	
505	0	32620	
506	0	32298	
507	0	31212	
508	0	30818	
509	0	31612	
510	0	31962	
511	0	31399	
512	0	30748	
513	0	30350	
514	0	30359	
515	0	29990	
516	0	29712	
517	0	30288	
518	0	31657	
519	0	33350	
520	0	34417	
521	0	34869	
522	0	34802	
523	0	35068	
524	0	35932	
525	0	36377	
526	0	36143	
527	0	35655	
528	0	35072	
529	0	34591	
530	0	33981	
531	0	32482	
532	0	31166	
533	0	30098	
534	0	29600	
535	0	29940	
536	0	30685	
537	0	31334	
538	0	31700	
539	0	32088	
540	0	32349	
541	0	32739	
542	0	33010	
543	0	33020	
544	0	32930	
545	0	33276	
546	0	33028	
547	0	32973	
548	0	33424	
549	0	33588	
550	0	33607	
551	0	33487	
552	0	33684	
553	0	33563	
554	0	33305	
555	0	33330	
556	0	33517	
557	0	33692	
558	0	34295	
559	0	34566	
560	0	34151	
561	0	34173	
562	0	33948	
563	0	33255	
564	0	32229	
565	0	31901	
566	0	31463	
567	0	30945	
568	0	31044	
569	0	31879	
570	0	32344	
571	0	32182	
572	0	32506	
573	0	32895	
574	0	32847	
575	0	33197	
576	0	33877	
577	0	33701	
578	0	33209	
579	0	32699	
580	0	31544	
581	0	30375	
582	0	30552	
583	0	30669	
584	0	30854	
585	0	31399	
586	0	31411	
587	0	31912	
588	0	33430	
589	0	35492	
590	0	36189	
591	0	36092	
592	0	35696	
593	0	35025	
594	0	34448	
595	0	33577	
596	0	32064	
597	0	31417	
598	0	30786	
599	0	30029	
600	0	29949	
601	0	30599	
602	0	31568	
603	0	32484	
604	0	33229	
605	0	33330	
606	0	33221	
607	0	33384	
608	0	33572	
609	0	33456	
610	0	33469	
611	0	33455	
612	0	33498	
613	0	33849	
614	0	34224	
615	0	34244	
616	0	33943	
617	0	34209	
618	0	34582	
619	0	34788	
620	0	34896	
621	0	34470	
622	0	34228	
623	0	33070	
624	0	31783	
625	0	30209	
626	0	28394	
627	0	28332	
628	0	29008	
629	0	29191	
630	0	29533	
631	0	30925	
632	0	32359	
633	0	33682	
634	0	34345	
635	0	34164	
636	0	33949	
637	0	33735	
638	0	33905	
639	0	34358	
640	0	34355	
641	0	34279	
642	0	34796	
643	0	35719	
644	0	35896	
645	0	35164	
646	0	33873	
647	0	32403	
648	0	31084	
649	0	30307	
650	0	29643	
651	0	29850	
652	0	30918	
653	0	32135	
654	0	32971	
655	0	33513	
656	0	33281	
657	0	32528	
658	0	31633	
659	0	31512	
660	0	32050	
661	0	32871	
662	0	33120	
663	0	33388	
664	0	33559	
665	0	33703	
666	0	33766	
667	0	33780	
668	0	33614	
669	0	33616	
670	0	33917	
671	0	33991	
672	0	33927	
673	0	33910	
674	0	33821	
675	0	33783	
676	0	33955	
677	0	33466	
678	0	32809	
679	0	31834	
680	0	30752	
681	0	30383	
682	0	30332	
683	0	30678	
684	0	31878	
685	0	32933	
686	0	33760	
687	0	35040	
688	0	35174	
689	0	33981	
690	0	32786	
691	0	31976	
692	0	31741	
693	0	31613	
694	0	31592	
695	0	31559	
696	0	31544	
697	0	31868	
698	0	31929	
699	0	32029	
700	0	32130	
701	0	32408	
702	0	32618	
703	0	33072	
704	0	33472	
705	0	34038	
706	0	33724	
707	0	32724	
708	0	32028	
709	0	32135	
710	0	32556	
711	0	32556	
712	0	32120	
713	0	32369	
714	0	33227	
715	0	33782	
716	0	33972	
717	0	33974	
718	0	34473	
719	0	34523	
720	0	34668	
721	0	35236	
722	0	35268	
723	0	34395	
724	0	33588	
725	0	32899	
726	0	33118	
727	0	33157	
728	0	32579	
729	0	31690	
730	0	31367	
731	0	32190	
732	0	33477	
733	0	33235	
734	0	32229	
735	0	30753	
736	0	30125	
737	0	30081	
738	0	30238	
739	0	31078	
740	0	31979	
741	0	32408	
742	0	32809	
743	0	33433	
744	0	33440	
745	0	32764	
746	0	31952	
747	0	31238	
748	0	31415	
749	0	32114	
750	0	32574	
751	0	32871	
752	0	33191	
753	0	33729	
754	0	34285	
755	0	34555	
756	0	34658	
757	0	34733	
758	0	34494	
759	0	34458	
760	0	34684	
761	0	34366	
762	0	33734	
763	0	33046	
764	0	32006	
765	0	32358	
766	0	32695	
767	0	32304	
768	0	32326	
769	0	32976	
770	0	32784	
771	0	31822	
772	0	31350	
773	0	31160	
774	0	30996	
775	0	31088	
776	0	31658	
777	0	32509	
778	0	32852	
779	0	32798	
780	0	32927	
781	0	33423	
782	0	33572	
783	0	33474	
784	0	33455	
785	0	33718	
786	0	34142	
787	0	34368	
788	0	34311	
789	0	34543	
790	0	34514	
791	0	34228	
792	0	33853	
793	0	33776	
794	0	33662	
795	0	33007	
796	0	33257	
797	0	33196	
798	0	33376	
799	0	33406	
800	0	32303	
801	0	30827	
802	0	28577	
803	0	27346	
804	0	27463	
805	0	28485	
806	0	29453	
807	0	30500	
808	0	32090	
809	0	33712	
810	0	34895	
811	0	35360	
812	0	35308	
813	0	35159	
814	0	34572	
815	0	33989	
816	0	33628	
817	0	33512	
818	0	33415	
819	0	33694	
820	0	33718	
821	0	33353	
822	0	33650	
823	0	34877	
824	0	35906	
825	0	35997	
826	0	34870	
827	0	33458	
828	0	31934	
829	0	30579	
830	0	29545	
831	0	28635	
832	0	28428	
833	0	28704	
834	0	29354	
835	0	30136	
836	0	31193	
837	0	32224	
838	0	32788	
839	0	33218	
840	0	33383	
841	0	33768	
842	0	34157	
843	0	34417	
844	0	34640	
845	0	34503	
846	0	34260	
847	0	34240	
848	0	34180	
849	0	34231	
850	0	34235	
851	0	34167	
852	0	33877	
853	0	33470	
854	0	33266	
855	0	33343	
856	0	33217	
857	0	32469	
858	0	31540	
859	0	32253	
860	0	32980	
861	0	33372	
862	0	33558	
863	0	33095	
864	0	32985	
865	0	32857	
866	0	32418	
867	0	32182	
868	0	32454	
869	0	32327	
870	0	32275	
871	0	32192	
872	0	31879	
873	0	31805	
874	0	31815	
875	0	32235	
876	0	33080	
877	0	33542	
878	0	33873	
879	0	34508	
880	0	35374	
881	0	35570	
882	0	35977	
883	0	35068	
884	0	33235	
885	0	31337	
886	0	29895	
887	0	28736	
888	0	28198	
889	0	28009	
890	0	28615	
891	0	30103	
892	0	31757	
893	0	33684	
894	0	34438	
895	0	34616	
896	0	34631	
897	0	34275	
898	0	33887	
899	0	33333	
900	0	32795	
901	0	32436	
902	0	32919	
903	0	33601	
904	0	34572	
905	0	35124	
906	0	34697	
907	0	33799	
908	0	32912	
909	0	32884	
910	0	32967	
911	0	32465	
912	0	32092	
913	0	31867	
914	0	31722	
915	0	31462	
916	0	31462	
917	0	31735	
918	0	32029	
919	0	32307	
920	0	32808	
921	0	33300	
922	0	33285	
923	0	33343	
924	0	33309	
925	0	33287	
926	0	33699	
927	0	34292	
928	0	34196	
929	0	33769	
930	0	33152	
931	0	32472	
932	0	32007	
933	0	32592	
934	0	33159	
935	0	33478	
936	0	33564	
937	0	33772	
938	0	33844	
939	0	34012	
940	0	33671	
941	0	32734	
942	0	31925	
943	0	31541	
944	0	30998	
945	0	30097	
946	0	30759	
947	0	31710	
948	0	32541	
949	0	32744	
950	0	33127	
951	0	34143	
952	0	35283	
953	0	36604	
954	0	36519	
955	0	35863	
956	0	34395	
957	0	32162	
958	0	29780	
959	0	27626	
960	0	25799	
961	0	25532	
962	0	27056	
963	0	29312	
964	0	31786	
965	0	33243	
966	0	34081	
967	0	34610	
968	0	34984	
969	0	34957	
970	0	35099	
971	0	35183	
972	0	35010	
973	0	34704	
974	0	34719	
975	0	34642	
976	0	34545	
977	0	34302	
978	0	33791	
979	0	33343	
980	0	33151	
981	0	34461	
982	0	36480	
983	0	36756	
984	0	35587	
985	0	34188	
986	0	32660	
987	0	30875	
988	0	29560	
989	0	28206	
990	0	27284	
991	0	28233	
992	0	29323	
993	0	30422	
994	0	31399	
995	0	32480	
996	0	33205	
997	0	33616	
998	0	33747	
999	0	33854	
1000	0	33831	
1001	0	33378	
1002	0	32901	
1003	0	32836	
1004	0	33007	
1005	0	33137	
1006	0	33548	
1007	0	33856	
1008	0	34059	
1009	0	34135	
1010	0	34290	
1011	0	34162	
1012	0	34073	
1013	0	34505	
1014	0	35757	
1015	0	36823	
1016	0	36099	
1017	0	34687	
1018	0	33939	
1019	0	34196	
1020	0	35314	
1021	0	36056	
1022	0	34231	
1023	0	31098	
1024	0	28176	
1025	0	26094	
1026	0	25155	
1027	0	23933	
1028	0	23238	
1029	0	24568	
1030	0	27459	
1031	0	30921	
1032	0	32775	
1033	0	34075	
1034	0	36395	
1035	0	39517	
1036	0	41447	
1037	0	40530	
1038	0	37917	
1039	0	34706	
1040	0	31448	
1041	0	28943	
1042	0	27570	
1043	0	28556	
1044	0	30528	
1045	0	32288	
1046	0	33142	
1047	0	34367	
1048	0	36548	
1049	0	36958	
1050	0	35572	
1051	0	34287	
1052	0	33492	
1053	0	32768	
1054	0	31977	
1055	0	31063	
1056	0	30836	
1057	0	31574	
1058	0	32470	
1059	0	32576	
1060	0	31609	
1061	0	30895	
1062	0	30654	
1063	0	30827	
1064	0	31234	
1065	0	31901	
1066	0	33232	
1067	0	34582	
1068	0	35276	
1069	0	35204	
1070	0	34794	
1071	0	35131	
1072	0	35558	
1073	0	35620	
1074	0	35472	
1075	0	35021	
1076	0	34228	
1077	0	34154	
1078	0	34428	
1079	0	33612	
1080	0	32083	
1081	0	31990	
1082	0	32918	
1083	0	33110	
1084	0	32892	
1085	0	34911	
1086	0	35712	
1087	0	33782	
1088	0	31270	
1089	0	28740	
1090	0	27020	
1091	0	25565	
1092	0	24896	
1093	0	25993	
1094	0	27209	
1095	0	29348	
1096	0	32450	
1097	0	35175	
1098	0	35984	
1099	0	38089	
1100	0	45500	
1101	0	50773	
1102	0	49752	
1103	0	43832	
1104	0	36416	
1105	0	28180	
1106	0	20326	
1107	0	14555	
1108	0	11973	
1109	0	13541	
1110	0	20280	
1111	0	30678	
1112	0	38421	
1113	0	41000	
1114	0	40063	
1115	0	38453	
1116	0	36094	
1117	0	33038	
1118	0	32199	
1119	0	32864	
1120	0	33117	
1121	0	32470	
1122	0	31273	
1123	0	30467	
1124	0	31486	
1125	0	32879	
1126	0	34891	
1127	0	37952	
1128	0	40455	
1129	0	41533	
1130	0	40775	
1131	0	40136	
1132	0	41255	
1133	0	38404	
1134	0	32965	
1135	0	27780	
1136	0	24560	
1137	0	22998	
1138	0	24485	
1139	0	24816	
1140	0	25591	
1141	0	27064	
1142	0	29693	
1143	0	32185	
1144	0	33351	
1145	0	34568	
1146	0	35112	
1147	0	35250	
1148	0	35160	
1149	0	35010	
1150	0	36098	
1151	0	36963	
1152	0	38172	
1153	0	38372	
1154	0	37236	
1155	0	35049	
1156	0	33241	
1157	0	30751	
1158	0	29021	
1159	0	28220	
1160	0	27832	
1161	0	28800	
1162	0	29511	
1163	0	31387	
1164	0	33060	
1165	0	33481	
1166	0	33413	
1167	0	33052	
1168	0	33158	
1169	0	33327	
1170	0	33126	
1171	0	33426	
1172	0	33880	
1173	0	35036	
1174	0	36013	
1175	0	35588	
1176	0	35732	
1177	0	34902	
1178	0	33351	
1179	0	31738	
1180	0	30416	
1181	0	29542	
1182	0	29247	
1183	0	30180	
1184	0	32652	
1185	0	35612	
1186	0	37782	
1187	0	37412	
1188	0	35730	
1189	0	33031	
1190	0	30803	
1191	0	29479	
1192	0	28011	
1193	0	28038	
1194	0	28516	
1195	0	29735	
1196	0	31078	
1197	0	31578	
1198	0	31608	
1199	0	32381	
1200	0	33571	
1201	0	34439	
1202	0	34879	
1203	0	35140	
1204	0	35327	
1205	0	35604	
1206	0	35820	
1207	0	35626	
1208	0	35093	
1209	0	34439	
1210	0	34555	
1211	0	34238	
1212	0	33533	
1213	0	32891	
1214	0	33183	
1215	0	33578	
1216	0	33984	
1217	0	35463	
1218	0	40429	
1219	0	48193	
1220	0	50290	
1221	0	44336	
1222	0	34861	
1223	0	24884	
1224	0	16490	
1225	0	11082	
1226	0	9022	
1227	0	13211	
1228	0	21833	
1229	0	29089	
1230	0	32792	
1231	0	34821	
1232	0	39324	
1233	0	42288	
1234	0	38960	
1235	0	36889	
1236	0	34541	
1237	0	31849	
1238	0	26532	
1239	0	24848	
1240	0	25552	
1241	0	25762	
1242	0	27681	
1243	0	30544	
1244	0	33216	
1245	0	34791	
1246	0	35834	
1247	0	36087	
1248	0	35494	
1249	0	35544	
1250	0	36352	
1251	0	36923	
1252	0	36942	
1253	0	36642	
1254	0	36803	
1255	0	37718	
1256	0	38000	
1257	0	37160	
1258	0	36592	
1259	0	36495	
1260	0	38138	
1261	0	39926	
1262	0	39138	
1263	0	39655	
1264	0	43139	
1265	0	50756	
1266	0	51495	
1267	0	49462	
1268	0	38360	
1269	0	27469	
1270	0	32153	
1271	0	32608	
1272	0	20661	
1273	0	5628	
1274	0	27	
1275	0	21	
1276	0	4882	
1277	0	8659	
1278	0	11851	
1279	0	14576	
1280	0	20408	
1281	0	35975	
1282	0	43485	
1283	0	49402	
1284	0	50941	
1285	0	50301	
1286	0	52288	
1287	0	53767	
1288	0	52455	
1289	0	44964	
1290	0	39585	
1291	0	35004	
1292	0	26871	
1293	0	18716	
1294	0	14787	
1295	0	16648	
1296	0	22311	
1297	0	30022	
1298	0	35380	
1299	0	38356	
1300	0	41636	
1301	0	40109	
1302	0	36282	
1303	0	32935	
1304	0	29957	
1305	0	27935	
1306	0	28461	
1307	0	29554	
1308	0	32233	
1309	0	35060	
1310	0	37095	
1311	0	37098	
1312	0	36004	
1313	0	35322	
1314	0	38036	
1315	0	37196	
1316	0	34838	
1317	0	34674	
1318	0	42178	
1319	0	45328	
1320	0	40645	
1321	0	34700	
1322	0	33232	
1323	0	33774	
1324	0	31442	
1325	0	28615	
1326	0	29424	
1327	0	32540	
1328	0	36800	
1329	0	37594	
1330	0	37020	
1331	0	30281	
1332	0	20127	
1333	0	11104	
1334	0	6555	
1335	0	7174	
1336	0	9641	
1337	0	13297	
1338	0	19870	
1339	0	28818	
1340	0	36294	
1341	0	41848	
1342	0	44461	
1343	0	45424	
1344	0	45264	
1345	0	44231	
1346	0	42918	
1347	0	41548	
1348	0	40205	
1349	0	39098	
1350	0	38077	
1351	0	37099	
1352	0	36216	
1353	0	35610	
1354	0	35032	
1355	0	34604	
1356	0	34171	
1357	0	33522	
1358	0	32927	
1359	0	32614	
1360	0	32110	
1361	0	31879	
1362	0	32244	
1363	0	32537	
1364	0	32665	
1365	0	32326	
1366	0	32021	
1367	0	31937	
1368	0	32044	
1369	0	32550	
1370	0	33492	
1371	0	34376	
1372	0	35771	
1373	0	37408	
1374	0	34745	
1375	0	30716	
1376	0	28109	
1377	0	26187	
1378	0	26588	
1379	0	28484	
1380	0	30326	
1381	0	32149	
1382	0	34235	
1383	0	35816	
1384	0	35522	
1385	0	34108	
1386	0	33372	
1387	0	32725	
1388	0	32880	
1389	0	36084	
1390	0	41068	
1391	0	45793	
1392	0	41345	
1393	0	33905	
1394	0	28448	
1395	0	22990	
1396	0	17763	
1397	0	17733	
1398	0	21320	
1399	0	28084	
1400	0	33852	
1401	0	35009	
1402	0	34129	
1403	0	33330	
1404	0	32125	
1405	0	32014	
1406	0	33281	
1407	0	33362	
1408	0	34203	
1409	0	34868	
1410	0	34422	
1411	0	32619	
1412	0	31789	
1413	0	31274	
1414	0	30142	
1415	0	30196	
1416	0	32556	
1417	0	34511	
1418	0	35376	
1419	0	36133	
1420	0	36316	
1421	0	36380	
1422	0	35803	
1423	0	35298	
1424	0	34818	
1425	0	34528	
1426	0	34288	
1427	0	34020	
1428	0	33810	
1429	0	34086	
1430	0	34060	
1431	0	33740	
1432	0	33534	
1433	0	33031	
1434	0	32810	
1435	0	32606	
1436	0	32452	
1437	0	32637	
1438	0	33563	
1439	0	35638	
1440	0	41736	
1441	0	48230	
1442	0	48914	
1443	0	44030	
1444	0	35780	
1445	0	25271	
1446	0	14095	
1447	0	7580	
1448	0	7062	
1449	0	12313	
1450	0	21912	
1451	0	37636	
1452	0	49860	
1453	0	51889	
1454	0	46392	
1455	0	38148	
1456	0	36439	
1457	0	40966	
1458	0	38157	
1459	0	34294	
1460	0	28280	
1461	0	20730	
1462	0	18022	
1463	0	18247	
1464	0	19643	
1465	0	22362	
1466	0	23005	
1467	0	24274	
1468	0	23892	
1469	0	22909	
1470	0	24845	
1471	0	30658	
1472	0	36484	
1473	0	41108	
1474	0	44631	
1475	0	44989	
1476	0	43620	
1477	0	42368	
1478	0	42457	
1479	0	41039	
1480	0	38998	
1481	0	37370	
1482	0	36114	
1483	0	34969	
1484	0	34204	
1485	0	33753	
1486	0	33246	
1487	0	33235	
1488	0	33628	
1489	0	33655	
1490	0	33227	
1491	0	32565	
1492	0	31792	
1493	0	31015	
1494	0	31377	
1495	0	31932	
1496	0	32331	
1497	0	32657	
1498	0	32652	
1499	0	32669	
1500	0	32837	
1501	0	32203	
1502	0	32074	
1503	0	32210	
1504	0	32432	
1505	0	32673	
1506	0	32452	
1507	0	32205	
1508	0	32173	
1509	0	32288	
1510	0	32481	
1511	0	32758	
1512	0	32775	
1513	0	33106	
1514	0	32976	
1515	0	32320	
1516	0	32239	
1517	0	32339	
1518	0	32338	
1519	0	32468	
1520	0	32589	
1521	0	32717	
1522	0	32742	
1523	0	32756	
1524	0	32658	
1525	0	32719	
1526	0	32762	
1527	0	32824	
1528	0	32821	
1529	0	32894	
1530	0	32912	
1531	0	32941	
1532	0	32964	
1533	0	33015	
1534	0	33095	
1535	0	32826	
1536	0	32505	
1537	0	32676	
1538	0	32857	
1539	0	32742	
1540	0	32487	
1541	0	32416	
1542	0	32863	
1543	0	33967	
1544	0	34500	
1545	0	34189	
1546	0	33795	
1547	0	34423	
1548	0	35356	
1549	0	35112	
1550	0	34429	
1551	0	33619	
1552	0	33911	
1553	0	34468	
1554	0	33968	
1555	0	33347	
1556	0	33020	
1557	0	31966	
1558	0	30701	
1559	0	30364	
1560	0	33506	
1561	0	37639	
1562	0	36977	
1563	0	32790	
1564	0	26588	
1565	0	20112	
1566	0	15255	
1567	0	14738	
1568	0	19487	
1569	0	27399	
1570	0	32736	
1571	0	35460	
1572	0	36428	
1573	0	36120	
1574	0	36695	
1575	0	36980	
1576	0	36601	
1577	0	37136	
1578	0	37685	
1579	0	37063	
1580	0	36792	
1581	0	37364	
1582	0	39111	
1583	0	41303	
1584	0	42671	
1585	0	45990	
1586	0	49591	
1587	0	45262	
1588	0	34790	
1589	0	24508	
1590	0	18028	
1591	0	16618	
1592	0	15766	
1593	0	17844	
1594	0	24700	
1595	0	33449	
1596	0	35986	
1597	0	34052	
1598	0	31632	
1599	0	29910	
1600	0	29543	
1601	0	29287	
1602	0	29953	
1603	0	32932	
1604	0	36388	
1605	0	38401	
1606	0	38459	
1607	0	37364	
1608	0	37263	
1609	0	37545	
1610	0	36549	
1611	0	35122	
1612	0	33756	
1613	0	32204	
1614	0	30806	
1615	0	30836	
1616	0	31930	
1617	0	34677	
1618	0	34755	
1619	0	34090	
1620	0	31801	
1621	0	30444	
1622	0	31708	
1623	0	38418	
1624	0	47321	
1625	0	49837	
1626	0	45636	
1627	0	35968	
1628	0	26037	
1629	0	16882	
1630	0	11373	
1631	0	14799	
1632	0	21610	
1633	0	27559	
1634	0	32036	
1635	0	34166	
1636	0	33751	
1637	0	34887	
1638	0	35577	
1639	0	34008	
1640	0	32534	
1641	0	33618	
1642	0	35110	
1643	0	32782	
1644	0	30070	
1645	0	29543	
1646	0	30612	
1647	0	31751	
1648	0	32077	
1649	0	33405	
1650	0	35111	
1651	0	36016	
1652	0	36324	
1653	0	36002	
1654	0	36100	
1655	0	35147	
1656	0	33904	
1657	0	34052	
1658	0	34230	
1659	0	34040	
1660	0	34098	
1661	0	34102	
1662	0	34725	
1663	0	37290	
1664	0	38670	
1665	0	37254	
1666	0	35678	
1667	0	39231	
1668	0	40148	
1669	0	35572	
1670	0	31461	
1671	0	28800	
1672	0	26468	
1673	0	24402	
1674	0	24123	
1675	0	24007	
1676	0	25007	
1677	0	31301	
1678	0	33118	
1679	0	32246	
1680	0	30932	
1681	0	29403	
1682	0	28433	
1683	0	28288	
1684	0	29088	
1685	0	29479	
1686	0	31368	
1687	0	33112	
1688	0	34932	
1689	0	37088	
1690	0	37459	
1691	0	36921	
1692	0	36509	
1693	0	36686	
1694	0	36342	
1695	0	35604	
1696	0	34945	
1697	0	34345	
1698	0	33874	
1699	0	33799	
1700	0	33613	
1701	0	33476	
1702	0	33324	
1703	0	32734	
1704	0	32657	
1705	0	32551	
1706	0	32326	
1707	0	32735	
1708	0	32775	
1709	0	33229	
1710	0	34766	
1711	0	34854	
1712	0	35990	
1713	0	36138	
1714	0	35469	
1715	0	34584	
1716	0	33651	
1717	0	34668	
1718	0	33671	
1719	0	30380	
1720	0	27322	
1721	0	24627	
1722	0	23150	
1723	0	23631	
1724	0	27114	
1725	0	31824	
1726	0	38644	
1727	0	41460	
1728	0	41714	
1729	0	40549	
1730	0	36512	
1731	0	31973	
1732	0	28832	
1733	0	26413	
1734	0	25349	
1735	0	28381	
1736	0	34384	
1737	0	36703	
1738	0	35672	
1739	0	35493	
1740	0	30813	
1741	0	25228	
1742	0	21936	
1743	0	22407	
1744	0	25831	
1745	0	30612	
1746	0	38692	
1747	0	45772	
1748	0	47962	
1749	0	45674	
1750	0	38270	
1751	0	30790	
1752	0	24772	
1753	0	22272	
1754	0	23236	
1755	0	26439	
1756	0	29748	
1757	0	32005	
1758	0	32937	
1759	0	33222	
1760	0	33868	
1761	0	35103	
1762	0	35651	
1763	0	35890	
1764	0	35840	
1765	0	35911	
1766	0	36016	
1767	0	35717	
1768	0	35399	
1769	0	35446	
1770	0	35648	
1771	0	36841	
1772	0	37831	
1773	0	37298	
1774	0	34540	
1775	0	31909	
1776	0	30489	
1777	0	30193	
1778	0	29925	
1779	0	30646	
1780	0	33114	
1781	0	35125	
1782	0	35728	
1783	0	34224	
1784	0	31529	
1785	0	29024	
1786	0	26936	
1787	0	27192	
1788	0	28833	
1789	0	30599	
1790	0	32733	
1791	0	35576	
1792	0	35052	
1793	0	33015	
1794	0	32544	
1795	0	32990	
1796	0	35531	
1797	0	41829	
1798	0	44624	
1799	0	44029	
1800	0	40800	
1801	0	31708	
1802	0	22440	
1803	0	17609	
1804	0	17130	
1805	0	22592	
1806	0	31168	
1807	0	37337	
1808	0	36755	
1809	0	33879	
1810	0	29076	
1811	0	24888	
1812	0	23234	
1813	0	23783	
1814	0	25406	
1815	0	28864	
1816	0	32292	
1817	0	36005	
1818	0	40124	
1819	0	42152	
1820	0	47286	
1821	0	52334	
1822	0	51671	
1823	0	42906	
1824	0	35951	
1825	0	28065	
1826	0	21905	
1827	0	20480	
1828	0	23098	
1829	0	25834	
1830	0	30661	
1831	0	32713	
1832	0	32318	
1833	0	30832	
1834	0	28964	
1835	0	28601	
1836	0	28457	
1837	0	29366	
1838	0	30983	
1839	0	33058	
1840	0	34630	
1841	0	36178	
1842	0	37346	
1843	0	38357	
1844	0	39027	
1845	0	39078	
1846	0	37334	
1847	0	36231	
1848	0	37104	
1849	0	42342	
1850	0	43241	
1851	0	38768	
1852	0	37934	
1853	0	41542	
1854	0	35568	
1855	0	25249	
1856	0	18472	
1857	0	15853	
1858	0	15652	
1859	0	17177	
1860	0	21040	
1861	0	25211	
1862	0	30170	
1863	0	35513	
1864	0	40129	
1865	0	39623	
1866	0	37747	
1867	0	36739	
1868	0	38885	
1869	0	38194	
1870	0	38994	
1871	0	36954	
1872	0	32910	
1873	0	29147	
1874	0	27943	
1875	0	31110	
1876	0	31424	
1877	0	30823	
1878	0	34338	
1879	0	38834	
1880	0	40192	
1881	0	36608	
1882	0	30656	
1883	0	26192	
1884	0	22654	
1885	0	20317	
1886	0	22004	
1887	0	26061	
1888	0	30968	
1889	0	35600	
1890	0	37948	
1891	0	38975	
1892	0	38896	
1893	0	38198	
1894	0	38904	
1895	0	40127	
1896	0	39652	
1897	0	37886	
1898	0	37434	
1899	0	34584	
1900	0	32143	
1901	0	30959	
1902	0	32647	
1903	0	35272	
1904	0	34775	
1905	0	32327	
1906	0	27724	
1907	0	24596	
1908	0	28005	
1909	0	31568	
1910	0	39566	
1911	0	42789	
1912	0	39942	
1913	0	32838	
1914	0	24788	
1915	0	19614	
1916	0	16770	
1917	0	21648	
1918	0	27196	
1919	0	31712	
1920	0	33639	
1921	0	33863	
1922	0	33357	
1923	0	32870	
1924	0	33395	
1925	0	34414	
1926	0	35924	
1927	0	37432	
1928	0	38497	
1929	0	39927	
1930	0	41965	
1931	0	41798	
1932	0	39431	
1933	0	34834	
1934	0	29941	
1935	0	28629	
1936	0	31876	
1937	0	38822	
1938	0	46666	
1939	0	49284	
1940	0	44704	
1941	0	35310	
1942	0	25174	
1943	0	15292	
1944	0	8819	
1945	0	11505	
1946	0	16620	
1947	0	20435	
1948	0	24832	
1949	0	29063	
1950	0	32464	
1951	0	34157	
1952	0	40265	
1953	0	46947	
1954	0	47279	
1955	0	45613	
1956	0	43357	
1957	0	39068	
1958	0	31996	
1959	0	25855	
1960	0	26514	
1961	0	27548	
1962	0	25744	
1963	0	24628	
1964	0	24694	
1965	0	25053	
1966	0	25375	
1967	0	29466	
1968	0	32584	
1969	0	33785	
1970	0	35396	
1971	0	37468	
1972	0	40532	
1973	0	42488	
1974	0	42324	
1975	0	41472	
1976	0	40174	
1977	0	40134	
1978	0	36772	
1979	0	36508	
1980	0	35824	
1981	0	33940	
1982	0	36928	
1983	0	43657	
1984	0	40610	
1985	0	31934	
1986	0	21700	
1987	0	14585	
1988	0	11176	
1989	0	10956	
1990	0	17834	
1991	0	26699	
1992	0	34638	
1993	0	38870	
1994	0	41160	
1995	0	45063	
1996	0	51862	
1997	0	53767	
1998	0	48844	
1999	0	39512	
2000	0	27854	
2001	0	18490	
2002	0	13228	
2003	0	15673	
2004	0	28658	
2005	0	41718	
2006	0	44323	
2007	0	45750	
2008	0	40519	
2009	0	28143	
2010	0	20875	
2011	0	29655	
2012	0	33298	
2013	0	28684	
2014	0	22516	
2015	0	20477	
2016	0	19142	
2017	0	22596	
2018	0	23730	
2019	0	26174	
2020	0	36179	
2021	0	42862	
2022	0	42117	
2023	0	38462	
2024	0	34456	
2025	0	32315	
2026	0	29830	
2027	0	28926	
2028	0	31802	
2029	0	34927	
2030	0	38682	
2031	0	41877	
2032	0	41698	
2033	0	39778	
2034	0	37255	
2035	0	36159	
2036	0	37060	
2037	0	43014	
2038	0	47239	
2039	0	46055	
2040	0	40931	
2041	0	36516	
2042	0	28931	
2043	0	19508	
2044	0	15847	
2045	0	20754	
2046	0	29216	
2047	0	36796	
2048	0	38304	
2049	0	32249	
2050	0	27190	
2051	0	25204	
2052	0	25600	
2053	0	22208	
2054	0	20863	
2055	0	22905	
2056	0	30130	
2057	0	40544	
2058	0	43344	
2059	0	40804	
2060	0	37325	
2061	0	37383	
2062	0	32483	
2063	0	27060	
2064	0	26306	
2065	0	36500	
2066	0	47548	
2067	0	54723	
2068	0	50303	
2069	0	38759	
2070	0	27509	
2071	0	17208	
2072	0	11810	
2073	0	10877	
2074	0	14739	
2075	0	21544	
2076	0	26938	
2077	0	30616	
2078	0	34279	
2079	0	37180	
2080	0	38976	
2081	0	39740	
2082	0	40151	
2083	0	42002	
2084	0	42205	
2085	0	41348	
2086	0	40240	
2087	0	42331	
2088	0	50728	
2089	0	50034	
2090	0	39830	
2091	0	30016	
2092	0	25754	
2093	0	23442	
2094	0	18471	
2095	0	23058	
2096	0	31601	
2097	0	32377	
2098	0	28949	
2099	0	31040	
2100	0	40807	
2101	0	40816	
2102	0	37332	
2103	0	29031	
2104	0	22840	
2105	0	18762	
2106	0	16217	
2107	0	16497	
2108	0	18047	
2109	0	25146	
2110	0	36866	
2111	0	44351	
2112	0	44894	
2113	0	41752	
2114	0	36392	
2115	0	31290	
2116	0	28868	
2117	0	30566	
2118	0	31521	
2119	0	30401	
2120	0	32181	
2121	0	37551	
2122	0	38125	
2123	0	35253	
2124	0	33452	
2125	0	32759	
2126	0	33400	
2127	0	33149	
2128	0	33372	
2129	0	35111	
2130	0	36612	
2131	0	37884	
2132	0	38974	
2133	0	42087	
2134	0	49453	
2135	0	53401	
2136	0	53224	
2137	0	50901	
2138	0	48632	
2139	0	46637	
2140	0	31237	
2141	0	21944	
2142	0	13368	
2143	0	5324	
2144	0	28	
2145	0	1559	
2146	0	8989	
2147	0	24792	
2148	0	33695	
2149	0	37825	
2150	0	35476	
2151	0	28882	
2152	0	27922	
2153	0	29011	
2154	0	22675	
2155	0	20036	
2156	0	22460	
2157	0	30264	
2158	0	35361	
2159	0	36482	
2160	0	39620	
2161	0	43060	
2162	0	43552	
2163	0	38743	
2164	0	32967	
2165	0	30716	
2166	0	32274	
2167	0	32286	
2168	0	35660	
2169	0	44788	
2170	0	57862	
2171	0	59975	
2172	0	56966	
2173	0	53868	
2174	0	49600	
2175	0	16897	
2176	0	4594	
2177	0	264	
2178	0	4020	
2179	0	22892	
2180	0	44068	
2181	0	52329	
2182	0	43065	
2183	0	41469	
2184	0	37160	
2185	0	20984	
2186	0	15691	
2187	0	22586	
2188	0	27642	
2189	0	23426	
2190	0	20192	
2191	0	19509	
2192	0	18832	
2193	0	19565	
2194	0	25348	
2195	0	41444	
2196	0	52396	
2197	0	53504	
2198	0	51751	
2199	0	48668	
2200	0	44649	
2201	0	41802	
2202	0	32637	
2203	0	24045	
2204	0	19568	
2205	0	17135	
2206	0	16913	
2207	0	18143	
2208	0	24169	
2209	0	33510	
2210	0	41314	
2211	0	45086	
2212	0	46576	
2213	0	48135	
2214	0	46919	
2215	0	43496	
2216	0	41028	
2217	0	39052	
2218	0	38919	
2219	0	37620	
2220	0	36272	
2221	0	32491	
2222	0	29872	
2223	0	28250	
2224	0	29381	
2225	0	35064	
2226	0	37570	
2227	0	33936	
2228	0	31746	
2229	0	27860	
2230	0	23773	
2231	0	21612	
2232	0	21954	
2233	0	23520	
2234	0	28266	
2235	0	36152	
2236	0	43056	
2237	0	42375	
2238	0	41158	
2239	0	41088	
2240	0	37888	
2241	0	36751	
2242	0	28122	
2243	0	18214	
2244	0	13953	
2245	0	15433	
2246	0	16102	
2247	0	20262	
2248	0	27600	
2249	0	38068	
2250	0	46679	
2251	0	46146	
2252	0	43072	
2253	0	41082	
2254	0	38228	
2255	0	34882	
2256	0	35828	
2257	0	40813	
2258	0	39328	
2259	0	33502	
2260	0	30423	
2261	0	31656	
2262	0	31665	
2263	0	31279	
2264	0	29590	
2265	0	27300	
2266	0	24606	
2267	0	21638	
2268	0	19914	
2269	0	23495	
2270	0	28972	
2271	0	34304	
2272	0	39056	
2273	0	41916	
2274	0	42753	
2275	0	42214	
2276	0	42025	
2277	0	47559	
2278	0	54550	
2279	0	54404	
2280	0	52032	
2281	0	49616	
2282	0	47492	
2283	0	44032	
2284	0	7841	
2285	0	30	
2286	0	21	
2287	0	1070	
2288	0	5449	
2289	0	9156	
2290	0	12280	
2291	0	30636	
2292	0	43922	
2293	0	44313	
2294	0	40260	
2295	0	37782	
2296	0	35207	
2297	0	33699	
2298	0	33680	
2299	0	34509	
2300	0	35943	
2301	0	40390	
2302	0	46419	
2303	0	49863	
2304	0	47618	
2305	0	46391	
2306	0	52348	
2307	0	54052	
2308	0	51811	
2309	0	49432	
2310	0	32560	
2311	0	22132	
2312	0	19932	
2313	0	15772	
2314	0	11508	
2315	0	12446	
2316	0	13430	
2317	0	12359	
2318	0	8201	
2319	0	10603	
2320	0	35204	
2321	0	43802	
2322	0	38436	
2323	0	28788	
2324	0	24966	
2325	0	29750	
2326	0	33260	
2327	0	42132	
2328	0	53684	
2329	0	61273	
2330	0	56327	
2331	0	41550	
2332	0	23602	
2333	0	11371	
2334	0	7355	
2335	0	11498	
2336	0	19865	
2337	0	35810	
2338	0	52224	
2339	0	62040	
2340	0	57799	
2341	0	44266	
2342	0	29548	
2343	0	18056	
2344	0	13700	
2345	0	14751	
2346	0	24544	
2347	0	34441	
2348	0	40152	
2349	0	44433	
2350	0	48135	
2351	0	49671	
2352	0	42146	
2353	0	34114	
2354	0	31429	
2355	0	38944	
2356	0	44638	
2357	0	43786	
2358	0	45014	
2359	0	50516	
2360	0	49159	
2361	0	26116	
2362	0	177	
2363	0	24	
2364	0	20	
2365	0	4673	
2366	0	8494	
2367	0	11724	
2368	0	33967	
2369	0	40762	
2370	0	42768	
2371	0	47204	
2372	0	56482	
2373	0	59780	
2374	0	53718	
2375	0	37767	
2376	0	24620	
2377	0	13095	
2378	0	6951	
2379	0	8387	
2380	0	17960	
2381	0	28748	
2382	0	37356	
2383	0	42308	
2384	0	42117	
2385	0	40604	
2386	0	41478	
2387	0	42728	
2388	0	42674	
2389	0	44402	
2390	0	46868	
2391	0	43034	
2392	0	36530	
2393	0	32322	
2394	0	32019	
2395	0	37164	
2396	0	42453	
2397	0	49416	
2398	0	42308	
2399	0	27917	
2400	0	13314	
2401	0	3778	
2402	0	1737	
2403	0	5500	
2404	0	9157	
2405	0	27404	
2406	0	35471	
2407	0	39208	
2408	0	41534	
2409	0	42328	
2410	0	42146	
2411	0	41572	
2412	0	41656	
2413	0	41144	
2414	0	39792	
2415	0	38493	
2416	0	39919	
2417	0	47656	
2418	0	52364	
2419	0	50875	
2420	0	43437	
2421	0	34865	
2422	0	30469	
2423	0	39815	
2424	0	41351	
2425	0	32774	
2426	0	28670	
2427	0	21684	
2428	0	6620	
2429	0	25	
2430	0	1680	
2431	0	5881	
2432	0	9500	
2433	0	14551	
2434	0	22938	
2435	0	29476	
2436	0	32960	
2437	0	33430	
2438	0	36226	
2439	0	39608	
2440	0	46087	
2441	0	55336	
2442	0	64884	
2443	0	62471	
2444	0	58632	
2445	0	55264	
2446	0	52356	
2447	0	49834	
2448	0	7783	
2449	0	26	
2450	0	21	
2451	0	3706	
2452	0	7694	
2453	0	11042	
2454	0	25560	
2455	0	49932	
2456	0	56636	
2457	0	56941	
2458	0	58104	
2459	0	49735	
2460	0	36468	
2461	0	36125	
2462	0	42959	
2463	0	34111	
2464	0	19997	
2465	0	12825	
2466	0	11866	
2467	0	8930	
2468	0	8952	
2469	0	11864	
2470	0	25551	
2471	0	46120	
2472	0	55007	
2473	0	56839	
2474	0	59924	
2475	0	57728	
2476	0	52447	
2477	0	51814	
2478	0	41298	
2479	0	25360	
2480	0	13005	
2481	0	6872	
2482	0	6313	
2483	0	12203	
2484	0	19920	
2485	0	27431	
2486	0	34623	
2487	0	40496	
2488	0	44122	
2489	0	43454	
2490	0	43920	
2491	0	41773	
2492	0	38438	
2493	0	34853	
2494	0	32638	
2495	0	32962	
2496	0	40948	
2497	0	38716	
2498	0	37480	
2499	0	42228	
2500	0	51202	
2501	0	46386	
2502	0	30398	
2503	0	16386	
2504	0	7125	
2505	0	5950	
2506	0	6535	
2507	0	11224	
2508	0	19852	
2509	0	30320	
2510	0	37516	
2511	0	38012	
2512	0	39767	
2513	0	46895	
2514	0	47132	
2515	0	45609	
2516	0	38938	
2517	0	30784	
2518	0	23808	
2519	0	18869	
2520	0	21564	
2521	0	29085	
2522	0	35028	
2523	0	38151	
2524	0	39570	
2525	0	40960	
2526	0	41840	
2527	0	45575	
2528	0	48512	
2529	0	50267	
2530	0	53981	
2531	0	52437	
2532	0	42076	
2533	0	30766	
2534	0	33656	
2535	0	34243	
2536	0	20605	
2537	0	9353	
2538	0	1744	
2539	0	1535	
2540	0	5521	
2541	0	9180	
2542	0	12308	
2543	0	26394	
2544	0	37656	
2545	0	42460	
2546	0	46510	
2547	0	53304	
2548	0	63814	
2549	0	61636	
2550	0	57967	
2551	0	54679	
2552	0	30162	
2553	0	14461	
2554	0	3765	
2555	0	5959	
2556	0	33072	
2557	0	56375	
2558	0	51935	
2559	0	31815	
2560	0	16235	
2561	0	6564	
2562	0	5881	
2563	0	9190	
2564	0	12286	
2565	0	21978	
2566	0	35314	
2567	0	39516	
2568	0	45210	
2569	0	48184	
2570	0	56152	
2571	0	58618	
2572	0	52631	
2573	0	47066	
2574	0	39730	
2575	0	30381	
2576	0	22582	
2577	0	22183	
2578	0	26928	
2579	0	29307	
2580	0	32360	
2581	0	33348	
2582	0	37403	
2583	0	43277	
2584	0	46008	
2585	0	48642	
2586	0	52942	
2587	0	51782	
2588	0	49516	
2589	0	31330	
2590	0	8332	
2591	0	37	
2592	0	23	
2593	0	2905	
2594	0	6997	
2595	0	10451	
2596	0	20165	
2597	0	30189	
2598	0	34860	
2599	0	39201	
2600	0	41194	
2601	0	41397	
2602	0	40809	
2603	0	40384	
2604	0	40624	
2605	0	40628	
2606	0	40615	
2607	0	42117	
2608	0	42615	
2609	0	43570	
2610	0	45548	
2611	0	49025	
2612	0	51910	
2613	0	52615	
2614	0	50470	
2615	0	48258	
2616	0	45402	
2617	0	12892	
2618	0	1023	
2619	0	25	
2620	0	20	
2621	0	4433	
2622	0	8287	
2623	0	11537	
2624	0	20322	
2625	0	32044	
2626	0	39624	
2627	0	43178	
2628	0	43152	
2629	0	41543	
2630	0	39101	
2631	0	37977	
2632	0	42009	
2633	0	43252	
2634	0	41817	
2635	0	40138	
2636	0	40336	
2637	0	40364	
2638	0	40620	
2639	0	40095	
2640	0	38538	
2641	0	40002	
2642	0	49159	
2643	0	52888	
2644	0	50977	
2645	0	48737	
2646	0	46733	
2647	0	41888	
2648	0	33703	
2649	0	25068	
2650	0	9660	
2651	0	2702	
2652	0	863	
2653	0	23	
2654	0	3765	
2655	0	7679	
2656	0	11015	
2657	0	13863	
2658	0	16310	
2659	0	18417	
2660	0	21093	
2661	0	42348	
2662	0	50780	
2663	0	53095	
2664	0	54180	
2665	0	52176	
2666	0	49954	
2667	0	48015	
2668	0	45063	
2669	0	41172	
2670	0	39568	
2671	0	38607	
2672	0	36709	
2673	0	39941	
2674	0	44260	
2675	0	44480	
2676	0	41780	
2677	0	34462	
2678	0	27902	
2679	0	20537	
2680	0	15727	
2681	0	17501	
2682	0	25502	
2683	0	30978	
2684	0	31104	
2685	0	32446	
2686	0	32437	
2687	0	31629	
2688	0	30396	
2689	0	30654	
2690	0	32380	
2691	0	34164	
2692	0	39954	
2693	0	49097	
2694	0	51070	
2695	0	42414	
2696	0	40124	
2697	0	47478	
2698	0	50359	
2699	0	48675	
2700	0	46727	
2701	0	18068	
2702	0	44	
2703	0	23	
2704	0	20	
2705	0	4129	
2706	0	8039	
2707	0	11332	
2708	0	23076	
2709	0	34310	
2710	0	39640	
2711	0	43956	
2712	0	46991	
2713	0	48911	
2714	0	49620	
2715	0	48996	
2716	0	53149	
2717	0	49847	
2718	0	39614	
2719	0	30342	
2720	0	28429	
2721	0	30903	
2722	0	37933	
2723	0	50695	
2724	0	52796	
2725	0	42489	
2726	0	39448	
2727	0	35734	
2728	0	25287	
2729	0	11924	
2730	0	103	
2731	0	22	
2732	0	4210	
2733	0	8084	
2734	0	14156	
2735	0	40116	
2736	0	57572	
2737	0	56946	
2738	0	49262	
2739	0	44933	
2740	0	40967	
2741	0	30704	
2742	0	19962	
2743	0	13253	
2744	0	10731	
2745	0	12731	
2746	0	15467	
2747	0	22940	
2748	0	34029	
2749	0	52231	
2750	0	65512	
2751	0	64285	
2752	0	60272	
2753	0	52029	
2754	0	32591	
2755	0	28250	
2756	0	28600	
2757	0	35060	
2758	0	37819	
2759	0	28009	
2760	0	16091	
2761	0	8976	
2762	0	9870	
2763	0	8806	
2764	0	16032	
2765	0	25590	
2766	0	32466	
2767	0	34419	
2768	0	41640	
2769	0	57972	
2770	0	63972	
2771	0	60935	
2772	0	57286	
2773	0	54082	
2774	0	51333	
2775	0	39928	
2776	0	14844	
2777	0	962	
2778	0	23	
2779	0	2470	
2780	0	6607	
2781	0	18361	
2782	0	49724	
2783	0	58704	
2784	0	56628	
2785	0	42660	
2786	0	27506	
2787	0	12990	
2788	0	12118	
2789	0	19385	
2790	0	30154	
2791	0	41501	
2792	0	56464	
2793	0	61191	
2794	0	58254	
2795	0	54982	
2796	0	44844	
2797	0	21911	
2798	0	3156	
2799	0	22	
2800	0	3649	
2801	0	7606	
2802	0	25068	
2803	0	41268	
2804	0	47218	
2805	0	57276	
2806	0	59644	
2807	0	46586	
2808	0	30232	
2809	0	24071	
2810	0	23596	
2811	0	16711	
2812	0	11736	
2813	0	14492	
2814	0	26363	
2815	0	37090	
2816	0	50274	
2817	0	54124	
2818	0	51318	
2819	0	42476	
2820	0	32493	
2821	0	25840	
2822	0	25060	
2823	0	34738	
2824	0	37383	
2825	0	37726	
2826	0	44943	
2827	0	54288	
2828	0	54228	
2829	0	51758	
2830	0	30281	
2831	0	12271	
2832	0	31	
2833	0	20	
2834	0	4728	
2835	0	8537	
2836	0	11762	
2837	0	30484	
2838	0	43548	
2839	0	50692	
2840	0	61165	
2841	0	63348	
2842	0	59840	
2843	0	56289	
2844	0	53224	
2845	0	50333	
2846	0	15021	
2847	0	2718	
2848	0	19	
2849	0	15765	
2850	0	33786	
2851	0	28100	
2852	0	18012	
2853	0	13480	
2854	0	14716	
2855	0	13994	
2856	0	15207	
2857	0	23716	
2858	0	34804	
2859	0	45252	
2860	0	51987	
2861	0	59616	
2862	0	64942	
2863	0	62596	
2864	0	58777	
2865	0	55357	
2866	0	38109	
2867	0	23527	
2868	0	13288	
2869	0	7782	
2870	0	13500	
2871	0	32228	
2872	0	55495	
2873	0	57636	
2874	0	47020	
2875	0	28098	
2876	0	15006	
2877	0	6207	
2878	0	3472	
2879	0	7008	
2880	0	15636	
2881	0	27098	
2882	0	30684	
2883	0	33796	
2884	0	39202	
2885	0	40676	
2886	0	40768	
2887	0	41369	
2888	0	38956	
2889	0	36023	
2890	0	34740	
2891	0	39580	
2892	0	47388	
2893	0	47055	
2894	0	45190	
2895	0	45088	
2896	0	45806	
2897	0	44743	
2898	0	43207	
2899	0	40568	
2900	0	40940	
2901	0	38965	
2902	0	33779	
2903	0	29614	
2904	0	24575	
2905	0	13301	
2906	0	947	
2907	0	868	
2908	0	4964	
2909	0	8715	
2910	0	11911	
2911	0	25919	
2912	0	42695	
2913	0	60464	
2914	0	65526	
2915	0	59766	
2916	0	42070	
2917	0	32229	
2918	0	25988	
2919	0	29685	
2920	0	37989	
2921	0	50695	
2922	0	50170	
2923	0	39182	
2924	0	30274	
2925	0	21976	
2926	0	12318	
2927	0	8783	
2928	0	16474	
2929	0	32073	
2930	0	46919	
2931	0	47920	
2932	0	51583	
2933	0	42631	
2934	0	24514	
2935	0	6262	
2936	0	4023	
2937	0	7546	
2938	0	10895	
2939	0	13775	
2940	0	19772	
2941	0	61044	
2942	0	65527	
2943	0	65535	
2944	0	61364	
2945	0	49784	
2946	0	21626	
2947	0	3239	
2948	0	4286	
2949	0	7975	
2950	0	11285	
2951	0	20581	
2952	0	36002	
2953	0	42962	
2954	0	48528	
2955	0	53492	
2956	0	53206	
2957	0	54172	
2958	0	58288	
2959	0	56516	
2960	0	53596	
2961	0	50931	
2962	0	42503	
2963	0	21187	
2964	0	9292	
2965	0	3049	
2966	0	3571	
2967	0	7660	
2968	0	15588	
2969	0	24023	
2970	0	30449	
2971	0	36724	
2972	0	44601	
2973	0	47307	
2974	0	45412	
2975	0	41991	
2976	0	38583	
2977	0	34472	
2978	0	33691	
2979	0	37556	
2980	0	51024	
2981	0	55040	
2982	0	52859	
2983	0	50364	
2984	0	21506	
2985	0	8299	
2986	0	6159	
2987	0	15313	
2988	0	22336	
2989	0	29645	
2990	0	32692	
2991	0	23392	
2992	0	11898	
2993	0	11654	
2994	0	22138	
2995	0	29584	
2996	0	34452	
2997	0	43276	
2998	0	49586	
2999	0	55164	
3000	0	59176	
3001	0	52999	
3002	0	39529	
3003	0	25180	
3004	0	15100	
3005	0	10851	
3006	0	10925	
3007	0	15257	
3008	0	23626	
3009	0	32432	
3010	0	35506	
3011	0	37281	
3012	0	39566	
3013	0	40839	
3014	0	41009	
3015	0	43766	
3016	0	49319	
3017	0	47494	
3018	0	44804	
3019	0	42624	
3020	0	38502	
3021	0	36587	
3022	0	46909	
3023	0	51493	
3024	0	50178	
3025	0	48066	
3026	0	23321	
3027	0	6712	
3028	0	28	
3029	0	20	
3030	0	3719	
3031	0	7683	
3032	0	11335	
3033	0	34459	
3034	0	42871	
3035	0	44929	
3036	0	43748	
3037	0	43629	
3038	0	44948	
3039	0	45108	
3040	0	42071	
3041	0	41296	
3042	0	42764	
3043	0	49476	
3044	0	51192	
3045	0	36886	
3046	0	21606	
3047	0	9781	
3048	0	3175	
3049	0	8199	
3050	0	20484	
3051	0	27870	
3052	0	37394	
3053	0	50800	
3054	0	51730	
3055	0	44454	
3056	0	48346	
3057	0	52640	
3058	0	49718	
3059	0	38416	
3060	0	20608	
3061	0	8597	
3062	0	13960	
3063	0	26558	
3064	0	26668	
3065	0	23340	
3066	0	23701	
3067	0	26925	
3068	0	28892	
3069	0	24248	
3070	0	19256	
3071	0	15901	
3072	0	14008	
3073	0	15172	
3074	0	21029	
3075	0	32580	
3076	0	42783	
3077	0	48007	
3078	0	52776	
3079	0	59503	
3080	0	63474	
3081	0	58167	
3082	0	48208	
3083	0	38253	
3084	0	30786	
3085	0	26356	
3086	0	22732	
3087	0	21087	
3088	0	23045	
3089	0	26366	
3090	0	31719	
3091	0	44088	
3092	0	49412	
3093	0	51504	
3094	0	48917	
3095	0	51643	
3096	0	50980	
3097	0	48870	
3098	0	34752	
3099	0	15842	
3100	0	3506	
3101	0	2136	
3102	0	1084	
3103	0	4293	
3104	0	8086	
3105	0	11360	
3106	0	29872	
3107	0	41736	
3108	0	47079	
3109	0	43688	
3110	0	38876	
3111	0	36013	
3112	0	36850	
3113	0	43244	
3114	0	43901	
3115	0	47532	
3116	0	53304	
3117	0	44594	
3118	0	31941	
3119	0	30315	
3120	0	22157	
3121	0	13164	
3122	0	15952	
3123	0	21858	
3124	0	21081	
3125	0	22737	
3126	0	28350	
3127	0	31999	
3128	0	32457	
3129	0	35460	
3130	0	48276	
3131	0	59640	
3132	0	60759	
3133	0	57583	
3134	0	47432	
3135	0	32276	
3136	0	25822	
3137	0	25808	
3138	0	26510	
3139	0	28905	
3140	0	27503	
3141	0	22816	
3142	0	22809	
3143	0	24862	
3144	0	19665	
3145	0	21797	
3146	0	35970	
3147	0	44057	
3148	0	37533	
3149	0	30181	
3150	0	32146	
3151	0	25629	
3152	0	16425	
3153	0	15780	
3154	0	20464	
3155	0	27068	
3156	0	41130	
3157	0	54512	
3158	0	63077	
3159	0	60825	
3160	0	57257	
3161	0	54053	
3162	0	32348	
3163	0	24060	
3164	0	13959	
3165	0	10396	
3166	0	11945	
3167	0	15988	
3168	0	26268	
3169	0	36871	
3170	0	41223	
3171	0	35703	
3172	0	34299	
3173	0	30304	
3174	0	21380	
3175	0	15077	
3176	0	16225	
3177	0	22630	
3178	0	26799	
3179	0	31437	
3180	0	38020	
3181	0	48338	
3182	0	53900	
3183	0	48280	
3184	0	40598	
3185	0	34028	
3186	0	27585	
3187	0	24870	
3188	0	29070	
3189	0	35049	
3190	0	38624	
3191	0	41336	
3192	0	43105	
3193	0	44166	
3194	0	45474	
3195	0	52788	
3196	0	54036	
3197	0	45588	
3198	0	30131	
3199	0	19190	
3200	0	11914	
3201	0	10076	
3202	0	11709	
3203	0	19831	
3204	0	26298	
3205	0	29840	
3206	0	31072	
3207	0	34003	
3208	0	36356	
3209	0	36290	
3210	0	35731	
3211	0	35661	
3212	0	36652	
3213	0	39447	
3214	0	49427	
3215	0	57164	
3216	0	55103	
3217	0	52320	
3218	0	49824	
3219	0	25212	
3220	0	47	
3221	0	23	
3222	0	21	
3223	0	5200	
3224	0	24702	
3225	0	35647	
3226	0	40997	
3227	0	46818	
3228	0	47685	
3229	0	41505	
3230	0	30034	
3231	0	19686	
3232	0	9854	
3233	0	9106	
3234	0	11952	
3235	0	14656	
3236	0	16996	
3237	0	38528	
3238	0	48690	
3239	0	55140	
3240	0	57232	
3241	0	58388	
3242	0	51164	
3243	0	39997	
3244	0	33247	
3245	0	28924	
3246	0	27302	
3247	0	27592	
3248	0	34518	
3249	0	39123	
3250	0	38685	
3251	0	35776	
3252	0	38200	
3253	0	40455	
3254	0	36956	
3255	0	35914	
3256	0	47830	
3257	0	53336	
3258	0	51719	
3259	0	42070	
3260	0	25703	
3261	0	15108	
3262	0	4072	
3263	0	24	
3264	0	3075	
3265	0	8915	
3266	0	20796	
3267	0	28216	
3268	0	33261	
3269	0	35813	
3270	0	37074	
3271	0	41176	
3272	0	40022	
3273	0	38232	
3274	0	38188	
3275	0	38019	
3276	0	40391	
3277	0	45942	
3278	0	54468	
3279	0	53405	
3280	0	44451	
3281	0	36701	
3282	0	42708	
3283	0	49892	
3284	0	49604	
3285	0	47687	
3286	0	33637	
3287	0	8288	
3288	0	30	
3289	0	21	
3290	0	1739	
3291	0	6012	
3292	0	9620	
3293	0	12676	
3294	0	15736	
3295	0	26119	
3296	0	28256	
3297	0	34066	
3298	0	43954	
3299	0	50782	
3300	0	53942	
3301	0	53952	
3302	0	53618	
3303	0	50116	
3304	0	45868	
3305	0	42132	
3306	0	40497	
3307	0	41232	
3308	0	39557	
3309	0	37944	
3310	0	34400	
3311	0	29648	
3312	0	25977	
3313	0	24957	
3314	0	28243	
3315	0	29957	
3316	0	35078	
3317	0	43802	
3318	0	47270	
3319	0	46432	
3320	0	37244	
3321	0	24374	
3322	0	12487	
3323	0	5439	
3324	0	3583	
3325	0	10152	
3326	0	21930	
3327	0	29019	
3328	0	34707	
3329	0	40912	
3330	0	41804	
3331	0	39341	
3332	0	37722	
3333	0	39056	
3334	0	44144	
3335	0	46342	
3336	0	52672	
3337	0	55532	
3338	0	43752	
3339	0	27560	
3340	0	16564	
3341	0	12118	
3342	0	9753	
3343	0	12453	
3344	0	17039	
3345	0	23375	
3346	0	28278	
3347	0	32956	
3348	0	36044	
3349	0	38117	
3350	0	39976	
3351	0	40703	
3352	0	40044	
3353	0	37407	
3354	0	34626	
3355	0	33226	
3356	0	34480	
3357	0	38901	
3358	0	44824	
3359	0	48847	
3360	0	47376	
3361	0	49024	
3362	0	48464	
3363	0	35696	
3364	0	22302	
3365	0	26231	
3366	0	33104	
3367	0	29447	
3368	0	28853	
3369	0	37654	
3370	0	33816	
3371	0	24262	
3372	0	15346	
3373	0	7550	
3374	0	4613	
3375	0	7786	
3376	0	11073	
3377	0	13914	
3378	0	16355	
3379	0	33488	
3380	0	45674	
3381	0	49540	
3382	0	49290	
3383	0	47494	
3384	0	48588	
3385	0	58352	
3386	0	60842	
3387	0	57748	
3388	0	54559	
3389	0	38420	
3390	0	23880	
3391	0	12136	
3392	0	7629	
3393	0	13977	
3394	0	22569	
3395	0	31943	
3396	0	38132	
3397	0	38503	
3398	0	40132	
3399	0	38149	
3400	0	32226	
3401	0	25298	
3402	0	20460	
3403	0	17336	
3404	0	16902	
3405	0	22334	
3406	0	34680	
3407	0	45201	
3408	0	46505	
3409	0	49558	
3410	0	51421	
3411	0	47036	
3412	0	36378	
3413	0	26290	
3414	0	21146	
3415	0	17243	
3416	0	17564	
3417	0	20887	
3418	0	25991	
3419	0	32413	
3420	0	36040	
3421	0	38741	
3422	0	39809	
3423	0	39875	
3424	0	39208	
3425	0	38683	
3426	0	38486	
3427	0	38480	
3428	0	38633	
3429	0	37618	
3430	0	37634	
3431	0	39274	
3432	0	38477	
3433	0	40799	
3434	0	48912	
3435	0	49268	
3436	0	37583	
3437	0	24578	
3438	0	17961	
3439	0	17582	
3440	0	21829	
3441	0	28994	
3442	0	31725	
3443	0	31008	
3444	0	21448	
3445	0	11432	
3446	0	13673	
3447	0	20050	
3448	0	20541	
3449	0	24748	
3450	0	30610	
3451	0	31270	
3452	0	34807	
3453	0	37556	
3454	0	43769	
3455	0	43007	
3456	0	38575	
3457	0	32327	
3458	0	26056	
3459	0	28521	
3460	0	34718	
3461	0	42596	
3462	0	48237	
3463	0	54138	
3464	0	55866	
3465	0	50450	
3466	0	47588	
3467	0	40755	
3468	0	32366	
3469	0	22470	
3470	0	11483	
3471	0	3418	
3472	0	3112	
3473	0	8310	
3474	0	15398	
3475	0	23322	
3476	0	29961	
3477	0	38021	
3478	0	42554	
3479	0	46022	
3480	0	53434	
3481	0	54584	
3482	0	53398	
3483	0	45063	
3484	0	38769	
3485	0	40804	
3486	0	43366	
3487	0	41991	
3488	0	34852	
3489	0	26692	
3490	0	16317	
3491	0	6889	
3492	0	2973	
3493	0	6084	
3494	0	9613	
3495	0	12674	
3496	0	34764	
3497	0	45716	
3498	0	58340	
3499	0	64116	
3500	0	61824	
3501	0	57854	
3502	0	37604	
3503	0	23945	
3504	0	19173	
3505	0	21597	
3506	0	27081	
3507	0	39552	
3508	0	43565	
3509	0	38940	
3510	0	28640	
3511	0	18924	
3512	0	10162	
3513	0	7534	
3514	0	14168	
3515	0	27022	
3516	0	35335	
3517	0	38589	
3518	0	40828	
3519	0	47206	
3520	0	56018	
3521	0	56263	
3522	0	50936	
3523	0	49856	
3524	0	44922	
3525	0	31472	
3526	0	15994	
3527	0	8769	
3528	0	8115	
3529	0	12905	
3530	0	19070	
3531	0	29570	
3532	0	43196	
3533	0	49701	
3534	0	46151	
3535	0	40085	
3536	0	34189	
3537	0	26845	
3538	0	22276	
3539	0	22134	
3540	0	25278	
3541	0	26738	
3542	0	28797	
3543	0	32368	
3544	0	36656	
3545	0	44104	
3546	0	48821	
3547	0	51429	
3548	0	50086	
3549	0	42116	
3550	0	31548	
3551	0	26235	
3552	0	29408	
3553	0	25607	
3554	0	21498	
3555	0	23116	
3556	0	25106	
3557	0	23437	
3558	0	23632	
3559	0	26144	
3560	0	34644	
3561	0	48408	
3562	0	58612	
3563	0	58663	
3564	0	55628	
3565	0	52688	
3566	0	36173	
3567	0	13253	
3568	0	1692	
3569	0	23	
3570	0	3964	
3571	0	7872	
3572	0	11196	
3573	0	26484	
3574	0	32426	
3575	0	37424	
3576	0	43031	
3577	0	46636	
3578	0	47408	
3579	0	47954	
3580	0	48676	
3581	0	47868	
3582	0	45810	
3583	0	41792	
3584	0	40173	
3585	0	44288	
3586	0	45102	
3587	0	36356	
3588	0	28896	
3589	0	30965	
3590	0	32216	
3591	0	27194	
3592	0	21629	
3593	0	18124	
3594	0	12782	
3595	0	15698	
3596	0	24646	
3597	0	31959	
3598	0	33103	
3599	0	27908	
3600	0	23852	
3601	0	21728	
3602	0	20526	
3603	0	20630	
3604	0	28152	
3605	0	45684	
3606	0	63424	
3607	0	63376	
3608	0	51360	
3609	0	37932	
3610	0	27289	
3611	0	17936	
3612	0	11681	
3613	0	9896	
3614	0	17697	
3615	0	28272	
3616	0	37895	
3617	0	41382	
3618	0	46112	
3619	0	56442	
3620	0	60031	
3621	0	56726	
3622	0	46240	
3623	0	40002	
3624	0	38767	
3625	0	28336	
3626	0	17302	
3627	0	15515	
3628	0	14996	
3629	0	9798	
3630	0	6751	
3631	0	17371	
3632	0	34920	
3633	0	49306	
3634	0	53618	
3635	0	49469	
3636	0	40715	
3637	0	32662	
3638	0	29120	
3639	0	29489	
3640	0	29257	
3641	0	28367	
3642	0	29032	
3643	0	30919	
3644	0	40270	
3645	0	53500	
3646	0	57192	
3647	0	54759	
3648	0	51991	
3649	0	30714	
3650	0	8234	
3651	0	27	
3652	0	6023	
3653	0	29072	
3654	0	38149	
3655	0	38087	
3656	0	37402	
3657	0	40476	
3658	0	37976	
3659	0	21737	
3660	0	10752	
3661	0	8448	
3662	0	9968	
3663	0	12623	
3664	0	16557	
3665	0	33232	
3666	0	46695	
3667	0	48528	
3668	0	45210	
3669	0	43847	
3670	0	44240	
3671	0	48236	
3672	0	56533	
3673	0	58330	
3674	0	56095	
3675	0	53191	
3676	0	50596	
3677	0	28633	
3678	0	8925	
3679	0	36	
3680	0	22	
3681	0	3943	
3682	0	7870	
3683	0	11183	
3684	0	14023	
3685	0	23381	
3686	0	39396	
3687	0	50172	
3688	0	53765	
3689	0	51819	
3690	0	48034	
3691	0	43962	
3692	0	40121	
3693	0	37371	
3694	0	34583	
3695	0	35694	
3696	0	35435	
3697	0	34588	
3698	0	34481	
3699	0	34087	
3700	0	34214	
3701	0	35120	
3702	0	35350	
3703	0	35423	
3704	0	35461	
3705	0	35335	
3706	0	35190	
3707	0	34708	
3708	0	36946	
3709	0	39462	
3710	0	36771	
3711	0	31862	
3712	0	29086	
3713	0	26934	
3714	0	24276	
3715	0	24871	
3716	0	25159	
3717	0	25772	
3718	0	28116	
3719	0	28313	
3720	0	29156	
3721	0	32884	
3722	0	36196	
3723	0	37204	
3724	0	35750	
3725	0	33460	
3726	0	31775	
3727	0	30580	
3728	0	32670	
3729	0	37430	
3730	0	40172	
3731	0	42272	
3732	0	44734	
3733	0	47889	
3734	0	47910	
3735	0	39592	
3736	0	27065	
3737	0	15725	
3738	0	9528	
3739	0	7867	
3740	0	11464	
3741	0	16866	
3742	0	24350	
3743	0	30280	
3744	0	34194	
3745	0	37620	
3746	0	41316	
3747	0	43314	
3748	0	42925	
3749	0	40751	
3750	0	41262	
3751	0	41607	
3752	0	41834	
3753	0	38804	
3754	0	31367	
3755	0	23913	
3756	0	18842	
3757	0	16847	
3758	0	21854	
3759	0	30461	
3760	0	34980	
3761	0	37250	
3762	0	38696	
3763	0	40650	
3764	0	46404	
3765	0	51182	
3766	0	48695	
3767	0	40780	
3768	0	30006	
3769	0	18374	
3770	0	10204	
3771	0	10362	
3772	0	14464	
3773	0	22709	
3774	0	29724	
3775	0	33571	
3776	0	35235	
3777	0	40600	
3778	0	47988	
3779	0	48943	
3780	0	45510	
3781	0	40455	
3782	0	36980	
3783	0	31076	
3784	0	30148	
3785	0	35020	
3786	0	38866	
3787	0	36884	
3788	0	32039	
3789	0	26809	
3790	0	23818	
3791	0	21499	
3792	0	20961	
3793	0	30302	
3794	0	38834	
3795	0	39834	
3796	0	37383	
3797	0	35654	
3798	0	30416	
3799	0	24519	
3800	0	22418	
3801	0	21779	
3802	0	22042	
3803	0	23922	
3804	0	29927	
3805	0	35351	
3806	0	38776	
3807	0	40133	
3808	0	40370	
3809	0	40164	
3810	0	39794	
3811	0	40079	
3812	0	40658	
3813	0	39419	
3814	0	37651	
3815	0	35231	
3816	0	33562	
3817	0	33665	
3818	0	33767	
3819	0	37186	
3820	0	49992	
3821	0	54393	
3822	0	52359	
3823	0	49935	
3824	0	47766	
3825	0	19075	
3826	0	41	
3827	0	23	
3828	0	19	
3829	0	5074	
3830	0	20284	
3831	0	32220	
3832	0	47405	
3833	0	54277	
3834	0	50812	
3835	0	44484	
3836	0	34024	
3837	0	23353	
3838	0	18644	
3839	0	13969	
3840	0	14766	
3841	0	26208	
3842	0	44678	
3843	0	55056	
3844	0	50716	
3845	0	36258	
3846	0	23558	
3847	0	22866	
3848	0	20948	
3849	0	14951	
3850	0	17901	
3851	0	30119	
3852	0	40936	
3853	0	48260	
3854	0	51260	
3855	0	45466	
3856	0	38851	
3857	0	35563	
3858	0	36129	
3859	0	30753	
3860	0	24583	
3861	0	20803	
3862	0	19876	
3863	0	23129	
3864	0	30689	
3865	0	37662	
3866	0	46784	
3867	0	45508	
3868	0	37801	
3869	0	30749	
3870	0	27014	
3871	0	29422	
3872	0	35824	
3873	0	37122	
3874	0	36313	
3875	0	34149	
3876	0	32622	
3877	0	33964	
3878	0	35268	
3879	0	33502	
3880	0	32134	
3881	0	32130	
3882	0	32236	
3883	0	32835	
3884	0	33580	
3885	0	34242	
3886	0	34695	
3887	0	35760	
3888	0	35271	
3889	0	33583	
3890	0	32199	
3891	0	32225	
3892	0	33436	
3893	0	38420	
3894	0	43473	
3895	0	46712	
3896	0	40615	
3897	0	30532	
3898	0	20825	
3899	0	16897	
3900	0	16214	
3901	0	22494	
3902	0	28699	
3903	0	32512	
3904	0	34784	
3905	0	32285	
3906	0	29740	
3907	0	28774	
3908	0	29267	
3909	0	33081	
3910	0	44986	
3911	0	48458	
3912	0	43618	
3913	0	35827	
3914	0	27108	
3915	0	20903	
3916	0	20137	
3917	0	25285	
3918	0	37890	
3919	0	48418	
3920	0	53412	
3921	0	51239	
3922	0	40658	
3923	0	25910	
3924	0	13726	
3925	0	6258	
3926	0	5166	
3927	0	13671	
3928	0	25300	
3929	0	34454	
3930	0	38994	
3931	0	39634	
3932	0	37881	
3933	0	37890	
3934	0	38276	
3935	0	38368	
3936	0	38306	
3937	0	37780	
3938	0	37023	
3939	0	36316	
3940	0	35837	
3941	0	35299	
3942	0	34714	
3943	0	34061	
3944	0	33614	
3945	0	33287	
3946	0	32935	
3947	0	32710	
3948	0	32839	
3949	0	34404	
3950	0	35687	
3951	0	38348	
3952	0	38580	
3953	0	37502	
3954	0	40762	
3955	0	39785	
3956	0	41598	
3957	0	42469	
3958	0	35312	
3959	0	22594	
3960	0	11434	
3961	0	5151	
3962	0	4329	
3963	0	7827	
3964	0	20888	
3965	0	32868	
3966	0	38974	
3967	0	40863	
3968	0	41009	
3969	0	39517	
3970	0	39696	
3971	0	41434	
3972	0	41991	
3973	0	47426	
3974	0	55652	
3975	0	56537	
3976	0	51014	
3977	0	36324	
3978	0	21222	
3979	0	11510	
3980	0	6478	
3981	0	10098	
3982	0	21350	
3983	0	31784	
3984	0	37944	
3985	0	35090	
3986	0	30105	
3987	0	29238	
3988	0	23980	
3989	0	25346	
3990	0	33454	
3991	0	39629	
3992	0	44336	
3993	0	42593	
3994	0	38651	
3995	0	37508	
3996	0	33338	
3997	0	28098	
3998	0	30452	
3999	0	38986	
4000	0	48743	
4001	0	53636	
4002	0	55072	
4003	0	47228	
4004	0	29169	
4005	0	11478	
4006	0	28	
4007	0	2009	
4008	0	6142	
4009	0	9729	
4010	0	12784	
4011	0	26768	
4012	0	39418	
4013	0	45392	
4014	0	49159	
4015	0	53980	
4016	0	54736	
4017	0	48944	
4018	0	41629	
4019	0	35204	
4020	0	29776	
4021	0	28391	
4022	0	29365	
4023	0	29535	
4024	0	33988	
4025	0	42157	
4026	0	54540	
4027	0	55815	
4028	0	53312	
4029	0	50134	
4030	0	30400	
4031	0	14348	
4032	0	36	
4033	0	4097	
4034	0	27576	
4035	0	41152	
4036	0	38803	
4037	0	37726	
4038	0	29017	
4039	0	16118	
4040	0	8548	
4041	0	7629	
4042	0	17314	
4043	0	33268	
4044	0	43828	
4045	0	45463	
4046	0	43213	
4047	0	45729	
4048	0	45556	
4049	0	34412	
4050	0	31975	
4051	0	43348	
4052	0	48135	
4053	0	37588	
4054	0	28346	
4055	0	18402	
4056	0	6520	
4057	0	6668	
4058	0	9932	
4059	0	12935	
4060	0	24025	
4061	0	39943	
4062	0	46438	
4063	0	48679	
4064	0	50409	
4065	0	49473	
4066	0	46364	
4067	0	42093	
4068	0	37396	
4069	0	34119	
4070	0	33309	
4071	0	34308	
4072	0	36479	
4073	0	36147	
4074	0	34239	
4075	0	31604	
4076	0	29897	
4077	0	30402	
4078	0	31599	
4079	0	32816	
4080	0	33302	
4081	0	32976	
4082	0	32121	
4083	0	31600	
4084	0	33166	
4085	0	35871	
4086	0	38690	
4087	0	40044	
4088	0	38853	
4089	0	35003	
4090	0	31202	
4091	0	28724	
4092	0	26001	
4093	0	25762	
4094	0	25138	
4095	0	25341	
4096	0	25862	
4097	0	26119	
4098	0	28157	
4099	0	31608	
4100	0	34322	
4101	0	36239	
4102	0	37383	
4103	0	37746	
4104	0	36946	
4105	0	35535	
4106	0	34269	
4107	0	32775	
4108	0	31500	
4109	0	31380	
4110	0	32141	
4111	0	32978	
4112	0	33454	
4113	0	33550	
4114	0	33362	
4115	0	33490	
4116	0	33548	
4117	0	33351	
4118	0	32813	
4119	0	32707	
4120	0	32757	
4121	0	33095	
4122	0	33334	
4123	0	33037	
4124	0	32951	
4125	0	32958	
4126	0	32592	
4127	0	32424	
4128	0	32582	
4129	0	32711	
4130	0	33476	
4131	0	36918	
4132	0	40966	
4133	0	38672	
4134	0	34688	
4135	0	30357	
4136	0	27193	
4137	0	24656	
4138	0	23506	
4139	0	25699	
4140	0	29639	
4141	0	32222	
4142	0	34310	
4143	0	34780	
4144	0	34288	
4145	0	34614	
4146	0	35548	
4147	0	37852	
4148	0	39974	
4149	0	40675	
4150	0	44548	
4151	0	48860	
4152	0	45248	
4153	0	35923	
4154	0	25856	
4155	0	20248	
4156	0	14819	
4157	0	12227	
4158	0	15513	
4159	0	19797	
4160	0	24272	
4161	0	30178	
4162	0	35327	
4163	0	36771	
4164	0	35548	
4165	0	34124	
4166	0	33287	
4167	0	33493	
4168	0	35296	
4169	0	38375	
4170	0	40900	
4171	0	41612	
4172	0	44595	
4173	0	42149	
4174	0	35200	
4175	0	29932	
4176	0	26098	
4177	0	22983	
4178	0	22441	
4179	0	24819	
4180	0	28920	
4181	0	32432	
4182	0	34413	
4183	0	36790	
4184	0	38633	
4185	0	40733	
4186	0	41307	
4187	0	39997	
4188	0	38383	
4189	0	35738	
4190	0	33360	
4191	0	32823	
4192	0	33127	
4193	0	32500	
4194	0	29544	
4195	0	27448	
4196	0	29350	
4197	0	33597	
4198	0	38320	
4199	0	41782	
4200	0	43480	
4201	0	41729	
4202	0	32708	
4203	0	19655	
4204	0	11487	
4205	0	6854	
4206	0	9703	
4207	0	21758	
4208	0	34732	
4209	0	41705	
4210	0	42124	
4211	0	39125	
4212	0	35050	
4213	0	32542	
4214	0	33448	
4215	0	36002	
4216	0	38956	
4217	0	40295	
4218	0	39887	
4219	0	35858	
4220	0	33696	
4221	0	34365	
4222	0	37633	
4223	0	41095	
4224	0	43740	
4225	0	40636	
4226	0	32377	
4227	0	22758	
4228	0	15410	
4229	0	13498	
4230	0	18707	
4231	0	25434	
4232	0	33287	
4233	0	38281	
4234	0	39804	
4235	0	39047	
4236	0	37058	
4237	0	34183	
4238	0	32598	
4239	0	31805	
4240	0	32293	
4241	0	32886	
4242	0	32698	
4243	0	33537	
4244	0	35124	
4245	0	36738	
4246	0	36240	
4247	0	35975	
4248	0	36366	
4249	0	34343	
4250	0	32588	
4251	0	32039	
4252	0	31245	
4253	0	30852	
4254	0	31142	
4255	0	31936	
4256	0	33144	
4257	0	36280	
4258	0	40566	
4259	0	42131	
4260	0	40198	
4261	0	34456	
4262	0	28408	
4263	0	25258	
4264	0	21940	
4265	0	21720	
4266	0	24257	
4267	0	30212	
4268	0	34543	
4269	0	34601	
4270	0	33968	
4271	0	33287	
4272	0	35704	
4273	0	41692	
4274	0	43828	
4275	0	39860	
4276	0	35679	
4277	0	35449	
4278	0	34503	
4279	0	27522	
4280	0	20522	
4281	0	17506	
4282	0	18073	
4283	0	18808	
4284	0	22396	
4285	0	28143	
4286	0	34470	
4287	0	40485	
4288	0	43719	
4289	0	42554	
4290	0	40000	
4291	0	37428	
4292	0	33900	
4293	0	30343	
4294	0	29660	
4295	0	30357	
4296	0	31710	
4297	0	33816	
4298	0	35550	
4299	0	35788	
4300	0	35670	
4301	0	35746	
4302	0	36502	
4303	0	35963	
4304	0	35428	
4305	0	35027	
4306	0	34395	
4307	0	34080	
4308	0	33430	
4309	0	32290	
4310	0	32807	
4311	0	34532	
4312	0	36025	
4313	0	35727	
4314	0	35008	
4315	0	34331	
4316	0	34864	
4317	0	36999	
4318	0	37063	
4319	0	33510	
4320	0	26716	
4321	0	19954	
4322	0	16514	
4323	0	14183	
4324	0	16300	
4325	0	24165	
4326	0	31580	
4327	0	35750	
4328	0	37682	
4329	0	38340	
4330	0	38253	
4331	0	37959	
4332	0	37602	
4333	0	37212	
4334	0	36987	
4335	0	36971	
4336	0	36830	
4337	0	36999	
4338	0	36397	
4339	0	34868	
4340	0	33590	
4341	0	33328	
4342	0	33010	
4343	0	31134	
4344	0	29428	
4345	0	29133	
4346	0	29960	
4347	0	30650	
4348	0	31659	
4349	0	32364	
4350	0	33182	
4351	0	33398	
4352	0	34404	
4353	0	37462	
4354	0	40820	
4355	0	42436	
4356	0	37314	
4357	0	31272	
4358	0	25924	
4359	0	23154	
4360	0	23080	
4361	0	26271	
4362	0	29154	
4363	0	32332	
4364	0	34992	
4365	0	36332	
4366	0	36917	
4367	0	39008	
4368	0	39406	
4369	0	37925	
4370	0	35172	
4371	0	31896	
4372	0	28381	
4373	0	24934	
4374	0	22569	
4375	0	22198	
4376	0	24501	
4377	0	28330	
4378	0	32000	
4379	0	35471	
4380	0	38439	
4381	0	39849	
4382	0	39898	
4383	0	38069	
4384	0	36367	
4385	0	36583	
4386	0	34567	
4387	0	31661	
4388	0	31546	
4389	0	32289	
4390	0	31679	
4391	0	31632	
4392	0	32732	
4393	0	33109	
4394	0	32756	
4395	0	32775	
4396	0	32653	
4397	0	32505	
4398	0	31958	
4399	0	32157	
4400	0	32713	
4401	0	32871	
4402	0	33517	
4403	0	34557	
4404	0	33653	
4405	0	32633	
4406	0	31298	
4407	0	31230	
4408	0	32300	
4409	0	34224	
4410	0	36038	
4411	0	38666	
4412	0	39739	
4413	0	40276	
4414	0	40532	
4415	0	39961	
4416	0	33826	
4417	0	25670	
4418	0	20810	
4419	0	17366	
4420	0	17956	
4421	0	21190	
4422	0	26028	
4423	0	31819	
4424	0	35120	
4425	0	36832	
4426	0	38980	
4427	0	43770	
4428	0	42146	
4429	0	38379	
4430	0	35399	
4431	0	32238	
4432	0	27837	
4433	0	24432	
4434	0	26137	
4435	0	29982	
4436	0	32189	
4437	0	34106	
4438	0	36411	
4439	0	36546	
4440	0	35470	
4441	0	34320	
4442	0	32337	
4443	0	29346	
4444	0	27458	
4445	0	27968	
4446	0	30137	
4447	0	32411	
4448	0	34626	
4449	0	36830	
4450	0	36564	
4451	0	36554	
4452	0	37460	
4453	0	38705	
4454	0	36999	
4455	0	34197	
4456	0	31897	
4457	0	30488	
4458	0	29936	
4459	0	31872	
4460	0	34362	
4461	0	35298	
4462	0	35440	
4463	0	35520	
4464	0	33204	
4465	0	31012	
4466	0	33737	
4467	0	36597	
4468	0	35565	
4469	0	35212	
4470	0	33853	
4471	0	29431	
4472	0	25733	
4473	0	31670	
4474	0	38946	
4475	0	38180	
4476	0	33117	
4477	0	27813	
4478	0	22774	
4479	0	17917	
4480	0	15574	
4481	0	20493	
4482	0	27798	
4483	0	36265	
4484	0	39328	
4485	0	37511	
4486	0	34746	
4487	0	32602	
4488	0	32884	
4489	0	33798	
4490	0	34700	
4491	0	36238	
4492	0	40933	
4493	0	41151	
4494	0	37466	
4495	0	33826	
4496	0	31237	
4497	0	29234	
4498	0	29786	
4499	0	31525	
4500	0	33447	
4501	0	34840	
4502	0	35250	
4503	0	35128	
4504	0	34976	
4505	0	34460	
4506	0	33913	
4507	0	33756	
4508	0	35001	
4509	0	36210	
4510	0	36359	
4511	0	35875	
4512	0	34021	
4513	0	30630	
4514	0	28328	
4515	0	28864	
4516	0	28633	
4517	0	30572	
4518	0	32425	
4519	0	32921	
4520	0	32619	
4521	0	32272	
4522	0	32263	
4523	0	32724	
4524	0	33234	
4525	0	33236	
4526	0	33440	
4527	0	34038	
4528	0	34134	
4529	0	34578	
4530	0	34254	
4531	0	32631	
4532	0	30959	
4533	0	30945	
4534	0	31399	
4535	0	31253	
4536	0	32178	
4537	0	33220	
4538	0	33512	
4539	0	33253	
4540	0	32953	
4541	0	33536	
4542	0	33848	
4543	0	32796	
4544	0	32226	
4545	0	31736	
4546	0	31016	
4547	0	30313	
4548	0	30662	
4549	0	31775	
4550	0	33016	
4551	0	33658	
4552	0	33655	
4553	0	33645	
4554	0	34201	
4555	0	34761	
4556	0	35290	
4557	0	37312	
4558	0	39538	
4559	0	39102	
4560	0	35817	
4561	0	32668	
4562	0	34349	
4563	0	35239	
4564	0	32066	
4565	0	27714	
4566	0	25326	
4567	0	21999	
4568	0	17498	
4569	0	18247	
4570	0	24493	
4571	0	29328	
4572	0	33035	
4573	0	35783	
4574	0	36556	
4575	0	36621	
4576	0	37014	
4577	0	36925	
4578	0	36668	
4579	0	36349	
4580	0	36077	
4581	0	35615	
4582	0	35130	
4583	0	34887	
4584	0	34679	
4585	0	34387	
4586	0	34049	
4587	0	33698	
4588	0	33367	
4589	0	33250	
4590	0	33326	
4591	0	32937	
4592	0	32704	
4593	0	32621	
4594	0	32843	
4595	0	32993	
4596	0	33104	
4597	0	33046	
4598	0	32679	
4599	0	32478	
4600	0	32677	
4601	0	33158	
4602	0	34498	
4603	0	36178	
4604	0	38508	
4605	0	45048	
4606	0	44599	
4607	0	38577	
4608	0	29976	
4609	0	20456	
4610	0	14625	
4611	0	15907	
4612	0	21945	
4613	0	27231	
4614	0	29807	
4615	0	31696	
4616	0	33817	
4617	0	35567	
4618	0	36529	
4619	0	36506	
4620	0	38003	
4621	0	40768	
4622	0	42772	
4623	0	42445	
4624	0	37824	
4625	0	32442	
4626	0	25455	
4627	0	22247	
4628	0	21884	
4629	0	23655	
4630	0	27726	
4631	0	32321	
4632	0	35160	
4633	0	34684	
4634	0	35192	
4635	0	38016	
4636	0	36125	
4637	0	32890	
4638	0	32064	
4639	0	31013	
4640	0	29514	
4641	0	29325	
4642	0	31598	
4643	0	33125	
4644	0	33970	
4645	0	34636	
4646	0	34338	
4647	0	33798	
4648	0	34468	
4649	0	36285	
4650	0	37618	
4651	0	37414	
4652	0	36708	
4653	0	35713	
4654	0	33900	
4655	0	32882	
4656	0	32807	
4657	0	31034	
4658	0	30082	
4659	0	31239	
4660	0	32183	
4661	0	32167	
4662	0	31295	
4663	0	30236	
4664	0	30727	
4665	0	31268	
4666	0	32626	
4667	0	33649	
4668	0	33177	
4669	0	32560	
4670	0	33043	
4671	0	33275	
4672	0	32402	
4673	0	31797	
4674	0	32507	
4675	0	32909	
4676	0	33441	
4677	0	34912	
4678	0	35351	
4679	0	34609	
4680	0	33340	
4681	0	32430	
4682	0	32060	
4683	0	32244	
4684	0	32041	
4685	0	32243	
4686	0	34119	
4687	0	35959	
4688	0	36359	
4689	0	35687	
4690	0	33905	
4691	0	32564	
4692	0	32923	
4693	0	35035	
4694	0	35265	
4695	0	36554	
4696	0	37255	
4697	0	33837	
4698	0	28664	
4699	0	24252	
4700	0	21425	
4701	0	22060	
4702	0	25538	
4703	0	30559	
4704	0	32597	
4705	0	32940	
4706	0	31514	
4707	0	29368	
4708	0	29030	
4709	0	31072	
4710	0	32687	
4711	0	33889	
4712	0	35166	
4713	0	36146	
4714	0	36596	
4715	0	36688	
4716	0	36718	
4717	0	37532	
4718	0	37173	
4719	0	36344	
4720	0	37095	
4721	0	37264	
4722	0	35830	
4723	0	33984	
4724	0	31892	
4725	0	30907	
4726	0	31751	
4727	0	32120	
4728	0	32640	
4729	0	32844	
4730	0	31746	
4731	0	30617	
4732	0	33660	
4733	0	35418	
4734	0	34366	
4735	0	32461	
4736	0	29543	
4737	0	26441	
4738	0	25063	
4739	0	26032	
4740	0	28492	
4741	0	32231	
4742	0	35093	
4743	0	36456	
4744	0	35266	
4745	0	34807	
4746	0	33993	
4747	0	34311	
4748	0	35734	
4749	0	35124	
4750	0	35021	
4751	0	33682	
4752	0	31975	
4753	0	30713	
4754	0	29732	
4755	0	29719	
4756	0	30471	
4757	0	31656	
4758	0	32874	
4759	0	33671	
4760	0	34418	
4761	0	34759	
4762	0	34668	
4763	0	35756	
4764	0	39008	
4765	0	46284	
4766	0	47049	
4767	0	41910	
4768	0	35270	
4769	0	27628	
4770	0	21704	
4771	0	19426	
4772	0	19591	
4773	0	21390	
4774	0	23388	
4775	0	26257	
4776	0	29085	
4777	0	32071	
4778	0	34308	
4779	0	35315	
4780	0	36093	
4781	0	35543	
4782	0	34758	
4783	0	34354	
4784	0	34695	
4785	0	34768	
4786	0	35328	
4787	0	35847	
4788	0	35807	
4789	0	35712	
4790	0	35831	
4791	0	36590	
4792	0	37063	
4793	0	36070	
4794	0	34226	
4795	0	32455	
4796	0	29581	
4797	0	27717	
4798	0	30417	
4799	0	37118	
4800	0	39236	
4801	0	37870	
4802	0	35471	
4803	0	31905	
4804	0	27796	
4805	0	26409	
4806	0	27018	
4807	0	29332	
4808	0	28922	
4809	0	29876	
4810	0	32334	
4811	0	33263	
4812	0	32487	
4813	0	32455	
4814	0	33581	
4815	0	32815	
4816	0	31536	
4817	0	31792	
4818	0	32041	
4819	0	32545	
4820	0	32954	
4821	0	32990	
4822	0	33543	
4823	0	33094	
4824	0	31714	
4825	0	31248	
4826	0	30447	
4827	0	30985	
4828	0	32120	
4829	0	33548	
4830	0	34375	
4831	0	34600	
4832	0	34636	
4833	0	34883	
4834	0	35092	
4835	0	35153	
4836	0	34940	
4837	0	34647	
4838	0	34361	
4839	0	33999	
4840	0	34029	
4841	0	34018	
4842	0	33644	
4843	0	33423	
4844	0	33374	
4845	0	36160	
4846	0	37910	
4847	0	37444	
4848	0	38689	
4849	0	43556	
4850	0	45182	
4851	0	38831	
4852	0	29799	
4853	0	20633	
4854	0	13628	
4855	0	10891	
4856	0	11535	
4857	0	18147	
4858	0	25377	
4859	0	30752	
4860	0	34932	
4861	0	37584	
4862	0	37670	
4863	0	37330	
4864	0	37709	
4865	0	37611	
4866	0	37068	
4867	0	36562	
4868	0	36455	
4869	0	36370	
4870	0	36134	
4871	0	36569	
4872	0	36548	
4873	0	35881	
4874	0	34404	
4875	0	33369	
4876	0	33500	
4877	0	32933	
4878	0	31870	
4879	0	31532	
4880	0	31837	
4881	0	31536	
4882	0	32515	
4883	0	34912	
4884	0	34864	
4885	0	34168	
4886	0	33908	
4887	0	33757	
4888	0	32094	
4889	0	29619	
4890	0	27586	
4891	0	28128	
4892	0	30664	
4893	0	29767	
4894	0	29413	
4895	0	29887	
4896	0	30785	
4897	0	33830	
4898	0	35431	
4899	0	35847	
4900	0	36071	
4901	0	35535	
4902	0	32903	
4903	0	32336	
4904	0	31709	
4905	0	29431	
4906	0	28970	
4907	0	30064	
4908	0	30790	
4909	0	31930	
4910	0	33044	
4911	0	33567	
4912	0	34478	
4913	0	35224	
4914	0	35314	
4915	0	35666	
4916	0	36057	
4917	0	37174	
4918	0	38844	
4919	0	40642	
4920	0	43187	
4921	0	41479	
4922	0	35252	
4923	0	28574	
4924	0	24680	
4925	0	22369	
4926	0	21273	
4927	0	22512	
4928	0	25285	
4929	0	26628	
4930	0	28477	
4931	0	31759	
4932	0	34679	
4933	0	36578	
4934	0	36641	
4935	0	36868	
4936	0	38189	
4937	0	41072	
4938	0	40756	
4939	0	37460	
4940	0	33856	
4941	0	30765	
4942	0	27815	
4943	0	25802	
4944	0	25228	
4945	0	27558	
4946	0	30468	
4947	0	32167	
4948	0	32444	
4949	0	33404	
4950	0	34879	
4951	0	35781	
4952	0	36888	
4953	0	40731	
4954	0	47111	
4955	0	47271	
4956	0	43194	
4957	0	39649	
4958	0	33637	
4959	0	26868	
4960	0	21008	
4961	0	17458	
4962	0	16472	
4963	0	17321	
4964	0	19321	
4965	0	23158	
4966	0	28306	
4967	0	34092	
4968	0	37511	
4969	0	38759	
4970	0	39180	
4971	0	38975	
4972	0	37184	
4973	0	35770	
4974	0	34608	
4975	0	34787	
4976	0	35937	
4977	0	35921	
4978	0	35471	
4979	0	34854	
4980	0	33132	
4981	0	32397	
4982	0	31751	
4983	0	30249	
4984	0	30246	
4985	0	32358	
4986	0	33559	
4987	0	33971	
4988	0	34196	
4989	0	34111	
4990	0	33767	
4991	0	33426	
4992	0	33094	
4993	0	33444	
4994	0	34239	
4995	0	35356	
4996	0	36866	
4997	0	37134	
4998	0	35847	
4999	0	34970	
5000	0	34745	
5001	0	35951	
5002	0	38237	
5003	0	41150	
5004	0	37101	
5005	0	32428	
5006	0	29872	
5007	0	25072	
5008	0	18816	
5009	0	15037	
5010	0	17062	
5011	0	21097	
5012	0	24583	
5013	0	29900	
5014	0	33601	
5015	0	35690	
5016	0	35477	
5017	0	34550	
5018	0	34887	
5019	0	34695	
5020	0	34783	
5021	0	35040	
5022	0	34299	
5023	0	33252	
5024	0	33467	
5025	0	34778	
5026	0	35975	
5027	0	36967	
5028	0	36791	
5029	0	36770	
5030	0	36738	
5031	0	36914	
5032	0	35975	
5033	0	34262	
5034	0	33388	
5035	0	34612	
5036	0	37678	
5037	0	37607	
5038	0	34367	
5039	0	30727	
5040	0	26660	
5041	0	24528	
5042	0	24332	
5043	0	25120	
5044	0	27773	
5045	0	30657	
5046	0	33577	
5047	0	35161	
5048	0	35520	
5049	0	35129	
5050	0	34790	
5051	0	34793	
5052	0	34893	
5053	0	34706	
5054	0	34396	
5055	0	33578	
5056	0	33108	
5057	0	33100	
5058	0	33029	
5059	0	32862	
5060	0	32853	
5061	0	32920	
5062	0	32556	
5063	0	32250	
5064	0	32474	
5065	0	32960	
5066	0	33069	
5067	0	33303	
5068	0	33039	
5069	0	32895	
5070	0	32635	
5071	0	32160	
5072	0	31928	
5073	0	32234	
5074	0	32662	
5075	0	33199	
5076	0	33447	
5077	0	33412	
5078	0	33149	
5079	0	33050	
5080	0	32690	
5081	0	31902	
5082	0	31824	
5083	0	32432	
5084	0	32551	
5085	0	32575	
5086	0	34163	
5087	0	35166	
5088	0	36810	
5089	0	42372	
5090	0	46626	
5091	0	42583	
5092	0	39120	
5093	0	34951	
5094	0	24324	
5095	0	16713	
5096	0	13888	
5097	0	15900	
5098	0	18976	
5099	0	22696	
5100	0	26247	
5101	0	29237	
5102	0	31968	
5103	0	34789	
5104	0	36844	
5105	0	38119	
5106	0	38791	
5107	0	38656	
5108	0	38016	
5109	0	37625	
5110	0	37810	
5111	0	39258	
5112	0	41064	
5113	0	39892	
5114	0	36948	
5115	0	33729	
5116	0	29648	
5117	0	27195	
5118	0	28925	
5119	0	30599	
5120	0	31571	
5121	0	31437	
5122	0	30791	
5123	0	30543	
5124	0	30485	
5125	0	30668	
5126	0	31719	
5127	0	32700	
5128	0	33540	
5129	0	34269	
5130	0	34290	
5131	0	34032	
5132	0	33696	
5133	0	33861	
5134	0	34008	
5135	0	33965	
5136	0	33853	
5137	0	33863	
5138	0	34473	
5139	0	36791	
5140	0	38535	
5141	0	38331	
5142	0	37644	
5143	0	36372	
5144	0	32952	
5145	0	28486	
5146	0	24978	
5147	0	23713	
5148	0	23229	
5149	0	24857	
5150	0	27197	
5151	0	29752	
5152	0	32021	
5153	0	34023	
5154	0	34904	
5155	0	35262	
5156	0	35405	
5157	0	35266	
5158	0	35005	
5159	0	34723	
5160	0	34527	
5161	0	34324	
5162	0	34135	
5163	0	33922	
5164	0	33788	
5165	0	33663	
5166	0	33529	
5167	0	33476	
5168	0	33527	
5169	0	33633	
5170	0	33879	
5171	0	33839	
5172	0	33847	
5173	0	34580	
5174	0	34391	
5175	0	34630	
5176	0	36593	
5177	0	38510	
5178	0	38939	
5179	0	36412	
5180	0	33732	
5181	0	31587	
5182	0	28048	
5183	0	23211	
5184	0	22445	
5185	0	24493	
5186	0	25127	
5187	0	24263	
5188	0	25690	
5189	0	27259	
5190	0	27817	
5191	0	29880	
5192	0	33709	
5193	0	36004	
5194	0	37575	
5195	0	37594	
5196	0	37202	
5197	0	36580	
5198	0	35736	
5199	0	36423	
5200	0	36928	
5201	0	36652	
5202	0	36497	
5203	0	37051	
5204	0	36823	
5205	0	36892	
5206	0	36070	
5207	0	34310	
5208	0	30996	
5209	0	30171	
5210	0	29278	
5211	0	28768	
5212	0	29504	
5213	0	29287	
5214	0	29423	
5215	0	31152	
5216	0	33626	
5217	0	34728	
5218	0	36419	
5219	0	36151	
5220	0	34652	
5221	0	33191	
5222	0	33753	
5223	0	33732	
5224	0	32158	
5225	0	30789	
5226	0	29666	
5227	0	28022	
5228	0	30215	
5229	0	32420	
5230	0	34744	
5231	0	33839	
5232	0	31614	
5233	0	30864	
5234	0	28553	
5235	0	28510	
5236	0	31872	
5237	0	36388	
5238	0	37424	
5239	0	36050	
5240	0	35322	
5241	0	35143	
5242	0	33749	
5243	0	31866	
5244	0	30727	
5245	0	30261	
5246	0	30501	
5247	0	31226	
5248	0	31621	
5249	0	31725	
5250	0	32845	
5251	0	33731	
5252	0	34022	
5253	0	34288	
5254	0	34378	
5255	0	34311	
5256	0	34303	
5257	0	34221	
5258	0	34039	
5259	0	33832	
5260	0	33597	
5261	0	33439	
5262	0	33358	
5263	0	33158	
5264	0	33038	
5265	0	33101	
5266	0	33047	
5267	0	33084	
5268	0	33040	
5269	0	33556	
5270	0	35682	
5271	0	39941	
5272	0	41257	
5273	0	43015	
5274	0	40543	
5275	0	33682	
5276	0	26800	
5277	0	21052	
5278	0	19636	
5279	0	20660	
5280	0	24333	
5281	0	30690	
5282	0	35386	
5283	0	37344	
5284	0	36541	
5285	0	32568	
5286	0	28521	
5287	0	27171	
5288	0	27158	
5289	0	27126	
5290	0	27325	
5291	0	29502	
5292	0	33098	
5293	0	34096	
5294	0	35200	
5295	0	36083	
5296	0	36416	
5297	0	36278	
5298	0	36014	
5299	0	36118	
5300	0	36237	
5301	0	36294	
5302	0	36806	
5303	0	36756	
5304	0	35892	
5305	0	36320	
5306	0	36992	
5307	0	38000	
5308	0	38098	
5309	0	35485	
5310	0	32819	
5311	0	29187	
5312	0	26224	
5313	0	24117	
5314	0	25792	
5315	0	24574	
5316	0	24949	
5317	0	26305	
5318	0	29696	
5319	0	32735	
5320	0	35800	
5321	0	37668	
5322	0	40276	
5323	0	42192	
5324	0	39124	
5325	0	35163	
5326	0	30215	
5327	0	26158	
5328	0	25639	
5329	0	28898	
5330	0	31367	
5331	0	32999	
5332	0	34160	
5333	0	34866	
5334	0	35015	
5335	0	34951	
5336	0	34652	
5337	0	34445	
5338	0	34101	
5339	0	33759	
5340	0	33782	
5341	0	33798	
5342	0	33607	
5343	0	33645	
5344	0	34098	
5345	0	34861	
5346	0	35272	
5347	0	34078	
5348	0	32609	
5349	0	31072	
5350	0	31482	
5351	0	33957	
5352	0	37088	
5353	0	39642	
5354	0	41598	
5355	0	42439	
5356	0	42646	
5357	0	46128	
5358	0	47998	
5359	0	35651	
5360	0	16807	
5361	0	2849	
5362	0	23	
5363	0	4258	
5364	0	8124	
5365	0	11414	
5366	0	34765	
5367	0	42576	
5368	0	43015	
5369	0	40570	
5370	0	37293	
5371	0	34260	
5372	0	33393	
5373	0	34236	
5374	0	35836	
5375	0	37184	
5376	0	37626	
5377	0	36780	
5378	0	36324	
5379	0	36788	
5380	0	36732	
5381	0	36359	
5382	0	35769	
5383	0	34807	
5384	0	34168	
5385	0	34193	
5386	0	34642	
5387	0	35005	
5388	0	34795	
5389	0	34405	
5390	0	33361	
5391	0	31849	
5392	0	31099	
5393	0	31860	
5394	0	32962	
5395	0	33363	
5396	0	33387	
5397	0	33039	
5398	0	32260	
5399	0	33705	
5400	0	38718	
5401	0	42154	
5402	0	42528	
5403	0	39674	
5404	0	34528	
5405	0	28263	
5406	0	25095	
5407	0	20219	
5408	0	17968	
5409	0	19148	
5410	0	21192	
5411	0	24808	
5412	0	29139	
5413	0	32428	
5414	0	34326	
5415	0	35684	
5416	0	35248	
5417	0	35774	
5418	0	36022	
5419	0	35719	
5420	0	36303	
5421	0	36161	
5422	0	35545	
5423	0	34665	
5424	0	33510	
5425	0	32384	
5426	0	32315	
5427	0	33564	
5428	0	34476	
5429	0	34512	
5430	0	34974	
5431	0	35175	
5432	0	34874	
5433	0	34402	
5434	0	33952	
5435	0	33447	
5436	0	34492	
5437	0	34275	
5438	0	32479	
5439	0	31169	
5440	0	29503	
5441	0	28551	
5442	0	28886	
5443	0	31998	
5444	0	39038	
5445	0	48218	
5446	0	53626	
5447	0	47924	
5448	0	35885	
5449	0	22234	
5450	0	12287	
5451	0	7698	
5452	0	9401	
5453	0	15449	
5454	0	24016	
5455	0	31937	
5456	0	37233	
5457	0	39151	
5458	0	39342	
5459	0	39188	
5460	0	38728	
5461	0	37863	
5462	0	36614	
5463	0	36223	
5464	0	36204	
5465	0	35559	
5466	0	35116	
5467	0	35028	
5468	0	34374	
5469	0	33638	
5470	0	32847	
5471	0	32321	
5472	0	33260	
5473	0	36750	
5474	0	36225	
5475	0	33213	
5476	0	31910	
5477	0	32573	
5478	0	31634	
5479	0	30966	
5480	0	33096	
5481	0	35869	
5482	0	34692	
5483	0	32227	
5484	0	28821	
5485	0	26949	
5486	0	27062	
5487	0	27847	
5488	0	28995	
5489	0	30302	
5490	0	31103	
5491	0	32416	
5492	0	33513	
5493	0	34064	
5494	0	34486	
5495	0	34862	
5496	0	34893	
5497	0	34783	
5498	0	34483	
5499	0	34271	
5500	0	34180	
5501	0	34485	
5502	0	34784	
5503	0	34374	
5504	0	33959	
5505	0	34476	
5506	0	35378	
5507	0	36090	
5508	0	37436	
5509	0	38077	
5510	0	36618	
5511	0	33119	
5512	0	29478	
5513	0	27293	
5514	0	28984	
5515	0	27470	
5516	0	27198	
5517	0	28224	
5518	0	31429	
5519	0	32372	
5520	0	33087	
5521	0	33098	
5522	0	31913	
5523	0	31156	
5524	0	30811	
5525	0	30805	
5526	0	31004	
5527	0	32858	
5528	0	34855	
5529	0	36014	
5530	0	35422	
5531	0	33002	
5532	0	30322	
5533	0	28202	
5534	0	27728	
5535	0	29132	
5536	0	31522	
5537	0	33038	
5538	0	34436	
5539	0	36007	
5540	0	36532	
5541	0	36735	
5542	0	36295	
5543	0	35396	
5544	0	34837	
5545	0	34614	
5546	0	34365	
5547	0	33958	
5548	0	33322	
5549	0	33121	
5550	0	33456	
5551	0	33505	
5552	0	33625	
5553	0	33970	
5554	0	34414	
5555	0	33786	
5556	0	33180	
5557	0	32559	
5558	0	31687	
5559	0	30690	
5560	0	30010	
5561	0	30646	
5562	0	32068	
5563	0	33221	
5564	0	33269	
5565	0	31760	
5566	0	30597	
5567	0	31446	
5568	0	32354	
5569	0	32957	
5570	0	32644	
5571	0	32888	
5572	0	32965	
5573	0	33293	
5574	0	33208	
5575	0	33002	
5576	0	33228	
5577	0	33382	
5578	0	33382	
5579	0	33262	
5580	0	33133	
5581	0	32898	
5582	0	32685	
5583	0	32540	
5584	0	32437	
5585	0	32677	
5586	0	32850	
5587	0	32935	
5588	0	33003	
5589	0	33857	
5590	0	35112	
5591	0	37292	
5592	0	41485	
5593	0	44086	
5594	0	43947	
5595	0	41477	
5596	0	39896	
5597	0	37826	
5598	0	28632	
5599	0	18418	
5600	0	12798	
5601	0	10705	
5602	0	13645	
5603	0	18570	
5604	0	22253	
5605	0	26016	
5606	0	28491	
5607	0	32957	
5608	0	37417	
5609	0	41285	
5610	0	44152	
5611	0	43588	
5612	0	40871	
5613	0	37222	
5614	0	33863	
5615	0	30951	
5616	0	29595	
5617	0	30272	
5618	0	31618	
5619	0	33415	
5620	0	34999	
5621	0	36344	
5622	0	37288	
5623	0	38599	
5624	0	38669	
5625	0	38478	
5626	0	37156	
5627	0	35576	
5628	0	34867	
5629	0	31771	
5630	0	28277	
5631	0	26730	
5632	0	27357	
5633	0	28532	
5634	0	29703	
5635	0	31065	
5636	0	30567	
5637	0	31213	
5638	0	32655	
5639	0	31594	
5640	0	31313	
5641	0	33314	
5642	0	36839	
5643	0	36013	
5644	0	33284	
5645	0	32580	
5646	0	32482	
5647	0	31932	
5648	0	32263	
5649	0	33306	
5650	0	33860	
5651	0	34125	
5652	0	34810	
5653	0	35291	
5654	0	35830	
5655	0	35719	
5656	0	34181	
5657	0	32406	
5658	0	32286	
5659	0	36170	
5660	0	42055	
5661	0	44800	
5662	0	41926	
5663	0	35160	
5664	0	27025	
5665	0	19242	
5666	0	15871	
5667	0	19847	
5668	0	25080	
5669	0	29848	
5670	0	32156	
5671	0	32120	
5672	0	30518	
5673	0	30326	
5674	0	31011	
5675	0	32810	
5676	0	36718	
5677	0	42615	
5678	0	45756	
5679	0	42543	
5680	0	37225	
5681	0	32022	
5682	0	27208	
5683	0	24174	
5684	0	22189	
5685	0	24153	
5686	0	28199	
5687	0	29947	
5688	0	30343	
5689	0	32588	
5690	0	34821	
5691	0	36535	
5692	0	36944	
5693	0	36667	
5694	0	36621	
5695	0	36732	
5696	0	36121	
5697	0	35207	
5698	0	34567	
5699	0	34713	
5700	0	34337	
5701	0	33799	
5702	0	33415	
5703	0	33383	
5704	0	32981	
5705	0	33701	
5706	0	37346	
5707	0	41164	
5708	0	41146	
5709	0	37787	
5710	0	33088	
5711	0	28458	
5712	0	27271	
5713	0	27997	
5714	0	28014	
5715	0	29032	
5716	0	29161	
5717	0	28375	
5718	0	26118	
5719	0	25100	
5720	0	27878	
5721	0	31917	
5722	0	33463	
5723	0	33277	
5724	0	32246	
5725	0	31250	
5726	0	31363	
5727	0	32366	
5728	0	34180	
5729	0	35612	
5730	0	36181	
5731	0	36051	
5732	0	35773	
5733	0	35522	
5734	0	35102	
5735	0	34644	
5736	0	34197	
5737	0	33826	
5738	0	33460	
5739	0	33522	
5740	0	33479	
5741	0	33300	
5742	0	33075	
5743	0	32709	
5744	0	32773	
5745	0	33082	
5746	0	33099	
5747	0	32885	
5748	0	32731	
5749	0	32775	
5750	0	32801	
5751	0	32801	
5752	0	32598	
5753	0	32583	
5754	0	32684	
5755	0	33110	
5756	0	33461	
5757	0	33076	
5758	0	32704	
5759	0	34526	
5760	0	35557	
5761	0	35208	
5762	0	34017	
5763	0	32006	
5764	0	28857	
5765	0	27724	
5766	0	29011	
5767	0	30442	
5768	0	30832	
5769	0	31449	
5770	0	31968	
5771	0	32690	
5772	0	33036	
5773	0	32758	
5774	0	32775	
5775	0	32862	
5776	0	32990	
5777	0	33525	
5778	0	33716	
5779	0	33831	
5780	0	33715	
5781	0	33727	
5782	0	33678	
5783	0	33563	
5784	0	33464	
5785	0	33244	
5786	0	33259	
5787	0	33332	
5788	0	33494	
5789	0	33504	
5790	0	33967	
5791	0	34819	
5792	0	35522	
5793	0	35724	
5794	0	35234	
5795	0	34966	
5796	0	33694	
5797	0	33403	
5798	0	31710	
5799	0	28274	
5800	0	26310	
5801	0	23814	
5802	0	23901	
5803	0	28060	
5804	0	31333	
5805	0	33137	
5806	0	33856	
5807	0	34477	
5808	0	34873	
5809	0	35017	
5810	0	34965	
5811	0	34790	
5812	0	34622	
5813	0	34426	
5814	0	34226	
5815	0	34003	
5816	0	33831	
5817	0	33642	
5818	0	33607	
5819	0	33430	
5820	0	33279	
5821	0	33159	
5822	0	33057	
5823	0	33107	
5824	0	33115	
5825	0	32952	
5826	0	32887	
5827	0	32783	
5828	0	32761	
5829	0	32704	
5830	0	32774	
5831	0	32937	
5832	0	33368	
5833	0	33784	
5834	0	33373	
5835	0	33127	
5836	0	32807	
5837	0	32370	
5838	0	31889	
5839	0	32074	
5840	0	31705	
5841	0	31532	
5842	0	31808	
5843	0	32156	
5844	0	32390	
5845	0	32775	
5846	0	32887	
5847	0	33010	
5848	0	33506	
5849	0	35329	
5850	0	36766	
5851	0	38050	
5852	0	37968	
5853	0	35510	
5854	0	31098	
5855	0	27028	
5856	0	24551	
5857	0	24733	
5858	0	27553	
5859	0	30441	
5860	0	32181	
5861	0	34189	
5862	0	36486	
5863	0	37602	
5864	0	37255	
5865	0	35671	
5866	0	34857	
5867	0	34230	
5868	0	32766	
5869	0	30502	
5870	0	29214	
5871	0	28007	
5872	0	27488	
5873	0	27204	
5874	0	28355	
5875	0	31119	
5876	0	33524	
5877	0	34823	
5878	0	35413	
5879	0	35368	
5880	0	35181	
5881	0	35016	
5882	0	35029	
5883	0	34869	
5884	0	34509	
5885	0	34176	
5886	0	33956	
5887	0	33680	
5888	0	33252	
5889	0	33278	
5890	0	33319	
5891	0	33284	
5892	0	33268	
5893	0	33058	
5894	0	32949	
5895	0	32999	
5896	0	32877	
5897	0	32725	
5898	0	32583	
5899	0	32792	
5900	0	32711	
5901	0	32752	
5902	0	32658	
5903	0	32673	
5904	0	32915	
5905	0	33485	
5906	0	33550	
5907	0	33244	
5908	0	32848	
5909	0	32045	
5910	0	30934	
5911	0	30918	
5912	0	31494	
5913	0	32676	
5914	0	33795	
5915	0	34027	
5916	0	33817	
5917	0	33341	
5918	0	32578	
5919	0	31742	
5920	0	31529	
5921	0	32204	
5922	0	33305	
5923	0	34895	
5924	0	34940	
5925	0	33999	
5926	0	33120	
5927	0	32113	
5928	0	32307	
5929	0	32327	
5930	0	34207	
5931	0	35049	
5932	0	33150	
5933	0	30636	
5934	0	29879	
5935	0	29910	
5936	0	29400	
5937	0	28851	
5938	0	30663	
5939	0	33186	
5940	0	33893	
5941	0	34178	
5942	0	34203	
5943	0	34619	
5944	0	33697	
5945	0	32850	
5946	0	33383	
5947	0	34428	
5948	0	34421	
5949	0	33229	
5950	0	32263	
5951	0	32199	
5952	0	31842	
5953	0	30923	
5954	0	30454	
5955	0	30369	
5956	0	30635	
5957	0	31687	
5958	0	33987	
5959	0	35332	
5960	0	35401	
5961	0	35328	
5962	0	35704	
5963	0	35198	
5964	0	35179	
5965	0	34529	
5966	0	32942	
5967	0	31975	
5968	0	31728	
5969	0	31267	
5970	0	30530	
5971	0	30588	
5972	0	30565	
5973	0	30457	
5974	0	31582	
5975	0	32588	
5976	0	33064	
5977	0	33477	
5978	0	33885	
5979	0	34020	
5980	0	34135	
5981	0	34058	
5982	0	33991	
5983	0	33792	
5984	0	33670	
5985	0	33323	
5986	0	33510	
5987	0	34363	
5988	0	34853	
5989	0	34950	
5990	0	34857	
5991	0	34616	
5992	0	34101	
5993	0	33164	
5994	0	32416	
5995	0	32138	
5996	0	31382	
5997	0	31141	
5998	0	29033	
5999	0	27048	
6000	0	26710	
6001	0	28194	
6002	0	29890	
6003	0	31659	
6004	0	33183	
6005	0	34292	
6006	0	34656	
6007	0	34340	
6008	0	34430	
6009	0	34381	
6010	0	34192	
6011	0	33917	
6012	0	33671	
6013	0	33254	
6014	0	33357	
6015	0	33484	
6016	0	33676	
6017	0	33636	
6018	0	33555	
6019	0	33278	
6020	0	33138	
6021	0	33232	
6022	0	34098	
6023	0	34887	
6024	0	34892	
6025	0	34622	
6026	0	34570	
6027	0	33210	
6028	0	30823	
6029	0	29824	
6030	0	30389	
6031	0	30599	
6032	0	30663	
6033	0	31122	
6034	0	31935	
6035	0	34006	
6036	0	35314	
6037	0	35005	
6038	0	34420	
6039	0	33607	
6040	0	32960	
6041	0	31784	
6042	0	31640	
6043	0	33622	
6044	0	35445	
6045	0	36061	
6046	0	36538	
6047	0	36063	
6048	0	33744	
6049	0	30142	
6050	0	27532	
6051	0	24946	
6052	0	22882	
6053	0	23709	
6054	0	26778	
6055	0	30896	
6056	0	33628	
6057	0	34852	
6058	0	35362	
6059	0	35760	
6060	0	35764	
6061	0	35489	
6062	0	34978	
6063	0	34691	
6064	0	34957	
6065	0	35028	
6066	0	34856	
6067	0	34550	
6068	0	34090	
6069	0	33949	
6070	0	34110	
6071	0	35623	
6072	0	39124	
6073	0	41497	
6074	0	40954	
6075	0	37908	
6076	0	32236	
6077	0	26012	
6078	0	23610	
6079	0	22806	
6080	0	23030	
6081	0	24232	
6082	0	26851	
6083	0	29810	
6084	0	31494	
6085	0	32861	
6086	0	33556	
6087	0	33476	
6088	0	34112	
6089	0	34832	
6090	0	34791	
6091	0	34729	
6092	0	34700	
6093	0	34512	
6094	0	34562	
6095	0	34541	
6096	0	34391	
6097	0	34193	
6098	0	34026	
6099	0	33607	
6100	0	33572	
6101	0	33584	
6102	0	33529	
6103	0	33472	
6104	0	33409	
6105	0	33287	
6106	0	33073	
6107	0	33039	
6108	0	33327	
6109	0	34361	
6110	0	35712	
6111	0	36864	
6112	0	40068	
6113	0	40253	
6114	0	36673	
6115	0	32210	
6116	0	28183	
6117	0	26944	
6118	0	24621	
6119	0	21938	
6120	0	22818	
6121	0	25917	
6122	0	29461	
6123	0	32282	
6124	0	32960	
6125	0	32720	
6126	0	32172	
6127	0	31827	
6128	0	33430	
6129	0	34716	
6130	0	35190	
6131	0	35184	
6132	0	34951	
6133	0	34738	
6134	0	34607	
6135	0	34419	
6136	0	34291	
6137	0	34190	
6138	0	34102	
6139	0	33945	
6140	0	33786	
6141	0	33638	
6142	0	33569	
6143	0	33405	
6144	0	33694	
6145	0	36673	
6146	0	40652	
6147	0	40676	
6148	0	37983	
6149	0	34018	
6150	0	28950	
6151	0	24148	
6152	0	24194	
6153	0	25389	
6154	0	26064	
6155	0	27329	
6156	0	30120	
6157	0	32876	
6158	0	34688	
6159	0	35036	
6160	0	34532	
6161	0	33556	
6162	0	32991	
6163	0	33332	
6164	0	33085	
6165	0	33564	
6166	0	33955	
6167	0	34322	
6168	0	34670	
6169	0	34464	
6170	0	34130	
6171	0	33704	
6172	0	32981	
6173	0	32036	
6174	0	32440	
6175	0	32903	
6176	0	33197	
6177	0	33175	
6178	0	33103	
6179	0	33173	
6180	0	33114	
6181	0	32914	
6182	0	33064	
6183	0	33341	
6184	0	33276	
6185	0	33236	
6186	0	33569	
6187	0	33927	
6188	0	34256	
6189	0	33921	
6190	0	33861	
6191	0	35330	
6192	0	36024	
6193	0	35101	
6194	0	33012	
6195	0	31590	
6196	0	29337	
6197	0	26365	
6198	0	24748	
6199	0	26496	
6200	0	29653	
6201	0	31156	
6202	0	31503	
6203	0	31407	
6204	0	31664	
6205	0	32537	
6206	0	33814	
6207	0	34130	
6208	0	34212	
6209	0	34535	
6210	0	34823	
6211	0	34821	
6212	0	34631	
6213	0	34515	
6214	0	34084	
6215	0	33924	
6216	0	33840	
6217	0	33744	
6218	0	33519	
6219	0	33396	
6220	0	33353	
6221	0	33380	
6222	0	34326	
6223	0	34710	
6224	0	34978	
6225	0	34726	
6226	0	34327	
6227	0	34433	
6228	0	34676	
6229	0	33575	
6230	0	31746	
6231	0	30048	
6232	0	28268	
6233	0	26606	
6234	0	27018	
6235	0	29044	
6236	0	30809	
6237	0	32096	
6238	0	33120	
6239	0	33764	
6240	0	33810	
6241	0	34232	
6242	0	34499	
6243	0	34231	
6244	0	33799	
6245	0	33127	
6246	0	34301	
6247	0	35675	
6248	0	35496	
6249	0	35380	
6250	0	34508	
6251	0	33152	
6252	0	32406	
6253	0	30948	
6254	0	30688	
6255	0	29372	
6256	0	28854	
6257	0	29542	
6258	0	30575	
6259	0	32143	
6260	0	33895	
6261	0	34865	
6262	0	34615	
6263	0	34433	
6264	0	34431	
6265	0	34710	
6266	0	35012	
6267	0	36351	
6268	0	36836	
6269	0	36116	
6270	0	34499	
6271	0	32888	
6272	0	31411	
6273	0	28529	
6274	0	26866	
6275	0	30746	
6276	0	34183	
6277	0	32982	
6278	0	31764	
6279	0	34206	
6280	0	35684	
6281	0	35170	
6282	0	32360	
6283	0	29641	
6284	0	26485	
6285	0	25255	
6286	0	26623	
6287	0	27876	
6288	0	29152	
6289	0	31134	
6290	0	33150	
6291	0	34957	
6292	0	36050	
6293	0	36487	
6294	0	36324	
6295	0	35885	
6296	0	35512	
6297	0	35387	
6298	0	35110	
6299	0	34881	
