# OpenSignals Text File Format
# {"00:07:80:FC:57:23": {"sensor": ["EMG"], "device name": "00:07:80:FC:57:23", "column": ["nSeq", "DI", "peitoral"], "sync interval": 2, "time": "13:20:55.85", "comments": "", "device connection": "BTH00:07:80:FC:57:23", "channels": [3], "keywords": "", "convertedValues": 0, "digital IO": [0, 1], "mode": 0, "date": "2018-7-9", "firmware version": 773, "device": "biosignalsplux", "position": 0, "sampling rate": 1000, "label": ["peitoral"], "resolution": [16], "forcePlatform values": [0.0, 0.0, 0.0, 0.0, 0.0, 0.0, 0.0, 0.0], "special": [{}]}}
# EndOfHeader
0	0	33076	
1	0	32921	
2	0	32898	
3	0	32902	
4	0	32924	
5	0	32799	
6	0	32816	
7	0	32951	
8	0	33072	
9	0	33161	
10	0	32879	
11	0	32647	
12	0	32564	
13	0	32958	
14	0	33016	
15	0	32457	
16	0	31989	
17	0	31861	
18	0	31943	
19	0	32116	
20	0	32210	
21	0	32307	
22	0	32239	
23	0	32299	
24	0	32380	
25	0	32450	
26	0	32499	
27	0	32631	
28	0	32707	
29	0	32775	
30	0	32728	
31	0	32746	
32	0	33282	
33	0	33682	
34	0	33549	
35	0	33229	
36	0	33095	
37	0	32940	
38	0	32960	
39	0	33108	
40	0	33268	
41	0	33060	
42	0	32868	
43	0	32852	
44	0	32862	
45	0	32910	
46	0	32984	
47	0	33062	
48	0	33049	
49	0	33100	
50	0	33031	
51	0	33029	
52	0	32928	
53	0	32808	
54	0	32634	
55	0	32621	
56	0	32617	
57	0	32696	
58	0	32717	
59	0	32748	
60	0	32884	
61	0	32822	
62	0	32809	
63	0	32952	
64	0	33124	
65	0	33068	
66	0	33413	
67	0	33460	
68	0	33335	
69	0	33231	
70	0	33018	
71	0	32662	
72	0	32342	
73	0	32114	
74	0	32013	
75	0	32007	
76	0	32070	
77	0	32232	
78	0	32568	
79	0	32652	
80	0	32827	
81	0	32940	
82	0	32834	
83	0	32736	
84	0	32579	
85	0	32500	
86	0	32556	
87	0	32692	
88	0	33184	
89	0	33894	
90	0	33840	
91	0	34217	
92	0	33780	
93	0	32997	
94	0	32350	
95	0	32029	
96	0	31889	
97	0	32016	
98	0	32146	
99	0	32249	
100	0	32448	
101	0	32676	
102	0	32871	
103	0	32969	
104	0	33071	
105	0	33038	
106	0	32898	
107	0	32845	
108	0	32825	
109	0	32856	
110	0	32852	
111	0	32993	
112	0	32959	
113	0	33025	
114	0	33026	
115	0	32920	
116	0	32860	
117	0	32936	
118	0	32863	
119	0	32886	
120	0	33021	
121	0	33010	
122	0	33037	
123	0	32967	
124	0	32933	
125	0	32981	
126	0	33759	
127	0	33884	
128	0	32999	
129	0	32508	
130	0	32122	
131	0	31859	
132	0	31862	
133	0	31987	
134	0	32690	
135	0	33258	
136	0	32938	
137	0	32690	
138	0	32594	
139	0	32564	
140	0	32662	
141	0	32709	
142	0	32739	
143	0	32720	
144	0	32662	
145	0	32541	
146	0	32638	
147	0	32636	
148	0	32734	
149	0	32765	
150	0	32808	
151	0	32824	
152	0	33030	
153	0	33063	
154	0	33041	
155	0	33165	
156	0	32989	
157	0	32962	
158	0	32956	
159	0	33111	
160	0	33974	
161	0	33778	
162	0	33076	
163	0	32629	
164	0	32186	
165	0	32005	
166	0	32249	
167	0	32459	
168	0	32495	
169	0	32385	
170	0	32572	
171	0	32706	
172	0	32936	
173	0	32989	
174	0	33137	
175	0	33412	
176	0	33424	
177	0	33213	
178	0	32927	
179	0	32653	
180	0	32476	
181	0	32547	
182	0	32616	
183	0	32509	
184	0	32439	
185	0	32382	
186	0	32383	
187	0	32509	
188	0	32671	
189	0	32813	
190	0	32876	
191	0	32990	
192	0	33127	
193	0	33257	
194	0	33344	
195	0	33191	
196	0	33061	
197	0	33087	
198	0	33168	
199	0	33660	
200	0	33246	
201	0	32710	
202	0	32407	
203	0	32354	
204	0	32231	
205	0	32222	
206	0	32245	
207	0	32359	
208	0	32416	
209	0	32565	
210	0	32656	
211	0	32728	
212	0	32879	
213	0	32939	
214	0	32935	
215	0	32880	
216	0	32971	
217	0	33135	
218	0	33320	
219	0	33540	
220	0	33382	
221	0	33112	
222	0	32940	
223	0	32670	
224	0	32575	
225	0	32583	
226	0	32591	
227	0	32498	
228	0	32504	
229	0	32528	
230	0	32578	
231	0	32703	
232	0	32769	
233	0	32797	
234	0	32998	
235	0	33095	
236	0	33138	
237	0	33093	
238	0	32775	
239	0	32628	
240	0	32650	
241	0	32755	
242	0	32763	
243	0	32894	
244	0	33763	
245	0	33764	
246	0	33142	
247	0	32564	
248	0	32309	
249	0	32454	
250	0	32583	
251	0	32516	
252	0	32549	
253	0	32625	
254	0	32636	
255	0	32587	
256	0	33130	
257	0	33093	
258	0	32691	
259	0	32473	
260	0	32345	
261	0	32263	
262	0	32259	
263	0	32359	
264	0	32425	
265	0	32614	
266	0	32770	
267	0	32823	
268	0	32858	
269	0	33001	
270	0	33426	
271	0	33785	
272	0	33501	
273	0	33080	
274	0	32829	
275	0	32739	
276	0	32795	
277	0	32900	
278	0	32824	
279	0	32728	
280	0	32716	
281	0	32689	
282	0	32678	
283	0	32654	
284	0	32703	
285	0	32767	
286	0	32903	
287	0	33088	
288	0	33159	
289	0	33116	
290	0	32959	
291	0	32699	
292	0	32562	
293	0	32596	
294	0	32604	
295	0	32518	
296	0	32525	
297	0	32740	
298	0	33191	
299	0	33504	
300	0	33307	
301	0	32858	
302	0	32630	
303	0	32493	
304	0	32454	
305	0	32482	
306	0	32704	
307	0	32822	
308	0	32902	
309	0	32892	
310	0	32820	
311	0	32713	
312	0	32816	
313	0	32823	
314	0	32867	
315	0	32887	
316	0	32972	
317	0	32903	
318	0	32753	
319	0	32646	
320	0	32693	
321	0	32744	
322	0	33338	
323	0	33759	
324	0	33716	
325	0	32997	
326	0	32363	
327	0	32043	
328	0	31913	
329	0	31967	
330	0	32164	
331	0	32452	
332	0	32583	
333	0	32670	
334	0	32753	
335	0	32832	
336	0	32972	
337	0	33071	
338	0	33036	
339	0	33020	
340	0	33060	
341	0	33010	
342	0	33024	
343	0	33024	
344	0	33013	
345	0	32996	
346	0	32941	
347	0	32920	
348	0	32912	
349	0	32934	
350	0	32997	
351	0	33122	
352	0	33513	
353	0	33355	
354	0	32944	
355	0	32711	
356	0	32549	
357	0	32548	
358	0	32763	
359	0	32678	
360	0	32598	
361	0	32537	
362	0	32613	
363	0	32695	
364	0	32482	
365	0	32473	
366	0	32510	
367	0	32503	
368	0	32516	
369	0	32629	
370	0	32764	
371	0	33049	
372	0	33152	
373	0	33152	
374	0	32991	
375	0	32820	
376	0	32674	
377	0	32769	
378	0	32700	
379	0	32684	
380	0	32696	
381	0	32658	
382	0	32656	
383	0	32824	
384	0	33479	
385	0	33325	
386	0	33095	
387	0	33090	
388	0	33193	
389	0	33090	
390	0	32916	
391	0	33504	
392	0	33402	
393	0	32544	
394	0	32045	
395	0	31828	
396	0	31781	
397	0	31997	
398	0	32160	
399	0	32467	
400	0	32677	
401	0	32848	
402	0	32934	
403	0	33607	
404	0	33669	
405	0	33136	
406	0	32692	
407	0	32534	
408	0	32545	
409	0	32681	
410	0	32849	
411	0	32873	
412	0	32993	
413	0	32918	
414	0	32864	
415	0	32935	
416	0	32950	
417	0	32992	
418	0	32928	
419	0	32849	
420	0	32747	
421	0	32684	
422	0	32717	
423	0	32872	
424	0	32967	
425	0	32818	
426	0	32548	
427	0	32468	
428	0	32454	
429	0	32487	
430	0	32517	
431	0	32535	
432	0	32825	
433	0	33247	
434	0	33783	
435	0	33447	
436	0	33040	
437	0	32956	
438	0	32848	
439	0	32832	
440	0	32642	
441	0	32588	
442	0	32529	
443	0	32515	
444	0	32388	
445	0	32495	
446	0	32652	
447	0	32708	
448	0	32836	
449	0	32785	
450	0	32846	
451	0	32894	
452	0	32839	
453	0	32774	
454	0	32816	
455	0	32841	
456	0	32825	
457	0	32889	
458	0	33013	
459	0	33080	
460	0	32961	
461	0	32966	
462	0	32920	
463	0	32903	
464	0	32848	
465	0	32862	
466	0	32855	
467	0	32786	
468	0	32959	
469	0	32802	
470	0	32804	
471	0	32646	
472	0	32604	
473	0	32652	
474	0	32708	
475	0	32716	
476	0	32754	
477	0	32878	
478	0	32980	
479	0	32999	
480	0	32987	
481	0	32845	
482	0	32828	
483	0	32823	
484	0	32836	
485	0	32916	
486	0	33661	
487	0	33588	
488	0	33271	
489	0	32693	
490	0	32358	
491	0	32263	
492	0	32221	
493	0	32258	
494	0	32436	
495	0	32725	
496	0	32786	
497	0	32806	
498	0	32730	
499	0	32669	
500	0	32656	
501	0	32535	
502	0	32541	
503	0	32594	
504	0	32647	
505	0	32764	
506	0	32809	
507	0	32795	
508	0	33216	
509	0	33690	
510	0	33349	
511	0	32924	
512	0	32878	
513	0	32717	
514	0	32719	
515	0	32647	
516	0	32574	
517	0	32749	
518	0	32912	
519	0	33022	
520	0	32839	
521	0	32775	
522	0	32647	
523	0	32550	
524	0	33210	
525	0	33401	
526	0	32998	
527	0	32647	
528	0	32441	
529	0	32321	
530	0	32391	
531	0	32412	
532	0	32402	
533	0	32428	
534	0	32530	
535	0	32877	
536	0	32973	
537	0	32974	
538	0	33062	
539	0	33191	
540	0	33295	
541	0	33286	
542	0	33249	
543	0	33255	
544	0	33222	
545	0	33294	
546	0	33169	
547	0	33057	
548	0	32799	
549	0	32521	
550	0	32788	
551	0	33042	
552	0	32728	
553	0	32236	
554	0	32135	
555	0	32165	
556	0	32494	
557	0	32626	
558	0	32557	
559	0	32654	
560	0	33189	
561	0	33092	
562	0	32790	
563	0	32590	
564	0	32391	
565	0	32288	
566	0	32396	
567	0	32563	
568	0	32940	
569	0	33241	
570	0	33222	
571	0	33082	
572	0	32915	
573	0	32831	
574	0	32793	
575	0	32850	
576	0	32972	
577	0	33269	
578	0	33095	
579	0	32914	
580	0	32791	
581	0	32675	
582	0	32711	
583	0	32708	
584	0	32738	
585	0	32800	
586	0	32854	
587	0	32967	
588	0	32824	
589	0	32854	
590	0	32899	
591	0	32843	
592	0	32723	
593	0	32767	
594	0	32693	
595	0	32714	
596	0	32817	
597	0	32736	
598	0	32628	
599	0	32661	
600	0	32664	
601	0	32719	
602	0	32768	
603	0	32804	
604	0	32764	
605	0	32805	
606	0	32792	
607	0	32886	
608	0	32815	
609	0	32796	
610	0	32719	
611	0	32774	
612	0	32909	
613	0	32996	
614	0	33066	
615	0	32983	
616	0	32974	
617	0	32895	
618	0	32948	
619	0	32973	
620	0	32937	
621	0	32948	
622	0	32878	
623	0	32821	
624	0	32692	
625	0	32668	
626	0	32636	
627	0	32562	
628	0	32605	
629	0	32711	
630	0	32786	
631	0	33250	
632	0	33452	
633	0	33105	
634	0	32699	
635	0	32504	
636	0	32421	
637	0	32556	
638	0	33120	
639	0	33190	
640	0	32883	
641	0	32852	
642	0	32839	
643	0	32638	
644	0	32672	
645	0	32639	
646	0	32634	
647	0	32612	
648	0	32564	
649	0	32622	
650	0	32703	
651	0	32794	
652	0	32729	
653	0	32608	
654	0	32557	
655	0	32562	
656	0	32739	
657	0	32874	
658	0	32872	
659	0	32767	
660	0	32692	
661	0	32733	
662	0	33296	
663	0	33863	
664	0	33457	
665	0	33219	
666	0	33031	
667	0	32834	
668	0	32678	
669	0	32594	
670	0	32445	
671	0	32719	
672	0	32908	
673	0	32615	
674	0	32683	
675	0	32910	
676	0	32960	
677	0	32876	
678	0	32647	
679	0	32357	
680	0	32189	
681	0	32280	
682	0	32536	
683	0	32860	
684	0	32967	
685	0	32928	
686	0	32902	
687	0	32751	
688	0	32768	
689	0	32807	
690	0	32848	
691	0	32953	
692	0	32894	
693	0	32986	
694	0	33047	
695	0	33023	
696	0	32902	
697	0	32940	
698	0	32890	
699	0	32873	
700	0	32836	
701	0	32774	
702	0	32746	
703	0	32820	
704	0	32795	
705	0	32805	
706	0	32870	
707	0	33433	
708	0	33423	
709	0	32954	
710	0	32495	
711	0	32350	
712	0	32335	
713	0	32448	
714	0	32588	
715	0	32583	
716	0	32669	
717	0	32764	
718	0	32775	
719	0	32716	
720	0	32658	
721	0	32756	
722	0	32827	
723	0	32801	
724	0	32838	
725	0	32952	
726	0	33170	
727	0	33452	
728	0	33422	
729	0	33159	
730	0	32816	
731	0	32480	
732	0	32402	
733	0	32502	
734	0	32615	
735	0	32640	
736	0	32693	
737	0	32734	
738	0	32732	
739	0	32816	
740	0	32941	
741	0	33001	
742	0	32799	
743	0	32665	
744	0	32841	
745	0	33410	
746	0	33200	
747	0	32892	
748	0	32822	
749	0	32716	
750	0	32544	
751	0	32559	
752	0	32426	
753	0	32389	
754	0	32511	
755	0	32772	
756	0	33043	
757	0	32965	
758	0	32910	
759	0	32798	
760	0	32791	
761	0	32733	
762	0	33545	
763	0	33533	
764	0	33272	
765	0	32862	
766	0	32367	
767	0	32103	
768	0	32034	
769	0	32000	
770	0	32178	
771	0	32439	
772	0	33071	
773	0	33639	
774	0	33309	
775	0	32854	
776	0	32531	
777	0	32384	
778	0	32524	
779	0	32726	
780	0	32886	
781	0	33127	
782	0	33209	
783	0	33260	
784	0	33007	
785	0	32791	
786	0	32562	
787	0	32506	
788	0	32574	
789	0	32615	
790	0	32707	
791	0	32752	
792	0	32863	
793	0	32852	
794	0	32914	
795	0	32954	
796	0	33013	
797	0	33029	
798	0	33045	
799	0	33086	
800	0	33104	
801	0	33088	
802	0	33135	
803	0	33007	
804	0	33104	
805	0	33006	
806	0	33040	
807	0	32999	
808	0	33033	
809	0	33320	
810	0	33631	
811	0	33159	
812	0	32845	
813	0	32583	
814	0	32438	
815	0	32447	
816	0	32414	
817	0	32369	
818	0	32325	
819	0	32602	
820	0	32434	
821	0	32357	
822	0	32270	
823	0	32356	
824	0	32515	
825	0	32514	
826	0	32528	
827	0	32678	
828	0	32835	
829	0	32793	
830	0	32629	
831	0	32506	
832	0	32409	
833	0	32434	
834	0	32592	
835	0	32774	
836	0	32854	
837	0	32816	
838	0	32835	
839	0	32717	
840	0	32775	
841	0	32864	
842	0	32938	
843	0	32962	
844	0	33085	
845	0	33037	
846	0	33133	
847	0	33131	
848	0	33191	
849	0	33202	
850	0	33092	
851	0	33364	
852	0	33455	
853	0	33377	
854	0	33210	
855	0	32920	
856	0	32808	
857	0	32889	
858	0	33261	
859	0	33780	
860	0	33635	
861	0	33574	
862	0	32972	
863	0	32375	
864	0	32000	
865	0	31739	
866	0	31615	
867	0	31677	
868	0	31826	
869	0	32152	
870	0	32426	
871	0	32470	
872	0	32755	
873	0	32811	
874	0	32883	
875	0	32999	
876	0	33495	
877	0	33597	
878	0	33191	
879	0	32829	
880	0	32726	
881	0	32676	
882	0	32607	
883	0	32612	
884	0	32571	
885	0	32650	
886	0	32589	
887	0	32794	
888	0	32935	
889	0	33023	
890	0	33041	
891	0	32907	
892	0	32773	
893	0	32782	
894	0	32919	
895	0	32967	
896	0	32754	
897	0	32726	
898	0	32767	
899	0	32952	
900	0	32897	
901	0	32903	
902	0	32983	
903	0	33060	
904	0	33145	
905	0	33213	
906	0	33124	
907	0	33115	
908	0	33228	
909	0	33095	
910	0	33011	
911	0	32983	
912	0	32762	
913	0	32583	
914	0	32399	
915	0	32346	
916	0	32216	
917	0	32176	
918	0	32352	
919	0	32398	
920	0	32504	
921	0	32436	
922	0	32651	
923	0	32993	
924	0	33607	
925	0	33328	
926	0	32976	
927	0	32861	
928	0	32775	
929	0	32647	
930	0	32598	
931	0	32618	
932	0	33372	
933	0	33314	
934	0	32927	
935	0	32548	
936	0	32323	
937	0	32335	
938	0	32489	
939	0	32662	
940	0	32728	
941	0	32877	
942	0	32992	
943	0	32919	
944	0	32685	
945	0	32740	
946	0	32726	
947	0	32823	
948	0	32935	
949	0	33031	
950	0	32921	
951	0	32947	
952	0	32915	
953	0	32894	
954	0	32790	
955	0	32789	
956	0	32703	
957	0	32877	
958	0	32899	
959	0	32935	
960	0	32921	
961	0	32868	
962	0	32750	
963	0	32730	
964	0	32774	
965	0	32660	
966	0	32723	
967	0	32844	
968	0	32875	
969	0	32896	
970	0	32964	
971	0	32925	
972	0	32824	
973	0	32889	
974	0	32874	
975	0	32695	
976	0	32696	
977	0	32675	
978	0	32729	
979	0	32980	
980	0	33108	
981	0	33060	
982	0	33091	
983	0	32911	
984	0	32797	
985	0	32679	
986	0	32595	
987	0	32660	
988	0	32974	
989	0	33389	
990	0	33159	
991	0	32710	
992	0	32341	
993	0	32258	
994	0	32344	
995	0	32560	
996	0	32711	
997	0	32775	
998	0	32688	
999	0	32874	
1000	0	33201	
1001	0	32850	
1002	0	32530	
1003	0	32416	
1004	0	32450	
1005	0	32740	
1006	0	32902	
1007	0	33200	
1008	0	33884	
1009	0	33590	
1010	0	33076	
1011	0	32602	
1012	0	32401	
1013	0	32328	
1014	0	32484	
1015	0	32636	
1016	0	32914	
1017	0	33127	
1018	0	33090	
1019	0	32967	
1020	0	33060	
1021	0	33019	
1022	0	32801	
1023	0	32574	
1024	0	32263	
1025	0	32262	
1026	0	32442	
1027	0	32678	
1028	0	32856	
1029	0	32962	
1030	0	32888	
1031	0	32745	
1032	0	32684	
1033	0	32568	
1034	0	32693	
1035	0	32822	
1036	0	32948	
1037	0	33174	
1038	0	33487	
1039	0	33396	
1040	0	33200	
1041	0	33026	
1042	0	32870	
1043	0	32636	
1044	0	32617	
1045	0	32574	
1046	0	32556	
1047	0	32536	
1048	0	32501	
1049	0	32509	
1050	0	32523	
1051	0	32620	
1052	0	32740	
1053	0	32763	
1054	0	33415	
1055	0	33519	
1056	0	33129	
1057	0	32660	
1058	0	32647	
1059	0	32775	
1060	0	32709	
1061	0	32760	
1062	0	32920	
1063	0	33140	
1064	0	33476	
1065	0	33481	
1066	0	33211	
1067	0	32709	
1068	0	32502	
1069	0	32537	
1070	0	32461	
1071	0	32378	
1072	0	32300	
1073	0	32125	
1074	0	32209	
1075	0	32293	
1076	0	32482	
1077	0	32643	
1078	0	32711	
1079	0	32767	
1080	0	32866	
1081	0	32873	
1082	0	32918	
1083	0	33357	
1084	0	33676	
1085	0	33361	
1086	0	32903	
1087	0	32705	
1088	0	32701	
1089	0	33452	
1090	0	33347	
1091	0	32876	
1092	0	32690	
1093	0	32658	
1094	0	32612	
1095	0	32558	
1096	0	32586	
1097	0	32577	
1098	0	32503	
1099	0	32672	
1100	0	32883	
1101	0	32863	
1102	0	32679	
1103	0	32386	
1104	0	32351	
1105	0	32323	
1106	0	32500	
1107	0	32596	
1108	0	32686	
1109	0	32770	
1110	0	32901	
1111	0	33044	
1112	0	33299	
1113	0	33404	
1114	0	33433	
1115	0	33302	
1116	0	33197	
1117	0	33192	
1118	0	33512	
1119	0	33799	
1120	0	33489	
1121	0	32960	
1122	0	32485	
1123	0	32342	
1124	0	32228	
1125	0	32147	
1126	0	32127	
1127	0	32119	
1128	0	32628	
1129	0	33374	
1130	0	33535	
1131	0	33345	
1132	0	32947	
1133	0	32444	
1134	0	32168	
1135	0	32101	
1136	0	32067	
1137	0	32199	
1138	0	32390	
1139	0	32702	
1140	0	32607	
1141	0	32606	
1142	0	32330	
1143	0	32928	
1144	0	33584	
1145	0	33569	
1146	0	33414	
1147	0	33095	
1148	0	33107	
1149	0	33283	
1150	0	33647	
1151	0	33678	
1152	0	33561	
1153	0	33094	
1154	0	32339	
1155	0	31782	
1156	0	31585	
1157	0	31572	
1158	0	31674	
1159	0	31890	
1160	0	32312	
1161	0	33031	
1162	0	33399	
1163	0	34029	
1164	0	34212	
1165	0	34163	
1166	0	33436	
1167	0	32903	
1168	0	32730	
1169	0	32561	
1170	0	32106	
1171	0	31884	
1172	0	32102	
1173	0	32525	
1174	0	32973	
1175	0	33250	
1176	0	33159	
1177	0	32933	
1178	0	32647	
1179	0	32443	
1180	0	32372	
1181	0	32297	
1182	0	32364	
1183	0	32364	
1184	0	32589	
1185	0	32885	
1186	0	33015	
1187	0	33143	
1188	0	32981	
1189	0	32122	
1190	0	32040	
1191	0	32583	
1192	0	33665	
1193	0	34420	
1194	0	34070	
1195	0	33668	
1196	0	33236	
1197	0	33198	
1198	0	33324	
1199	0	33433	
1200	0	33322	
1201	0	32769	
1202	0	32263	
1203	0	32050	
1204	0	31720	
1205	0	31364	
1206	0	31130	
1207	0	31408	
1208	0	32079	
1209	0	32775	
1210	0	33303	
1211	0	33503	
1212	0	33916	
1213	0	34254	
1214	0	34055	
1215	0	33789	
1216	0	33114	
1217	0	32575	
1218	0	32580	
1219	0	32819	
1220	0	33479	
1221	0	33644	
1222	0	33620	
1223	0	33491	
1224	0	32748	
1225	0	32128	
1226	0	31718	
1227	0	31527	
1228	0	31544	
1229	0	31661	
1230	0	31862	
1231	0	32250	
1232	0	32532	
1233	0	32783	
1234	0	32827	
1235	0	32967	
1236	0	33061	
1237	0	33031	
1238	0	33132	
1239	0	33088	
1240	0	33036	
1241	0	33118	
1242	0	33076	
1243	0	34016	
1244	0	34695	
1245	0	33895	
1246	0	33159	
1247	0	32670	
1248	0	32442	
1249	0	32428	
1250	0	32289	
1251	0	32172	
1252	0	32103	
1253	0	32108	
1254	0	32195	
1255	0	32442	
1256	0	32530	
1257	0	32552	
1258	0	32716	
1259	0	33028	
1260	0	33046	
1261	0	32946	
1262	0	32730	
1263	0	32642	
1264	0	32581	
1265	0	32519	
1266	0	32625	
1267	0	32797	
1268	0	32980	
1269	0	33071	
1270	0	33240	
1271	0	33193	
1272	0	33335	
1273	0	33562	
1274	0	33060	
1275	0	32492	
1276	0	33099	
1277	0	32712	
1278	0	32580	
1279	0	32639	
1280	0	32590	
1281	0	32754	
1282	0	33955	
1283	0	34819	
1284	0	34574	
1285	0	33700	
1286	0	32460	
1287	0	32087	
1288	0	31868	
1289	0	31839	
1290	0	31905	
1291	0	31610	
1292	0	30966	
1293	0	30395	
1294	0	30382	
1295	0	30994	
1296	0	32056	
1297	0	32796	
1298	0	33304	
1299	0	34140	
1300	0	34193	
1301	0	34603	
1302	0	34422	
1303	0	33149	
1304	0	32199	
1305	0	32500	
1306	0	32458	
1307	0	33275	
1308	0	34466	
1309	0	35020	
1310	0	34927	
1311	0	34326	
1312	0	33622	
1313	0	32878	
1314	0	32215	
1315	0	31336	
1316	0	30402	
1317	0	29319	
1318	0	28958	
1319	0	29636	
1320	0	30700	
1321	0	31970	
1322	0	33199	
1323	0	33857	
1324	0	34303	
1325	0	34530	
1326	0	34630	
1327	0	34531	
1328	0	34413	
1329	0	34234	
1330	0	33976	
1331	0	34003	
1332	0	34117	
1333	0	33975	
1334	0	33943	
1335	0	34043	
1336	0	33456	
1337	0	32790	
1338	0	32863	
1339	0	32536	
1340	0	31780	
1341	0	32052	
1342	0	32803	
1343	0	32703	
1344	0	32064	
1345	0	31660	
1346	0	31559	
1347	0	31751	
1348	0	31983	
1349	0	32199	
1350	0	32184	
1351	0	32176	
1352	0	32109	
1353	0	31924	
1354	0	31943	
1355	0	31999	
1356	0	32413	
1357	0	32609	
1358	0	32835	
1359	0	33198	
1360	0	33357	
1361	0	33730	
1362	0	33986	
1363	0	34407	
1364	0	34705	
1365	0	34917	
1366	0	34228	
1367	0	33154	
1368	0	33144	
1369	0	33493	
1370	0	33094	
1371	0	33919	
1372	0	35901	
1373	0	36103	
1374	0	33935	
1375	0	31342	
1376	0	29996	
1377	0	29490	
1378	0	30487	
1379	0	31740	
1380	0	31725	
1381	0	31239	
1382	0	31052	
1383	0	31109	
1384	0	29260	
1385	0	28511	
1386	0	30034	
1387	0	30502	
1388	0	30770	
1389	0	31580	
1390	0	32961	
1391	0	33730	
1392	0	35184	
1393	0	37944	
1394	0	38261	
1395	0	36343	
1396	0	35524	
1397	0	34772	
1398	0	33305	
1399	0	32337	
1400	0	30836	
1401	0	31185	
1402	0	33196	
1403	0	34707	
1404	0	34903	
1405	0	34582	
1406	0	34213	
1407	0	32813	
1408	0	31270	
1409	0	29983	
1410	0	28901	
1411	0	28431	
1412	0	29042	
1413	0	29648	
1414	0	30791	
1415	0	31897	
1416	0	32775	
1417	0	33936	
1418	0	34688	
1419	0	34760	
1420	0	34948	
1421	0	34926	
1422	0	34850	
1423	0	34744	
1424	0	34447	
1425	0	34244	
1426	0	34069	
1427	0	33781	
1428	0	33476	
1429	0	33397	
1430	0	33470	
1431	0	32836	
1432	0	32386	
1433	0	32340	
1434	0	33088	
1435	0	32802	
1436	0	31696	
1437	0	31482	
1438	0	32097	
1439	0	32739	
1440	0	32902	
1441	0	32733	
1442	0	32684	
1443	0	32632	
1444	0	32742	
1445	0	32874	
1446	0	32716	
1447	0	32333	
1448	0	32181	
1449	0	32286	
1450	0	32318	
1451	0	32070	
1452	0	32195	
1453	0	32889	
1454	0	33170	
1455	0	34483	
1456	0	35880	
1457	0	36214	
1458	0	36168	
1459	0	34679	
1460	0	34570	
1461	0	34279	
1462	0	34212	
1463	0	34119	
1464	0	32768	
1465	0	31039	
1466	0	29145	
1467	0	27008	
1468	0	25877	
1469	0	26102	
1470	0	28327	
1471	0	29823	
1472	0	31383	
1473	0	31702	
1474	0	32079	
1475	0	33095	
1476	0	34434	
1477	0	35633	
1478	0	35883	
1479	0	35501	
1480	0	35349	
1481	0	36104	
1482	0	37748	
1483	0	38402	
1484	0	36778	
1485	0	36999	
1486	0	38040	
1487	0	40297	
1488	0	42948	
1489	0	40391	
1490	0	35662	
1491	0	31458	
1492	0	30208	
1493	0	30112	
1494	0	28975	
1495	0	26700	
1496	0	23602	
1497	0	21684	
1498	0	20504	
1499	0	19324	
1500	0	17564	
1501	0	16023	
1502	0	16578	
1503	0	19739	
1504	0	24802	
1505	0	30262	
1506	0	34585	
1507	0	37806	
1508	0	40248	
1509	0	41263	
1510	0	42890	
1511	0	45791	
1512	0	45990	
1513	0	44336	
1514	0	43106	
1515	0	42156	
1516	0	41897	
1517	0	40758	
1518	0	39715	
1519	0	37735	
1520	0	35433	
1521	0	32692	
1522	0	29772	
1523	0	27140	
1524	0	24659	
1525	0	23520	
1526	0	22710	
1527	0	23259	
1528	0	24767	
1529	0	26959	
1530	0	30059	
1531	0	33279	
1532	0	35699	
1533	0	37062	
1534	0	37857	
1535	0	37557	
1536	0	36477	
1537	0	36381	
1538	0	38349	
1539	0	40175	
1540	0	39220	
1541	0	36903	
1542	0	34692	
1543	0	32410	
1544	0	30281	
1545	0	29617	
1546	0	29990	
1547	0	30634	
1548	0	31260	
1549	0	31668	
1550	0	31532	
1551	0	30716	
1552	0	30364	
1553	0	29941	
1554	0	29895	
1555	0	29677	
1556	0	29773	
1557	0	30384	
1558	0	32420	
1559	0	34936	
1560	0	35503	
1561	0	35351	
1562	0	34695	
1563	0	36188	
1564	0	37464	
1565	0	37984	
1566	0	38620	
1567	0	38252	
1568	0	36482	
1569	0	33784	
1570	0	30290	
1571	0	27166	
1572	0	23970	
1573	0	22924	
1574	0	23453	
1575	0	24696	
1576	0	25150	
1577	0	26787	
1578	0	30213	
1579	0	32720	
1580	0	35712	
1581	0	37788	
1582	0	37767	
1583	0	38703	
1584	0	39030	
1585	0	38791	
1586	0	37340	
1587	0	34781	
1588	0	34572	
1589	0	36831	
1590	0	39142	
1591	0	38689	
1592	0	36198	
1593	0	34015	
1594	0	32998	
1595	0	32756	
1596	0	32079	
1597	0	30279	
1598	0	27116	
1599	0	23824	
1600	0	22555	
1601	0	23249	
1602	0	24832	
1603	0	27174	
1604	0	28790	
1605	0	29293	
1606	0	29622	
1607	0	30646	
1608	0	31636	
1609	0	32247	
1610	0	33269	
1611	0	35015	
1612	0	37882	
1613	0	37959	
1614	0	36768	
1615	0	38124	
1616	0	40346	
1617	0	43079	
1618	0	43154	
1619	0	41991	
1620	0	39852	
1621	0	37095	
1622	0	34677	
1623	0	32772	
1624	0	29767	
1625	0	27050	
1626	0	24562	
1627	0	22861	
1628	0	22440	
1629	0	22789	
1630	0	24096	
1631	0	26968	
1632	0	29246	
1633	0	32358	
1634	0	35035	
1635	0	36838	
1636	0	38204	
1637	0	40392	
1638	0	42334	
1639	0	45027	
1640	0	44085	
1641	0	40515	
1642	0	35604	
1643	0	32464	
1644	0	30821	
1645	0	30585	
1646	0	29730	
1647	0	28260	
1648	0	26538	
1649	0	26196	
1650	0	26052	
1651	0	25724	
1652	0	26101	
1653	0	26819	
1654	0	28254	
1655	0	29447	
1656	0	31047	
1657	0	33028	
1658	0	35443	
1659	0	36630	
1660	0	36850	
1661	0	36227	
1662	0	35693	
1663	0	35974	
1664	0	35523	
1665	0	35460	
1666	0	35847	
1667	0	37548	
1668	0	38606	
1669	0	38522	
1670	0	37464	
1671	0	35178	
1672	0	33493	
1673	0	32454	
1674	0	33049	
1675	0	34024	
1676	0	33991	
1677	0	33514	
1678	0	33314	
1679	0	31928	
1680	0	29437	
1681	0	27369	
1682	0	25990	
1683	0	25343	
1684	0	24831	
1685	0	25158	
1686	0	25842	
1687	0	27079	
1688	0	29076	
1689	0	31627	
1690	0	33829	
1691	0	34996	
1692	0	35330	
1693	0	36985	
1694	0	39228	
1695	0	40123	
1696	0	39674	
1697	0	41560	
1698	0	42959	
1699	0	43492	
1700	0	42326	
1701	0	37909	
1702	0	32056	
1703	0	25885	
1704	0	22009	
1705	0	21080	
1706	0	22189	
1707	0	23591	
1708	0	24039	
1709	0	26490	
1710	0	29863	
1711	0	32794	
1712	0	33529	
1713	0	32820	
1714	0	32210	
1715	0	33292	
1716	0	34844	
1717	0	35688	
1718	0	36002	
1719	0	35737	
1720	0	35719	
1721	0	34284	
1722	0	34575	
1723	0	35225	
1724	0	36335	
1725	0	37791	
1726	0	37330	
1727	0	34943	
1728	0	35998	
1729	0	37772	
1730	0	38895	
1731	0	37078	
1732	0	34368	
1733	0	32088	
1734	0	32100	
1735	0	34081	
1736	0	36084	
1737	0	34788	
1738	0	30002	
1739	0	24862	
1740	0	23082	
1741	0	23083	
1742	0	23357	
1743	0	23833	
1744	0	22294	
1745	0	20623	
1746	0	20875	
1747	0	23234	
1748	0	26727	
1749	0	30797	
1750	0	35335	
1751	0	39674	
1752	0	43046	
1753	0	43934	
1754	0	43986	
1755	0	44332	
1756	0	43448	
1757	0	40813	
1758	0	38082	
1759	0	36055	
1760	0	35228	
1761	0	35253	
1762	0	35031	
1763	0	34710	
1764	0	33698	
1765	0	32298	
1766	0	30425	
1767	0	28413	
1768	0	27156	
1769	0	28039	
1770	0	29400	
1771	0	29264	
1772	0	29925	
1773	0	30653	
1774	0	30544	
1775	0	31732	
1776	0	33278	
1777	0	34487	
1778	0	34682	
1779	0	34052	
1780	0	33244	
1781	0	32647	
1782	0	32224	
1783	0	32016	
1784	0	31844	
1785	0	32248	
1786	0	32904	
1787	0	33726	
1788	0	34025	
1789	0	35564	
1790	0	35832	
1791	0	35806	
1792	0	36243	
1793	0	35271	
1794	0	35798	
1795	0	35958	
1796	0	35456	
1797	0	35405	
1798	0	35167	
1799	0	33377	
1800	0	31558	
1801	0	31463	
1802	0	32436	
1803	0	32988	
1804	0	31092	
1805	0	28972	
1806	0	27271	
1807	0	26476	
1808	0	25240	
1809	0	25128	
1810	0	25057	
1811	0	25700	
1812	0	26144	
1813	0	27668	
1814	0	29820	
1815	0	33724	
1816	0	37586	
1817	0	46373	
1818	0	48986	
1819	0	47415	
1820	0	43612	
1821	0	38116	
1822	0	35847	
1823	0	37191	
1824	0	36690	
1825	0	35335	
1826	0	33402	
1827	0	30768	
1828	0	26035	
1829	0	22066	
1830	0	18077	
1831	0	14650	
1832	0	13201	
1833	0	14346	
1834	0	17246	
1835	0	21882	
1836	0	27425	
1837	0	34500	
1838	0	40519	
1839	0	43774	
1840	0	45164	
1841	0	45869	
1842	0	45968	
1843	0	44447	
1844	0	42584	
1845	0	40909	
1846	0	38231	
1847	0	35587	
1848	0	34521	
1849	0	33281	
1850	0	32683	
1851	0	33185	
1852	0	33287	
1853	0	33264	
1854	0	32967	
1855	0	31462	
1856	0	28994	
1857	0	27236	
1858	0	27264	
1859	0	28825	
1860	0	30010	
1861	0	30849	
1862	0	31620	
1863	0	32228	
1864	0	33196	
1865	0	33476	
1866	0	32803	
1867	0	32344	
1868	0	33255	
1869	0	34841	
1870	0	36898	
1871	0	37063	
1872	0	35674	
1873	0	34138	
1874	0	33932	
1875	0	35181	
1876	0	36728	
1877	0	36237	
1878	0	34366	
1879	0	32544	
1880	0	30960	
1881	0	29703	
1882	0	28416	
1883	0	28306	
1884	0	29319	
1885	0	31901	
1886	0	32591	
1887	0	32049	
1888	0	30275	
1889	0	28852	
1890	0	28994	
1891	0	32077	
1892	0	34823	
1893	0	37808	
1894	0	39512	
1895	0	39101	
1896	0	36630	
1897	0	34142	
1898	0	32992	
1899	0	31517	
1900	0	28460	
1901	0	28643	
1902	0	29733	
1903	0	32617	
1904	0	34400	
1905	0	34058	
1906	0	34691	
1907	0	34706	
1908	0	33893	
1909	0	35895	
1910	0	33254	
1911	0	31639	
1912	0	30705	
1913	0	29352	
1914	0	28012	
1915	0	27308	
1916	0	25116	
1917	0	23781	
1918	0	22910	
1919	0	23151	
1920	0	23883	
1921	0	26570	
1922	0	29179	
1923	0	32637	
1924	0	36228	
1925	0	39020	
1926	0	41630	
1927	0	43190	
1928	0	44476	
1929	0	43522	
1930	0	42864	
1931	0	42764	
1932	0	42750	
1933	0	41261	
1934	0	38050	
1935	0	35360	
1936	0	31325	
1937	0	26054	
1938	0	24199	
1939	0	24994	
1940	0	25744	
1941	0	26814	
1942	0	27980	
1943	0	27490	
1944	0	28020	
1945	0	29265	
1946	0	30652	
1947	0	32544	
1948	0	34033	
1949	0	35324	
1950	0	36263	
1951	0	36651	
1952	0	36720	
1953	0	37160	
1954	0	37597	
1955	0	37840	
1956	0	38077	
1957	0	37977	
1958	0	36717	
1959	0	34268	
1960	0	35527	
1961	0	39303	
1962	0	41383	
1963	0	41786	
1964	0	38279	
1965	0	31952	
1966	0	26264	
1967	0	22372	
1968	0	19916	
1969	0	19033	
1970	0	18370	
1971	0	18444	
1972	0	19393	
1973	0	20096	
1974	0	22014	
1975	0	25735	
1976	0	29831	
1977	0	34396	
1978	0	37772	
1979	0	39956	
1980	0	40925	
1981	0	41508	
1982	0	41681	
1983	0	41572	
1984	0	40071	
1985	0	39106	
1986	0	40464	
1987	0	41580	
1988	0	40674	
1989	0	39254	
1990	0	38138	
1991	0	37490	
1992	0	33238	
1993	0	29460	
1994	0	28045	
1995	0	27188	
1996	0	26326	
1997	0	27735	
1998	0	29082	
1999	0	29902	
2000	0	32242	
2001	0	34023	
2002	0	32973	
2003	0	28905	
2004	0	24916	
2005	0	22386	
2006	0	22928	
2007	0	25927	
2008	0	28332	
2009	0	31448	
2010	0	36067	
2011	0	40425	
2012	0	42307	
2013	0	44098	
2014	0	46796	
2015	0	46471	
2016	0	45057	
2017	0	43071	
2018	0	39245	
2019	0	33987	
2020	0	30314	
2021	0	26486	
2022	0	22897	
2023	0	20910	
2024	0	20423	
2025	0	21158	
2026	0	22464	
2027	0	21701	
2028	0	21201	
2029	0	20557	
2030	0	21322	
2031	0	25027	
2032	0	30672	
2033	0	34999	
2034	0	38711	
2035	0	41495	
2036	0	43553	
2037	0	44620	
2038	0	44484	
2039	0	42806	
2040	0	41012	
2041	0	38952	
2042	0	37114	
2043	0	35666	
2044	0	34082	
2045	0	32624	
2046	0	31791	
2047	0	31623	
2048	0	31657	
2049	0	31629	
2050	0	33578	
2051	0	34567	
2052	0	34795	
2053	0	34580	
2054	0	34170	
2055	0	33236	
2056	0	31693	
2057	0	29960	
2058	0	29146	
2059	0	29234	
2060	0	29892	
2061	0	30296	
2062	0	30630	
2063	0	30732	
2064	0	30905	
2065	0	31328	
2066	0	31855	
2067	0	32595	
2068	0	33384	
2069	0	34060	
2070	0	33910	
2071	0	34343	
2072	0	36146	
2073	0	38044	
2074	0	41253	
2075	0	42134	
2076	0	43692	
2077	0	41286	
2078	0	36205	
2079	0	33270	
2080	0	31354	
2081	0	27728	
2082	0	24930	
2083	0	23836	
2084	0	22884	
2085	0	22088	
2086	0	20068	
2087	0	19456	
2088	0	20334	
2089	0	22682	
2090	0	26125	
2091	0	29964	
2092	0	33580	
2093	0	36505	
2094	0	39589	
2095	0	40577	
2096	0	39967	
2097	0	38480	
2098	0	37504	
2099	0	37291	
2100	0	38623	
2101	0	40263	
2102	0	42165	
2103	0	42788	
2104	0	42066	
2105	0	38996	
2106	0	34626	
2107	0	29956	
2108	0	27936	
2109	0	27748	
2110	0	28884	
2111	0	29095	
2112	0	28000	
2113	0	26729	
2114	0	26422	
2115	0	27450	
2116	0	27184	
2117	0	27516	
2118	0	27879	
2119	0	28558	
2120	0	30510	
2121	0	33113	
2122	0	34656	
2123	0	35897	
2124	0	36580	
2125	0	37532	
2126	0	38626	
2127	0	39412	
2128	0	39324	
2129	0	37648	
2130	0	35329	
2131	0	33488	
2132	0	32160	
2133	0	31544	
2134	0	31399	
2135	0	31357	
2136	0	31360	
2137	0	31562	
2138	0	31870	
2139	0	31809	
2140	0	33037	
2141	0	35311	
2142	0	38471	
2143	0	40282	
2144	0	40270	
2145	0	39122	
2146	0	39097	
2147	0	37628	
2148	0	33876	
2149	0	29258	
2150	0	25009	
2151	0	22207	
2152	0	20740	
2153	0	20888	
2154	0	21654	
2155	0	22680	
2156	0	24120	
2157	0	26955	
2158	0	30068	
2159	0	33300	
2160	0	37349	
2161	0	41600	
2162	0	42493	
2163	0	43326	
2164	0	44086	
2165	0	44923	
2166	0	47552	
2167	0	50560	
2168	0	48767	
2169	0	40987	
2170	0	30036	
2171	0	19762	
2172	0	14998	
2173	0	16884	
2174	0	21684	
2175	0	23904	
2176	0	23541	
2177	0	21601	
2178	0	21476	
2179	0	21741	
2180	0	23132	
2181	0	24744	
2182	0	27949	
2183	0	30583	
2184	0	33344	
2185	0	35689	
2186	0	37676	
2187	0	39408	
2188	0	40647	
2189	0	41659	
2190	0	41734	
2191	0	41799	
2192	0	41828	
2193	0	40727	
2194	0	40385	
2195	0	39038	
2196	0	38036	
2197	0	37158	
2198	0	36984	
2199	0	38946	
2200	0	40134	
2201	0	37997	
2202	0	32930	
2203	0	26253	
2204	0	22912	
2205	0	21633	
2206	0	21543	
2207	0	21780	
2208	0	23516	
2209	0	25805	
2210	0	27784	
2211	0	29616	
2212	0	32249	
2213	0	35429	
2214	0	38461	
2215	0	38478	
2216	0	38418	
2217	0	40948	
2218	0	41493	
2219	0	42262	
2220	0	42271	
2221	0	41249	
2222	0	39757	
2223	0	37242	
2224	0	31668	
2225	0	26372	
2226	0	23559	
2227	0	22304	
2228	0	21160	
2229	0	20685	
2230	0	19948	
2231	0	19396	
2232	0	21892	
2233	0	26182	
2234	0	28325	
2235	0	30275	
2236	0	33047	
2237	0	34655	
2238	0	36653	
2239	0	37990	
2240	0	38183	
2241	0	38443	
2242	0	39032	
2243	0	39792	
2244	0	39705	
2245	0	38621	
2246	0	37200	
2247	0	36397	
2248	0	35898	
2249	0	35523	
2250	0	35112	
2251	0	35561	
2252	0	37158	
2253	0	40720	
2254	0	42614	
2255	0	42687	
2256	0	43143	
2257	0	40279	
2258	0	34481	
2259	0	29491	
2260	0	25457	
2261	0	21091	
2262	0	17888	
2263	0	17485	
2264	0	17442	
2265	0	17323	
2266	0	18358	
2267	0	20583	
2268	0	23994	
2269	0	28576	
2270	0	32519	
2271	0	36392	
2272	0	39430	
2273	0	41441	
2274	0	42119	
2275	0	42568	
2276	0	43060	
2277	0	42910	
2278	0	40050	
2279	0	37566	
2280	0	37364	
2281	0	38010	
2282	0	38308	
2283	0	38989	
2284	0	38812	
2285	0	38938	
2286	0	39446	
2287	0	38964	
2288	0	34665	
2289	0	27140	
2290	0	20329	
2291	0	16368	
2292	0	15868	
2293	0	16157	
2294	0	18120	
2295	0	20582	
2296	0	23642	
2297	0	27077	
2298	0	29769	
2299	0	31712	
2300	0	33748	
2301	0	36433	
2302	0	38862	
2303	0	41368	
2304	0	43107	
2305	0	43538	
2306	0	46017	
2307	0	48348	
2308	0	50434	
2309	0	52162	
2310	0	48055	
2311	0	39072	
2312	0	30400	
2313	0	24987	
2314	0	21670	
2315	0	18274	
2316	0	16788	
2317	0	17591	
2318	0	17465	
2319	0	16488	
2320	0	17334	
2321	0	20080	
2322	0	24416	
2323	0	29372	
2324	0	34064	
2325	0	36714	
2326	0	38352	
2327	0	41351	
2328	0	44964	
2329	0	47230	
2330	0	45208	
2331	0	41852	
2332	0	40206	
2333	0	40085	
2334	0	40973	
2335	0	42108	
2336	0	40444	
2337	0	36341	
2338	0	30815	
2339	0	26631	
2340	0	24712	
2341	0	24129	
2342	0	23337	
2343	0	22692	
2344	0	23208	
2345	0	25696	
2346	0	27508	
2347	0	29063	
2348	0	32011	
2349	0	33708	
2350	0	34116	
2351	0	35807	
2352	0	37671	
2353	0	39879	
2354	0	41232	
2355	0	41000	
2356	0	39213	
2357	0	36388	
2358	0	34048	
2359	0	31358	
2360	0	31317	
2361	0	35700	
2362	0	38309	
2363	0	41904	
2364	0	42194	
2365	0	38456	
2366	0	34047	
2367	0	30077	
2368	0	28664	
2369	0	28796	
2370	0	28210	
2371	0	28098	
2372	0	26892	
2373	0	25639	
2374	0	24026	
2375	0	21257	
2376	0	19034	
2377	0	18950	
2378	0	23605	
2379	0	30635	
2380	0	34328	
2381	0	39868	
2382	0	45078	
2383	0	46667	
2384	0	43527	
2385	0	38486	
2386	0	33396	
2387	0	32219	
2388	0	32940	
2389	0	33872	
2390	0	34765	
2391	0	32116	
2392	0	27390	
2393	0	24040	
2394	0	23105	
2395	0	22932	
2396	0	23220	
2397	0	24324	
2398	0	25061	
2399	0	26288	
2400	0	28978	
2401	0	32661	
2402	0	37236	
2403	0	41509	
2404	0	43808	
2405	0	42690	
2406	0	40747	
2407	0	38893	
2408	0	38006	
2409	0	38187	
2410	0	37863	
2411	0	36907	
2412	0	35737	
2413	0	34698	
2414	0	34618	
2415	0	34258	
2416	0	34304	
2417	0	33997	
2418	0	34375	
2419	0	34848	
2420	0	34574	
2421	0	35610	
2422	0	36918	
2423	0	38185	
2424	0	39712	
2425	0	38295	
2426	0	32300	
2427	0	26689	
2428	0	22138	
2429	0	21375	
2430	0	22310	
2431	0	24390	
2432	0	25140	
2433	0	26231	
2434	0	28082	
2435	0	29609	
2436	0	30455	
2437	0	30127	
2438	0	32048	
2439	0	35335	
2440	0	38532	
2441	0	39412	
2442	0	39248	
2443	0	39271	
2444	0	37755	
2445	0	34759	
2446	0	33116	
2447	0	33733	
2448	0	35271	
2449	0	39819	
2450	0	43295	
2451	0	43620	
2452	0	40379	
2453	0	34138	
2454	0	29815	
2455	0	28967	
2456	0	29839	
2457	0	29612	
2458	0	28009	
2459	0	23564	
2460	0	19043	
2461	0	14279	
2462	0	11377	
2463	0	10183	
2464	0	13776	
2465	0	19751	
2466	0	26503	
2467	0	33850	
2468	0	40377	
2469	0	42905	
2470	0	45814	
2471	0	49076	
2472	0	52773	
2473	0	57680	
2474	0	58076	
2475	0	54437	
2476	0	47138	
2477	0	37193	
2478	0	29901	
2479	0	25178	
2480	0	22532	
2481	0	21958	
2482	0	22420	
2483	0	23205	
2484	0	22720	
2485	0	21172	
2486	0	20834	
2487	0	21557	
2488	0	24256	
2489	0	27769	
2490	0	31279	
2491	0	34692	
2492	0	36706	
2493	0	38690	
2494	0	42616	
2495	0	44212	
2496	0	45285	
2497	0	44973	
2498	0	47704	
2499	0	50713	
2500	0	51830	
2501	0	51744	
2502	0	44926	
2503	0	33423	
2504	0	25890	
2505	0	19668	
2506	0	15386	
2507	0	12678	
2508	0	11968	
2509	0	12520	
2510	0	13665	
2511	0	16264	
2512	0	17608	
2513	0	19275	
2514	0	22551	
2515	0	26945	
2516	0	32174	
2517	0	38068	
2518	0	42353	
2519	0	45385	
2520	0	45751	
2521	0	44780	
2522	0	44524	
2523	0	45063	
2524	0	44037	
2525	0	45191	
2526	0	44663	
2527	0	44760	
2528	0	44894	
2529	0	46316	
2530	0	44325	
2531	0	37794	
2532	0	28972	
2533	0	21331	
2534	0	15690	
2535	0	11267	
2536	0	10572	
2537	0	12297	
2538	0	14727	
2539	0	19886	
2540	0	25792	
2541	0	31832	
2542	0	35382	
2543	0	36952	
2544	0	38041	
2545	0	38596	
2546	0	39160	
2547	0	39884	
2548	0	39695	
2549	0	39920	
2550	0	38185	
2551	0	37814	
2552	0	38266	
2553	0	37255	
2554	0	35703	
2555	0	35441	
2556	0	35829	
2557	0	36304	
2558	0	37654	
2559	0	38279	
2560	0	37074	
2561	0	34432	
2562	0	31232	
2563	0	27309	
2564	0	26945	
2565	0	29615	
2566	0	31175	
2567	0	32613	
2568	0	32016	
2569	0	31921	
2570	0	33808	
2571	0	33383	
2572	0	30956	
2573	0	30205	
2574	0	28229	
2575	0	29059	
2576	0	31374	
2577	0	32837	
2578	0	35681	
2579	0	35335	
2580	0	32159	
2581	0	27762	
2582	0	24106	
2583	0	21375	
2584	0	19904	
2585	0	21327	
2586	0	23365	
2587	0	27292	
2588	0	31593	
2589	0	34002	
2590	0	34740	
2591	0	34950	
2592	0	36188	
2593	0	38988	
2594	0	40726	
2595	0	42594	
2596	0	44415	
2597	0	43935	
2598	0	41532	
2599	0	38617	
2600	0	33935	
2601	0	29670	
2602	0	28999	
2603	0	29637	
2604	0	28950	
2605	0	28594	
2606	0	31012	
2607	0	36415	
2608	0	40914	
2609	0	42288	
2610	0	42465	
2611	0	40446	
2612	0	35383	
2613	0	31847	
2614	0	28543	
2615	0	29326	
2616	0	28988	
2617	0	26932	
2618	0	24924	
2619	0	24026	
2620	0	22994	
2621	0	22788	
2622	0	23672	
2623	0	25490	
2624	0	27863	
2625	0	29830	
2626	0	33552	
2627	0	39101	
2628	0	42503	
2629	0	44796	
2630	0	44908	
2631	0	43756	
2632	0	42356	
2633	0	40272	
2634	0	37330	
2635	0	33916	
2636	0	29968	
2637	0	26956	
2638	0	24776	
2639	0	24071	
2640	0	23021	
2641	0	23634	
2642	0	25549	
2643	0	29047	
2644	0	33666	
2645	0	38855	
2646	0	42289	
2647	0	43696	
2648	0	45312	
2649	0	44588	
2650	0	45260	
2651	0	45499	
2652	0	42182	
2653	0	38128	
2654	0	35298	
2655	0	29817	
2656	0	20211	
2657	0	12516	
2658	0	8852	
2659	0	9559	
2660	0	10884	
2661	0	13387	
2662	0	17320	
2663	0	22144	
2664	0	28831	
2665	0	37814	
2666	0	43344	
2667	0	49036	
2668	0	53356	
2669	0	54924	
2670	0	54502	
2671	0	50822	
2672	0	43537	
2673	0	34957	
2674	0	28611	
2675	0	24720	
2676	0	21790	
2677	0	20854	
2678	0	21464	
2679	0	23674	
2680	0	26725	
2681	0	31917	
2682	0	34720	
2683	0	34758	
2684	0	36532	
2685	0	36487	
2686	0	36230	
2687	0	35335	
2688	0	33249	
2689	0	32268	
2690	0	34454	
2691	0	36934	
2692	0	36798	
2693	0	34093	
2694	0	30935	
2695	0	27002	
2696	0	24302	
2697	0	23570	
2698	0	25466	
2699	0	27800	
2700	0	30333	
2701	0	32192	
2702	0	34477	
2703	0	36032	
2704	0	37332	
2705	0	38984	
2706	0	39498	
2707	0	40314	
2708	0	40125	
2709	0	39137	
2710	0	39068	
2711	0	38279	
2712	0	35623	
2713	0	32044	
2714	0	29688	
2715	0	28489	
2716	0	28686	
2717	0	29588	
2718	0	31646	
2719	0	32236	
2720	0	32764	
2721	0	33326	
2722	0	34360	
2723	0	32640	
2724	0	33095	
2725	0	34950	
2726	0	36026	
2727	0	35730	
2728	0	36902	
2729	0	35901	
2730	0	37074	
2731	0	40034	
2732	0	36419	
2733	0	30388	
2734	0	25572	
2735	0	22130	
2736	0	20466	
2737	0	20711	
2738	0	23134	
2739	0	25244	
2740	0	25888	
2741	0	25601	
2742	0	25012	
2743	0	26398	
2744	0	29601	
2745	0	33348	
2746	0	36838	
2747	0	44935	
2748	0	54190	
2749	0	60872	
2750	0	58660	
2751	0	55302	
2752	0	52292	
2753	0	36876	
2754	0	28221	
2755	0	22702	
2756	0	17926	
2757	0	16615	
2758	0	15279	
2759	0	12028	
2760	0	9171	
2761	0	10428	
2762	0	16062	
2763	0	21065	
2764	0	24128	
2765	0	27492	
2766	0	32652	
2767	0	39020	
2768	0	46839	
2769	0	51888	
2770	0	55940	
2771	0	55960	
2772	0	53151	
2773	0	44603	
2774	0	35125	
2775	0	29256	
2776	0	29610	
2777	0	33242	
2778	0	33970	
2779	0	34491	
2780	0	36077	
2781	0	33867	
2782	0	27050	
2783	0	20432	
2784	0	15303	
2785	0	12477	
2786	0	13552	
2787	0	18959	
2788	0	25810	
2789	0	31425	
2790	0	34124	
2791	0	35195	
2792	0	37568	
2793	0	39691	
2794	0	41053	
2795	0	41964	
2796	0	42003	
2797	0	41375	
2798	0	40637	
2799	0	40035	
2800	0	39038	
2801	0	37607	
2802	0	36063	
2803	0	34913	
2804	0	33520	
2805	0	32573	
2806	0	31974	
2807	0	31952	
2808	0	32114	
2809	0	32133	
2810	0	32183	
2811	0	32372	
2812	0	32302	
2813	0	31905	
2814	0	32285	
2815	0	33026	
2816	0	32446	
2817	0	32458	
2818	0	34374	
2819	0	36512	
2820	0	39220	
2821	0	40935	
2822	0	39860	
2823	0	35152	
2824	0	31913	
2825	0	32180	
2826	0	31785	
2827	0	30889	
2828	0	34608	
2829	0	39229	
2830	0	37927	
2831	0	32772	
2832	0	23736	
2833	0	15578	
2834	0	11265	
2835	0	13031	
2836	0	16717	
2837	0	21510	
2838	0	23679	
2839	0	24544	
2840	0	27714	
2841	0	32009	
2842	0	36254	
2843	0	39788	
2844	0	42694	
2845	0	42972	
2846	0	45062	
2847	0	51512	
2848	0	54909	
2849	0	51332	
2850	0	43437	
2851	0	34761	
2852	0	29152	
2853	0	29986	
2854	0	30816	
2855	0	29719	
2856	0	24007	
2857	0	19517	
2858	0	15522	
2859	0	14284	
2860	0	16446	
2861	0	19366	
2862	0	21235	
2863	0	24441	
2864	0	29400	
2865	0	33488	
2866	0	36109	
2867	0	38134	
2868	0	40996	
2869	0	43010	
2870	0	45250	
2871	0	47820	
2872	0	49654	
2873	0	49638	
2874	0	48918	
2875	0	46259	
2876	0	40310	
2877	0	33362	
2878	0	29581	
2879	0	26884	
2880	0	25394	
2881	0	24468	
2882	0	24065	
2883	0	23982	
2884	0	23522	
2885	0	23814	
2886	0	25176	
2887	0	27559	
2888	0	29882	
2889	0	32151	
2890	0	35064	
2891	0	37032	
2892	0	37702	
2893	0	40601	
2894	0	43096	
2895	0	43629	
2896	0	42758	
2897	0	42198	
2898	0	40656	
2899	0	40576	
2900	0	38937	
2901	0	33578	
2902	0	27270	
2903	0	23066	
2904	0	21853	
2905	0	21906	
2906	0	23687	
2907	0	26368	
2908	0	29287	
2909	0	30598	
2910	0	31391	
2911	0	31916	
2912	0	30264	
2913	0	28937	
2914	0	28464	
2915	0	27570	
2916	0	27548	
2917	0	29252	
2918	0	31079	
2919	0	31271	
2920	0	30092	
2921	0	29583	
2922	0	32954	
2923	0	37776	
2924	0	42840	
2925	0	47276	
2926	0	46968	
2927	0	42218	
2928	0	36321	
2929	0	31648	
2930	0	29037	
2931	0	27264	
2932	0	27678	
2933	0	27930	
2934	0	27575	
2935	0	25869	
2936	0	26727	
2937	0	30438	
2938	0	36077	
2939	0	41971	
2940	0	43752	
2941	0	41302	
2942	0	36964	
2943	0	32936	
2944	0	31133	
2945	0	30953	
2946	0	30306	
2947	0	31811	
2948	0	33412	
2949	0	34322	
2950	0	39968	
2951	0	45508	
2952	0	50055	
2953	0	50887	
2954	0	44960	
2955	0	37312	
2956	0	31596	
2957	0	26170	
2958	0	20514	
2959	0	12680	
2960	0	6253	
2961	0	5260	
2962	0	6828	
2963	0	10200	
2964	0	13259	
2965	0	18292	
2966	0	25584	
2967	0	34195	
2968	0	41842	
2969	0	46694	
2970	0	48914	
2971	0	49780	
2972	0	47138	
2973	0	46569	
2974	0	48991	
2975	0	46932	
2976	0	46230	
2977	0	46012	
2978	0	42544	
2979	0	36304	
2980	0	29410	
2981	0	23866	
2982	0	20396	
2983	0	18976	
2984	0	21521	
2985	0	25003	
2986	0	28536	
2987	0	32490	
2988	0	36364	
2989	0	41802	
2990	0	45686	
2991	0	48296	
2992	0	45283	
2993	0	36760	
2994	0	28137	
2995	0	23372	
2996	0	21275	
2997	0	20075	
2998	0	20078	
2999	0	20209	
3000	0	19550	
3001	0	18293	
3002	0	19802	
3003	0	25513	
3004	0	31122	
3005	0	36692	
3006	0	42156	
3007	0	45429	
3008	0	45725	
3009	0	45159	
3010	0	42940	
3011	0	38947	
3012	0	39981	
3013	0	45280	
3014	0	48028	
3015	0	47152	
3016	0	40820	
3017	0	31901	
3018	0	27376	
3019	0	24397	
3020	0	21905	
3021	0	21270	
3022	0	25376	
3023	0	32516	
3024	0	36590	
3025	0	38045	
3026	0	34744	
3027	0	30796	
3028	0	27353	
3029	0	26332	
3030	0	25900	
3031	0	25720	
3032	0	25897	
3033	0	24952	
3034	0	23886	
3035	0	23781	
3036	0	24962	
3037	0	27150	
3038	0	30540	
3039	0	33617	
3040	0	36646	
3041	0	40864	
3042	0	47516	
3043	0	55224	
3044	0	59433	
3045	0	55550	
3046	0	45129	
3047	0	33292	
3048	0	26790	
3049	0	23467	
3050	0	22822	
3051	0	22932	
3052	0	22508	
3053	0	19137	
3054	0	17148	
3055	0	16537	
3056	0	17577	
3057	0	21569	
3058	0	26786	
3059	0	33529	
3060	0	40202	
3061	0	45680	
3062	0	49575	
3063	0	48598	
3064	0	46794	
3065	0	45428	
3066	0	46633	
3067	0	44223	
3068	0	35964	
3069	0	29956	
3070	0	27863	
3071	0	28964	
3072	0	31725	
3073	0	32775	
3074	0	31148	
3075	0	30393	
3076	0	29697	
3077	0	29252	
3078	0	26792	
3079	0	24514	
3080	0	23644	
3081	0	23943	
3082	0	25394	
3083	0	26789	
3084	0	27250	
3085	0	30301	
3086	0	35963	
3087	0	44532	
3088	0	54784	
3089	0	59096	
3090	0	56417	
3091	0	53319	
3092	0	36260	
3093	0	23013	
3094	0	12983	
3095	0	8422	
3096	0	6915	
3097	0	8325	
3098	0	11680	
3099	0	14778	
3100	0	18726	
3101	0	23884	
3102	0	30242	
3103	0	36164	
3104	0	41872	
3105	0	47173	
3106	0	51065	
3107	0	55228	
3108	0	58392	
3109	0	58416	
3110	0	51104	
3111	0	39385	
3112	0	30821	
3113	0	25284	
3114	0	23088	
3115	0	24403	
3116	0	25365	
3117	0	25073	
3118	0	24946	
3119	0	24180	
3120	0	23975	
3121	0	25228	
3122	0	27962	
3123	0	31693	
3124	0	34791	
3125	0	36818	
3126	0	38749	
3127	0	38687	
3128	0	39156	
3129	0	41269	
3130	0	42000	
3131	0	40628	
3132	0	37526	
3133	0	35226	
3134	0	35031	
3135	0	34331	
3136	0	31613	
3137	0	28210	
3138	0	31792	
3139	0	43428	
3140	0	51078	
3141	0	52895	
3142	0	50770	
3143	0	40176	
3144	0	23313	
3145	0	13913	
3146	0	9430	
3147	0	9091	
3148	0	10842	
3149	0	16649	
3150	0	18837	
3151	0	18333	
3152	0	16833	
3153	0	15027	
3154	0	16440	
3155	0	20651	
3156	0	27474	
3157	0	35727	
3158	0	43128	
3159	0	47266	
3160	0	51846	
3161	0	55205	
3162	0	59168	
3163	0	61895	
3164	0	58665	
3165	0	55218	
3166	0	52231	
3167	0	48403	
3168	0	33991	
3169	0	28705	
3170	0	20582	
3171	0	14199	
3172	0	9592	
3173	0	5895	
3174	0	4208	
3175	0	9239	
3176	0	15206	
3177	0	19126	
3178	0	22756	
3179	0	27582	
3180	0	31423	
3181	0	34820	
3182	0	39053	
3183	0	42887	
3184	0	44815	
3185	0	45878	
3186	0	46508	
3187	0	46214	
3188	0	44548	
3189	0	42457	
3190	0	40440	
3191	0	38815	
3192	0	37392	
3193	0	35927	
3194	0	34650	
3195	0	33581	
3196	0	32730	
3197	0	32167	
3198	0	31444	
3199	0	30433	
3200	0	30904	
3201	0	32916	
3202	0	36199	
3203	0	39132	
3204	0	40967	
3205	0	38516	
3206	0	34644	
3207	0	31431	
3208	0	29988	
3209	0	28205	
3210	0	26160	
3211	0	23216	
3212	0	20383	
3213	0	19932	
3214	0	21574	
3215	0	24304	
3216	0	27138	
3217	0	35250	
3218	0	45486	
3219	0	54292	
3220	0	57624	
3221	0	53504	
3222	0	43106	
3223	0	30443	
3224	0	20162	
3225	0	15019	
3226	0	15409	
3227	0	18162	
3228	0	21407	
3229	0	25295	
3230	0	27290	
3231	0	27527	
3232	0	26532	
3233	0	26045	
3234	0	26100	
3235	0	27812	
3236	0	31030	
3237	0	34765	
3238	0	37581	
3239	0	40404	
3240	0	43719	
3241	0	49187	
3242	0	52100	
3243	0	51015	
3244	0	47438	
3245	0	39722	
3246	0	30275	
3247	0	22785	
3248	0	19156	
3249	0	18902	
3250	0	20201	
3251	0	23102	
3252	0	24557	
3253	0	25832	
3254	0	26366	
3255	0	27552	
3256	0	29843	
3257	0	33439	
3258	0	37012	
3259	0	39574	
3260	0	41778	
3261	0	42653	
3262	0	42092	
3263	0	40955	
3264	0	39391	
3265	0	37764	
3266	0	36538	
3267	0	36203	
3268	0	35045	
3269	0	34111	
3270	0	33810	
3271	0	34717	
3272	0	35962	
3273	0	35862	
3274	0	34524	
3275	0	33487	
3276	0	32397	
3277	0	31062	
3278	0	29080	
3279	0	27778	
3280	0	28161	
3281	0	29719	
3282	0	32477	
3283	0	34306	
3284	0	33813	
3285	0	32642	
3286	0	29644	
3287	0	34983	
3288	0	43236	
3289	0	48304	
3290	0	48594	
3291	0	42464	
3292	0	31064	
3293	0	19066	
3294	0	12208	
3295	0	11291	
3296	0	11660	
3297	0	14654	
3298	0	16812	
3299	0	20056	
3300	0	26349	
3301	0	33858	
3302	0	40184	
3303	0	45436	
3304	0	47833	
3305	0	48376	
3306	0	47845	
3307	0	47074	
3308	0	42492	
3309	0	36998	
3310	0	31879	
3311	0	26561	
3312	0	23389	
3313	0	22790	
3314	0	23777	
3315	0	23392	
3316	0	22822	
3317	0	22311	
3318	0	25946	
3319	0	32570	
3320	0	37751	
3321	0	39684	
3322	0	40168	
3323	0	37532	
3324	0	36838	
3325	0	40355	
3326	0	42041	
3327	0	42074	
3328	0	41156	
3329	0	38425	
3330	0	33065	
3331	0	26962	
3332	0	21799	
3333	0	19996	
3334	0	21706	
3335	0	26376	
3336	0	30883	
3337	0	33791	
3338	0	36341	
3339	0	39159	
3340	0	41949	
3341	0	42503	
3342	0	40391	
3343	0	37954	
3344	0	36262	
3345	0	35942	
3346	0	34924	
3347	0	32704	
3348	0	32529	
3349	0	34810	
3350	0	39232	
3351	0	41172	
3352	0	36736	
3353	0	30253	
3354	0	22526	
3355	0	16993	
3356	0	16081	
3357	0	17380	
3358	0	19360	
3359	0	22462	
3360	0	25164	
3361	0	28079	
3362	0	31801	
3363	0	35831	
3364	0	37969	
3365	0	39504	
3366	0	40034	
3367	0	39486	
3368	0	39122	
3369	0	40128	
3370	0	41227	
3371	0	42311	
3372	0	43478	
3373	0	41529	
3374	0	38002	
3375	0	36391	
3376	0	35995	
3377	0	38182	
3378	0	41211	
3379	0	42754	
3380	0	40208	
3381	0	33814	
3382	0	26027	
3383	0	19782	
3384	0	15710	
3385	0	14110	
3386	0	14041	
3387	0	14914	
3388	0	15836	
3389	0	18362	
3390	0	19769	
3391	0	22376	
3392	0	28052	
3393	0	35060	
3394	0	38170	
3395	0	44388	
3396	0	51399	
3397	0	56263	
3398	0	56461	
3399	0	54503	
3400	0	55444	
3401	0	53728	
3402	0	51077	
3403	0	40622	
3404	0	28252	
3405	0	17178	
3406	0	8762	
3407	0	5844	
3408	0	7262	
3409	0	8167	
3410	0	11409	
3411	0	16140	
3412	0	21436	
3413	0	28036	
3414	0	34910	
3415	0	39661	
3416	0	41650	
3417	0	41645	
3418	0	41116	
3419	0	41428	
3420	0	43868	
3421	0	44986	
3422	0	44054	
3423	0	40820	
3424	0	36390	
3425	0	35611	
3426	0	38856	
3427	0	41737	
3428	0	42932	
3429	0	41022	
3430	0	37944	
3431	0	34861	
3432	0	31836	
3433	0	28587	
3434	0	25210	
3435	0	22902	
3436	0	22093	
3437	0	22172	
3438	0	23314	
3439	0	23323	
3440	0	22968	
3441	0	24397	
3442	0	26020	
3443	0	28039	
3444	0	29652	
3445	0	31886	
3446	0	34049	
3447	0	35244	
3448	0	36390	
3449	0	37321	
3450	0	38756	
3451	0	39636	
3452	0	39558	
3453	0	38937	
3454	0	36128	
3455	0	34426	
3456	0	35756	
3457	0	41796	
3458	0	48825	
3459	0	54074	
3460	0	51442	
3461	0	38972	
3462	0	27700	
3463	0	23129	
3464	0	23450	
3465	0	24466	
3466	0	24308	
3467	0	22080	
3468	0	19064	
3469	0	18562	
3470	0	18103	
3471	0	17446	
3472	0	22896	
3473	0	29942	
3474	0	36136	
3475	0	40340	
3476	0	41972	
3477	0	42079	
3478	0	39988	
3479	0	37601	
3480	0	35389	
3481	0	33991	
3482	0	33869	
3483	0	34076	
3484	0	34281	
3485	0	34709	
3486	0	35261	
3487	0	34432	
3488	0	32235	
3489	0	32805	
3490	0	34960	
3491	0	38988	
3492	0	42552	
3493	0	43001	
3494	0	40374	
3495	0	36983	
3496	0	33216	
3497	0	30837	
3498	0	30228	
3499	0	30420	
3500	0	27846	
3501	0	20164	
3502	0	13269	
3503	0	12198	
3504	0	15285	
3505	0	19495	
3506	0	23328	
3507	0	26195	
3508	0	29373	
3509	0	32281	
3510	0	34176	
3511	0	36665	
3512	0	39193	
3513	0	44325	
3514	0	46516	
3515	0	48848	
3516	0	53561	
3517	0	56860	
3518	0	56327	
3519	0	52493	
3520	0	45073	
3521	0	36860	
3522	0	27947	
3523	0	22568	
3524	0	18656	
3525	0	16950	
3526	0	17528	
3527	0	17423	
3528	0	15882	
3529	0	15655	
3530	0	16009	
3531	0	18736	
3532	0	22434	
3533	0	28656	
3534	0	34565	
3535	0	38693	
3536	0	41406	
3537	0	43556	
3538	0	45561	
3539	0	46628	
3540	0	48630	
3541	0	47261	
3542	0	42724	
3543	0	35913	
3544	0	29575	
3545	0	25724	
3546	0	24985	
3547	0	25143	
3548	0	26244	
3549	0	28318	
3550	0	28948	
3551	0	30695	
3552	0	33254	
3553	0	35418	
3554	0	35786	
3555	0	35180	
3556	0	35111	
3557	0	36359	
3558	0	36792	
3559	0	39078	
3560	0	43504	
3561	0	46622	
3562	0	45159	
3563	0	37478	
3564	0	30575	
3565	0	28903	
3566	0	26783	
3567	0	25860	
3568	0	24582	
3569	0	23106	
3570	0	21626	
3571	0	20598	
3572	0	22757	
3573	0	25812	
3574	0	28346	
3575	0	30694	
3576	0	31500	
3577	0	32483	
3578	0	34838	
3579	0	36604	
3580	0	34695	
3581	0	32625	
3582	0	38328	
3583	0	45898	
3584	0	51202	
3585	0	52576	
3586	0	48216	
3587	0	38520	
3588	0	27878	
3589	0	19544	
3590	0	15709	
3591	0	15239	
3592	0	16752	
3593	0	20530	
3594	0	25112	
3595	0	29205	
3596	0	33328	
3597	0	38684	
3598	0	43774	
3599	0	44868	
3600	0	44854	
3601	0	41749	
3602	0	36935	
3603	0	32103	
3604	0	29780	
3605	0	28258	
3606	0	27824	
3607	0	26863	
3608	0	25442	
3609	0	25428	
3610	0	26682	
3611	0	29804	
3612	0	32628	
3613	0	35624	
3614	0	39303	
3615	0	41156	
3616	0	44836	
3617	0	48436	
3618	0	49533	
3619	0	46274	
3620	0	37735	
3621	0	29502	
3622	0	26119	
3623	0	28060	
3624	0	32256	
3625	0	33301	
3626	0	30312	
3627	0	25731	
3628	0	19720	
3629	0	14329	
3630	0	13387	
3631	0	16705	
3632	0	20880	
3633	0	25278	
3634	0	29526	
3635	0	33164	
3636	0	35937	
3637	0	39714	
3638	0	44118	
3639	0	46976	
3640	0	52969	
3641	0	58627	
3642	0	57826	
3643	0	54713	
3644	0	40536	
3645	0	29817	
3646	0	21802	
3647	0	17512	
3648	0	16645	
3649	0	16731	
3650	0	15935	
3651	0	18036	
3652	0	20514	
3653	0	24025	
3654	0	28852	
3655	0	33542	
3656	0	36450	
3657	0	42360	
3658	0	48848	
3659	0	51360	
3660	0	49412	
3661	0	46916	
3662	0	45546	
3663	0	42548	
3664	0	36355	
3665	0	28098	
3666	0	20806	
3667	0	17648	
3668	0	15632	
3669	0	15928	
3670	0	17953	
3671	0	19952	
3672	0	22375	
3673	0	24700	
3674	0	26093	
3675	0	29323	
3676	0	34026	
3677	0	38760	
3678	0	42116	
3679	0	43972	
3680	0	46766	
3681	0	45392	
3682	0	46789	
3683	0	51468	
3684	0	55833	
3685	0	54113	
3686	0	51407	
3687	0	37248	
3688	0	28301	
3689	0	22931	
3690	0	18874	
3691	0	16228	
3692	0	14362	
3693	0	12485	
3694	0	12002	
3695	0	14310	
3696	0	16986	
3697	0	21689	
3698	0	30755	
3699	0	41121	
3700	0	50375	
3701	0	57108	
3702	0	57624	
3703	0	53852	
3704	0	45735	
3705	0	34880	
3706	0	25005	
3707	0	17089	
3708	0	13719	
3709	0	13838	
3710	0	15991	
3711	0	19718	
3712	0	22738	
3713	0	24804	
3714	0	26544	
3715	0	30593	
3716	0	35614	
3717	0	39343	
3718	0	42113	
3719	0	43934	
3720	0	44622	
3721	0	46168	
3722	0	46998	
3723	0	45970	
3724	0	42216	
3725	0	40927	
3726	0	41512	
3727	0	41617	
3728	0	38300	
3729	0	32377	
3730	0	27090	
3731	0	23801	
3732	0	22899	
3733	0	23246	
3734	0	24070	
3735	0	24857	
3736	0	24394	
3737	0	23381	
3738	0	23422	
3739	0	25305	
3740	0	28907	
3741	0	32807	
3742	0	36164	
3743	0	39350	
3744	0	41490	
3745	0	42498	
3746	0	44648	
3747	0	46585	
3748	0	47002	
3749	0	44000	
3750	0	37063	
3751	0	30439	
3752	0	24928	
3753	0	22171	
3754	0	23415	
3755	0	26178	
3756	0	26531	
3757	0	25959	
3758	0	26946	
3759	0	30844	
3760	0	32745	
3761	0	38052	
3762	0	46112	
3763	0	48036	
3764	0	42674	
3765	0	33464	
3766	0	27529	
3767	0	26196	
3768	0	28557	
3769	0	29620	
3770	0	29735	
3771	0	27678	
3772	0	25716	
3773	0	24744	
3774	0	23536	
3775	0	23060	
3776	0	23252	
3777	0	25652	
3778	0	29316	
3779	0	32733	
3780	0	36132	
3781	0	39208	
3782	0	39843	
3783	0	41197	
3784	0	41459	
3785	0	38508	
3786	0	34093	
3787	0	31901	
3788	0	32299	
3789	0	33405	
3790	0	33784	
3791	0	33176	
3792	0	32090	
3793	0	31424	
3794	0	31067	
3795	0	31060	
3796	0	31248	
3797	0	32380	
3798	0	33418	
3799	0	33877	
3800	0	34981	
3801	0	35963	
3802	0	36589	
3803	0	36435	
3804	0	36213	
3805	0	35929	
3806	0	35811	
3807	0	35463	
3808	0	34641	
3809	0	34582	
3810	0	35079	
3811	0	34807	
3812	0	36901	
3813	0	38268	
3814	0	36927	
3815	0	34188	
3816	0	35658	
3817	0	37168	
3818	0	36348	
3819	0	33104	
3820	0	29602	
3821	0	27754	
3822	0	25478	
3823	0	22889	
3824	0	20348	
3825	0	19975	
3826	0	21752	
3827	0	22972	
3828	0	23723	
3829	0	25606	
3830	0	28557	
3831	0	30979	
3832	0	34473	
3833	0	37433	
3834	0	38674	
3835	0	40642	
3836	0	40260	
3837	0	40816	
3838	0	43625	
3839	0	46052	
3840	0	44551	
3841	0	41948	
3842	0	36414	
3843	0	30662	
3844	0	26789	
3845	0	24476	
3846	0	24313	
3847	0	26057	
3848	0	26016	
3849	0	26652	
3850	0	27929	
3851	0	28609	
3852	0	29698	
3853	0	31724	
3854	0	35046	
3855	0	38416	
3856	0	41003	
3857	0	41412	
3858	0	39220	
3859	0	33569	
3860	0	30343	
3861	0	29145	
3862	0	29376	
3863	0	30438	
3864	0	30396	
3865	0	29633	
3866	0	30983	
3867	0	32789	
3868	0	33986	
3869	0	36064	
3870	0	36220	
3871	0	33744	
3872	0	32460	
3873	0	31396	
3874	0	30786	
3875	0	30972	
3876	0	31526	
3877	0	31751	
3878	0	31893	
3879	0	31751	
3880	0	31817	
3881	0	32098	
3882	0	32509	
3883	0	33216	
3884	0	33690	
3885	0	34519	
3886	0	35188	
3887	0	35456	
3888	0	35698	
3889	0	35718	
3890	0	35334	
3891	0	34772	
3892	0	34202	
3893	0	33736	
3894	0	33618	
3895	0	33248	
3896	0	32891	
3897	0	32749	
3898	0	32542	
3899	0	32511	
3900	0	32360	
3901	0	32312	
3902	0	32198	
3903	0	32108	
3904	0	32006	
3905	0	31965	
3906	0	31974	
3907	0	32002	
3908	0	32165	
3909	0	32327	
3910	0	32578	
3911	0	32877	
3912	0	33181	
3913	0	33257	
3914	0	33167	
3915	0	33079	
3916	0	33069	
3917	0	33504	
3918	0	33737	
3919	0	32676	
3920	0	31873	
3921	0	31624	
3922	0	31764	
3923	0	32128	
3924	0	31740	
3925	0	32497	
3926	0	33618	
3927	0	34751	
3928	0	36114	
3929	0	36212	
3930	0	34620	
3931	0	32749	
3932	0	31800	
3933	0	30950	
3934	0	30248	
3935	0	30535	
3936	0	29847	
3937	0	30294	
3938	0	30932	
3939	0	31450	
3940	0	32093	
3941	0	32641	
3942	0	33334	
3943	0	33574	
3944	0	33500	
3945	0	33670	
3946	0	33990	
3947	0	35593	
3948	0	36208	
3949	0	36219	
3950	0	34224	
3951	0	32262	
3952	0	31160	
3953	0	29894	
3954	0	28969	
3955	0	29155	
3956	0	29780	
3957	0	30665	
3958	0	30919	
3959	0	31160	
3960	0	31503	
3961	0	32176	
3962	0	33168	
3963	0	33788	
3964	0	34048	
3965	0	34352	
3966	0	35152	
3967	0	35612	
3968	0	36530	
3969	0	36555	
3970	0	35981	
3971	0	35020	
3972	0	34101	
3973	0	33265	
3974	0	32033	
3975	0	31751	
3976	0	31936	
3977	0	31909	
3978	0	32478	
3979	0	33456	
3980	0	33725	
3981	0	33253	
3982	0	32427	
3983	0	31265	
3984	0	30120	
3985	0	29828	
3986	0	30313	
3987	0	30709	
3988	0	31374	
3989	0	31898	
3990	0	32212	
3991	0	32629	
3992	0	32948	
3993	0	33390	
3994	0	34093	
3995	0	34484	
3996	0	34428	
3997	0	34292	
3998	0	34238	
3999	0	34320	
4000	0	33942	
4001	0	33436	
4002	0	33031	
4003	0	32812	
4004	0	32903	
4005	0	33348	
4006	0	33869	
4007	0	32871	
4008	0	32104	
4009	0	32248	
4010	0	32279	
4011	0	32735	
4012	0	34089	
4013	0	34939	
4014	0	34645	
4015	0	33522	
4016	0	32354	
4017	0	31230	
4018	0	30335	
4019	0	29586	
4020	0	29543	
4021	0	30215	
4022	0	30896	
4023	0	31437	
4024	0	32168	
4025	0	32736	
4026	0	33210	
4027	0	33623	
4028	0	33773	
4029	0	34018	
4030	0	34754	
4031	0	35314	
4032	0	35412	
4033	0	34914	
4034	0	34090	
4035	0	32991	
4036	0	32094	
4037	0	32175	
4038	0	32445	
4039	0	33160	
4040	0	33826	
4041	0	34136	
4042	0	34492	
4043	0	33864	
4044	0	32388	
4045	0	30354	
4046	0	28765	
4047	0	28469	
4048	0	29515	
4049	0	30706	
4050	0	31451	
4051	0	31260	
4052	0	31099	
4053	0	31448	
4054	0	32400	
4055	0	33338	
4056	0	34519	
4057	0	35252	
4058	0	35774	
4059	0	35615	
4060	0	34880	
4061	0	34262	
4062	0	33816	
4063	0	33616	
4064	0	33220	
4065	0	32871	
4066	0	32568	
4067	0	32420	
4068	0	32538	
4069	0	32855	
4070	0	32974	
4071	0	33038	
4072	0	32856	
4073	0	32665	
4074	0	32602	
4075	0	32575	
4076	0	32495	
4077	0	32478	
4078	0	32420	
4079	0	32396	
4080	0	32472	
4081	0	32522	
4082	0	32800	
4083	0	33115	
4084	0	33357	
4085	0	33652	
4086	0	34016	
4087	0	34320	
4088	0	34263	
4089	0	34032	
4090	0	33566	
4091	0	33052	
4092	0	32348	
4093	0	31584	
4094	0	31163	
4095	0	30860	
4096	0	30642	
4097	0	30846	
4098	0	31252	
4099	0	31663	
4100	0	32052	
4101	0	32451	
4102	0	32887	
4103	0	33246	
4104	0	33332	
4105	0	33353	
4106	0	33650	
4107	0	33635	
4108	0	33680	
4109	0	33602	
4110	0	33484	
4111	0	33412	
4112	0	33349	
4113	0	33529	
4114	0	33664	
4115	0	33545	
4116	0	33250	
4117	0	33082	
4118	0	33054	
4119	0	32632	
4120	0	32428	
4121	0	32082	
4122	0	31974	
4123	0	32150	
4124	0	32381	
4125	0	32775	
4126	0	32999	
4127	0	33096	
4128	0	33490	
4129	0	33388	
4130	0	33068	
4131	0	32669	
4132	0	32408	
4133	0	32332	
4134	0	32714	
4135	0	33181	
4136	0	33683	
4137	0	33586	
4138	0	32994	
4139	0	32487	
4140	0	31860	
4141	0	31685	
4142	0	31419	
4143	0	31386	
4144	0	31458	
4145	0	31949	
4146	0	32944	
4147	0	33818	
4148	0	34896	
4149	0	35977	
4150	0	36171	
4151	0	34925	
4152	0	32630	
4153	0	30809	
4154	0	29964	
4155	0	29903	
4156	0	29888	
4157	0	30019	
4158	0	30408	
4159	0	30640	
4160	0	31119	
4161	0	31821	
4162	0	32710	
4163	0	33636	
4164	0	34343	
4165	0	34868	
4166	0	34792	
4167	0	34568	
4168	0	34300	
4169	0	34132	
4170	0	33903	
4171	0	33639	
4172	0	33385	
4173	0	33268	
4174	0	33082	
4175	0	33172	
4176	0	33057	
4177	0	32938	
4178	0	32774	
4179	0	32671	
4180	0	32720	
4181	0	32768	
4182	0	32772	
4183	0	32623	
4184	0	32700	
4185	0	32799	
4186	0	32775	
4187	0	32774	
4188	0	32671	
4189	0	32640	
4190	0	32755	
4191	0	32716	
4192	0	32732	
4193	0	32735	
4194	0	32614	
4195	0	32615	
4196	0	32582	
4197	0	32581	
4198	0	32578	
4199	0	32730	
4200	0	32768	
4201	0	32756	
4202	0	32811	
4203	0	32951	
4204	0	32956	
4205	0	32898	
4206	0	32862	
4207	0	32824	
4208	0	32813	
4209	0	33127	
4210	0	33331	
4211	0	33478	
4212	0	33407	
4213	0	33363	
4214	0	33689	
4215	0	34349	
4216	0	34055	
4217	0	33124	
4218	0	32720	
4219	0	32249	
4220	0	31789	
4221	0	31356	
4222	0	31277	
4223	0	31579	
4224	0	31725	
4225	0	31562	
4226	0	31400	
4227	0	31513	
4228	0	31705	
4229	0	31868	
4230	0	31995	
4231	0	32327	
4232	0	32556	
4233	0	33040	
4234	0	33401	
4235	0	33696	
4236	0	33776	
4237	0	34143	
4238	0	34524	
4239	0	34260	
4240	0	33506	
4241	0	33282	
4242	0	33415	
4243	0	33316	
4244	0	33321	
4245	0	33810	
4246	0	34266	
4247	0	34165	
4248	0	33551	
4249	0	32729	
4250	0	31830	
4251	0	31431	
4252	0	31015	
4253	0	31104	
4254	0	31426	
4255	0	31644	
4256	0	31871	
4257	0	32012	
4258	0	32183	
4259	0	32216	
4260	0	32376	
4261	0	32602	
4262	0	32816	
4263	0	33031	
4264	0	33023	
4265	0	33092	
4266	0	33227	
4267	0	33250	
4268	0	33262	
4269	0	33332	
4270	0	33260	
4271	0	33190	
4272	0	33210	
4273	0	33279	
4274	0	33304	
4275	0	33253	
4276	0	33210	
4277	0	33159	
4278	0	33079	
4279	0	33099	
4280	0	33158	
4281	0	33066	
4282	0	33027	
4283	0	32898	
4284	0	32951	
4285	0	32850	
4286	0	32809	
4287	0	32738	
4288	0	32701	
4289	0	32794	
4290	0	32728	
4291	0	32720	
4292	0	32734	
4293	0	32716	
4294	0	32681	
4295	0	32726	
4296	0	32711	
4297	0	32757	
4298	0	32762	
4299	0	32743	
4300	0	32749	
4301	0	32743	
4302	0	32919	
4303	0	32864	
4304	0	32813	
4305	0	32870	
4306	0	32841	
4307	0	32704	
4308	0	32775	
4309	0	32745	
4310	0	32559	
4311	0	32359	
4312	0	32199	
4313	0	32199	
4314	0	32320	
4315	0	32404	
4316	0	32529	
4317	0	32710	
4318	0	32784	
4319	0	32914	
4320	0	32976	
4321	0	32992	
4322	0	32930	
4323	0	32889	
4324	0	32911	
4325	0	33043	
4326	0	32961	
4327	0	32950	
4328	0	32999	
4329	0	32936	
4330	0	32911	
4331	0	32926	
4332	0	33015	
4333	0	33010	
4334	0	32921	
4335	0	32924	
4336	0	33389	
4337	0	34144	
4338	0	34375	
4339	0	33948	
4340	0	33378	
4341	0	33031	
4342	0	32617	
4343	0	32142	
4344	0	31733	
4345	0	31527	
4346	0	31476	
4347	0	31521	
4348	0	31736	
4349	0	32007	
4350	0	32356	
4351	0	32346	
4352	0	32442	
4353	0	32514	
4354	0	32546	
4355	0	32816	
4356	0	32982	
4357	0	33005	
4358	0	33030	
4359	0	33153	
4360	0	33325	
4361	0	33260	
4362	0	33270	
4363	0	33244	
4364	0	33192	
4365	0	33156	
4366	0	33174	
4367	0	33133	
4368	0	33095	
4369	0	33021	
4370	0	32946	
4371	0	32887	
4372	0	32866	
4373	0	32756	
4374	0	32704	
4375	0	32696	
4376	0	32688	
4377	0	32757	
4378	0	32873	
4379	0	32893	
4380	0	32918	
4381	0	32868	
4382	0	32759	
4383	0	32725	
4384	0	32666	
4385	0	32916	
4386	0	32993	
4387	0	32988	
4388	0	33074	
4389	0	32952	
4390	0	32975	
4391	0	32917	
4392	0	32743	
4393	0	32653	
4394	0	32598	
4395	0	32675	
4396	0	32525	
4397	0	32468	
4398	0	32484	
4399	0	32420	
4400	0	32476	
4401	0	32573	
4402	0	32621	
4403	0	32789	
4404	0	32820	
4405	0	32890	
4406	0	33115	
4407	0	33398	
4408	0	33335	
4409	0	33798	
4410	0	33602	
4411	0	33159	
4412	0	32732	
4413	0	32396	
4414	0	32210	
4415	0	32073	
4416	0	32128	
4417	0	32181	
4418	0	32258	
4419	0	32322	
4420	0	32386	
4421	0	32441	
4422	0	32483	
4423	0	32620	
4424	0	32937	
4425	0	33065	
4426	0	33118	
4427	0	33159	
4428	0	33168	
4429	0	33244	
4430	0	33184	
4431	0	33085	
4432	0	33092	
4433	0	33057	
4434	0	32983	
4435	0	32874	
4436	0	32896	
4437	0	32877	
4438	0	32877	
4439	0	32863	
4440	0	32812	
4441	0	32854	
4442	0	32873	
4443	0	32858	
4444	0	32882	
4445	0	32868	
4446	0	32839	
4447	0	32711	
4448	0	32764	
4449	0	32691	
4450	0	32768	
4451	0	32836	
4452	0	32788	
4453	0	32750	
4454	0	32768	
4455	0	32736	
4456	0	32759	
4457	0	32752	
4458	0	32781	
4459	0	32754	
4460	0	32824	
4461	0	32830	
4462	0	32839	
4463	0	32820	
4464	0	32780	
4465	0	32804	
4466	0	32814	
4467	0	32823	
4468	0	32805	
4469	0	32736	
4470	0	32836	
4471	0	32809	
4472	0	32724	
4473	0	32812	
4474	0	32783	
4475	0	32775	
4476	0	32766	
4477	0	32722	
4478	0	32826	
4479	0	32799	
4480	0	32857	
4481	0	33129	
4482	0	33528	
4483	0	33529	
4484	0	33237	
4485	0	32896	
4486	0	32672	
4487	0	32506	
4488	0	32532	
4489	0	32630	
4490	0	32525	
4491	0	32654	
4492	0	32817	
4493	0	32652	
4494	0	32434	
4495	0	32335	
4496	0	32387	
4497	0	32477	
4498	0	32510	
4499	0	32467	
4500	0	32565	
4501	0	32659	
4502	0	32682	
4503	0	32743	
4504	0	32853	
4505	0	33046	
4506	0	33658	
4507	0	33641	
4508	0	33227	
4509	0	32999	
4510	0	32775	
4511	0	32796	
4512	0	32858	
4513	0	32966	
4514	0	32922	
4515	0	33048	
4516	0	33010	
4517	0	32786	
4518	0	32663	
4519	0	32606	
4520	0	32359	
4521	0	32212	
4522	0	32113	
4523	0	32050	
4524	0	32238	
4525	0	32514	
4526	0	32718	
4527	0	32906	
4528	0	33041	
4529	0	32997	
4530	0	33116	
4531	0	33176	
4532	0	33116	
4533	0	33021	
4534	0	32984	
4535	0	32986	
4536	0	32940	
4537	0	32994	
4538	0	32945	
4539	0	33028	
4540	0	32992	
4541	0	32898	
4542	0	32822	
4543	0	32871	
4544	0	32839	
4545	0	32775	
4546	0	32770	
4547	0	32763	
4548	0	32720	
4549	0	32868	
4550	0	32851	
4551	0	32804	
4552	0	32757	
4553	0	32748	
4554	0	32859	
4555	0	32892	
4556	0	32830	
4557	0	32870	
4558	0	32870	
4559	0	32820	
4560	0	32816	
4561	0	32832	
4562	0	32772	
4563	0	32697	
4564	0	32668	
4565	0	32517	
4566	0	32610	
4567	0	32728	
4568	0	32772	
4569	0	32759	
4570	0	32801	
4571	0	32801	
4572	0	32856	
4573	0	32861	
4574	0	32902	
4575	0	32846	
4576	0	32810	
4577	0	32788	
4578	0	32831	
4579	0	32911	
4580	0	32911	
4581	0	32824	
4582	0	32770	
4583	0	32737	
4584	0	32775	
4585	0	32768	
4586	0	32788	
4587	0	32868	
4588	0	32889	
4589	0	32824	
4590	0	32775	
4591	0	32833	
4592	0	32812	
4593	0	32872	
4594	0	32812	
4595	0	32806	
4596	0	32900	
4597	0	32839	
4598	0	32784	
4599	0	32756	
4600	0	32761	
4601	0	32755	
4602	0	32646	
4603	0	32660	
4604	0	32722	
4605	0	32708	
4606	0	32733	
4607	0	32775	
4608	0	32744	
4609	0	32775	
4610	0	32812	
4611	0	32836	
4612	0	32962	
4613	0	32925	
4614	0	32817	
4615	0	32873	
4616	0	32837	
4617	0	32858	
4618	0	32768	
4619	0	32775	
4620	0	32816	
4621	0	32751	
4622	0	32824	
4623	0	32791	
4624	0	32824	
4625	0	32852	
4626	0	32889	
4627	0	32866	
4628	0	32829	
4629	0	32884	
4630	0	32853	
4631	0	32854	
4632	0	32824	
4633	0	32812	
4634	0	32720	
4635	0	32743	
4636	0	32726	
4637	0	32688	
4638	0	32800	
4639	0	32813	
4640	0	32740	
4641	0	32691	
4642	0	32837	
4643	0	32818	
4644	0	32839	
4645	0	32768	
4646	0	32771	
4647	0	32894	
4648	0	32949	
4649	0	32971	
4650	0	32848	
4651	0	32775	
4652	0	32834	
4653	0	32838	
4654	0	32851	
4655	0	32860	
4656	0	32902	
4657	0	32839	
4658	0	32809	
4659	0	32803	
4660	0	32902	
4661	0	32986	
4662	0	32888	
4663	0	32828	
4664	0	32708	
4665	0	32708	
4666	0	32704	
4667	0	32689	
4668	0	32760	
4669	0	32725	
4670	0	32759	
4671	0	32810	
4672	0	32839	
4673	0	32876	
4674	0	32886	
4675	0	32871	
4676	0	32817	
4677	0	32745	
4678	0	32721	
4679	0	32756	
4680	0	32702	
4681	0	32791	
4682	0	32758	
4683	0	32863	
4684	0	32941	
4685	0	32858	
4686	0	32873	
4687	0	32740	
4688	0	32809	
4689	0	32886	
4690	0	32868	
4691	0	32834	
4692	0	32772	
4693	0	32815	
4694	0	32725	
4695	0	32757	
4696	0	32681	
4697	0	32576	
4698	0	32710	
4699	0	32809	
4700	0	32827	
4701	0	32795	
4702	0	32916	
4703	0	32901	
4704	0	32870	
4705	0	32911	
4706	0	32877	
4707	0	32903	
4708	0	32844	
4709	0	32840	
4710	0	32876	
4711	0	32921	
4712	0	32935	
4713	0	32784	
4714	0	32775	
4715	0	32813	
4716	0	32790	
4717	0	32764	
4718	0	32818	
4719	0	32808	
4720	0	32870	
4721	0	32900	
4722	0	32928	
4723	0	32805	
4724	0	32817	
4725	0	32698	
4726	0	32760	
4727	0	32798	
4728	0	32672	
4729	0	32720	
4730	0	32744	
4731	0	32781	
4732	0	32805	
4733	0	32917	
4734	0	32910	
4735	0	32903	
4736	0	32903	
4737	0	32839	
4738	0	32755	
4739	0	32772	
4740	0	32858	
4741	0	32839	
4742	0	32887	
4743	0	32927	
4744	0	32847	
4745	0	32869	
4746	0	32804	
4747	0	32756	
4748	0	32810	
4749	0	32789	
4750	0	32711	
4751	0	32724	
4752	0	32665	
4753	0	32767	
4754	0	32839	
4755	0	32833	
4756	0	32708	
4757	0	32820	
4758	0	32848	
4759	0	32758	
4760	0	32852	
4761	0	32815	
4762	0	32820	
4763	0	32789	
4764	0	32711	
4765	0	32674	
4766	0	32595	
4767	0	32519	
4768	0	32539	
4769	0	32724	
4770	0	32690	
4771	0	32678	
4772	0	32810	
4773	0	32870	
4774	0	32844	
4775	0	32869	
4776	0	32844	
4777	0	32775	
4778	0	32837	
4779	0	32812	
4780	0	32797	
4781	0	32738	
4782	0	32717	
4783	0	32784	
4784	0	32919	
4785	0	32874	
4786	0	32857	
4787	0	32888	
4788	0	32831	
4789	0	32932	
4790	0	32870	
4791	0	32823	
4792	0	32839	
4793	0	32850	
4794	0	32829	
4795	0	32817	
4796	0	32839	
4797	0	32817	
4798	0	32839	
4799	0	32933	
4800	0	32866	
4801	0	32857	
4802	0	32806	
4803	0	32737	
4804	0	32678	
4805	0	32713	
4806	0	32800	
4807	0	32825	
4808	0	32856	
4809	0	32836	
4810	0	32771	
4811	0	32788	
4812	0	32749	
4813	0	32808	
4814	0	32806	
4815	0	32769	
4816	0	32775	
4817	0	32827	
4818	0	32864	
4819	0	32888	
4820	0	32786	
4821	0	32914	
4822	0	32921	
4823	0	32805	
4824	0	32785	
4825	0	32895	
4826	0	32813	
4827	0	32929	
4828	0	32876	
4829	0	32897	
4830	0	32856	
4831	0	32851	
4832	0	32834	
4833	0	32775	
4834	0	32722	
4835	0	32768	
4836	0	32760	
4837	0	32718	
4838	0	32768	
4839	0	32764	
4840	0	32708	
4841	0	32640	
4842	0	32716	
4843	0	32884	
4844	0	32908	
4845	0	32775	
4846	0	32839	
4847	0	32922	
4848	0	32849	
4849	0	32857	
4850	0	32903	
4851	0	32877	
4852	0	32821	
4853	0	32814	
4854	0	32839	
4855	0	32831	
4856	0	32773	
4857	0	32846	
4858	0	32940	
4859	0	32958	
4860	0	33004	
4861	0	33108	
4862	0	33091	
4863	0	33114	
4864	0	33164	
4865	0	33108	
4866	0	33097	
4867	0	32944	
4868	0	32764	
4869	0	32751	
4870	0	32693	
4871	0	32576	
4872	0	32568	
4873	0	32539	
4874	0	32361	
4875	0	32367	
4876	0	32439	
4877	0	32490	
4878	0	32544	
4879	0	32550	
4880	0	32631	
4881	0	32604	
4882	0	32577	
4883	0	32504	
4884	0	32471	
4885	0	32562	
4886	0	32506	
4887	0	32508	
4888	0	32572	
4889	0	32637	
4890	0	32812	
4891	0	32806	
4892	0	32821	
4893	0	32935	
4894	0	33014	
4895	0	32961	
4896	0	33002	
4897	0	33018	
4898	0	33058	
4899	0	33134	
4900	0	33104	
4901	0	33122	
4902	0	33117	
4903	0	33060	
4904	0	33062	
4905	0	33156	
4906	0	33108	
4907	0	33117	
4908	0	33031	
4909	0	32894	
4910	0	32872	
4911	0	32859	
4912	0	32804	
4913	0	32860	
4914	0	32858	
4915	0	32856	
4916	0	32845	
4917	0	32756	
4918	0	32733	
4919	0	32711	
4920	0	32791	
4921	0	32730	
4922	0	32724	
4923	0	32730	
4924	0	32835	
4925	0	32839	
4926	0	32774	
4927	0	32717	
4928	0	32685	
4929	0	32732	
4930	0	32812	
4931	0	32766	
4932	0	32765	
4933	0	32855	
4934	0	32849	
4935	0	32868	
4936	0	32804	
4937	0	32730	
4938	0	32692	
4939	0	32679	
4940	0	32746	
4941	0	32724	
4942	0	32750	
4943	0	32856	
4944	0	32848	
4945	0	32785	
4946	0	32800	
4947	0	32795	
4948	0	32775	
4949	0	32812	
4950	0	32809	
4951	0	32838	
4952	0	32830	
4953	0	32848	
4954	0	32863	
4955	0	32926	
4956	0	32861	
4957	0	32800	
4958	0	32859	
4959	0	32828	
4960	0	32847	
4961	0	32792	
4962	0	32829	
4963	0	32880	
4964	0	32759	
4965	0	32804	
4966	0	32815	
4967	0	32894	
4968	0	32875	
4969	0	32903	
4970	0	32877	
4971	0	32793	
4972	0	32763	
4973	0	32688	
4974	0	32696	
4975	0	32786	
4976	0	32856	
4977	0	32601	
4978	0	32639	
4979	0	32652	
4980	0	32736	
4981	0	32762	
4982	0	32775	
4983	0	32832	
4984	0	32839	
4985	0	32939	
4986	0	32948	
4987	0	32879	
4988	0	32826	
4989	0	32796	
4990	0	32826	
4991	0	32856	
4992	0	32837	
4993	0	32876	
4994	0	32879	
4995	0	32828	
4996	0	32838	
4997	0	32864	
4998	0	32839	
4999	0	32832	
5000	0	32862	
5001	0	32846	
5002	0	32738	
5003	0	32711	
5004	0	32677	
5005	0	32759	
5006	0	32807	
5007	0	32745	
5008	0	32697	
5009	0	32710	
5010	0	32765	
5011	0	32890	
5012	0	32775	
5013	0	32791	
5014	0	32768	
5015	0	32765	
5016	0	32945	
5017	0	32934	
5018	0	32914	
5019	0	32891	
5020	0	32829	
5021	0	32775	
5022	0	32724	
5023	0	32798	
5024	0	32816	
5025	0	32812	
5026	0	32839	
5027	0	32851	
5028	0	32820	
5029	0	32850	
5030	0	32847	
5031	0	32812	
5032	0	32754	
5033	0	32754	
5034	0	32775	
5035	0	32814	
5036	0	32741	
5037	0	32748	
5038	0	32660	
5039	0	32766	
5040	0	32785	
5041	0	32914	
5042	0	32943	
5043	0	32948	
5044	0	32807	
5045	0	32719	
5046	0	32745	
5047	0	32775	
5048	0	32887	
5049	0	32906	
5050	0	32840	
5051	0	32854	
5052	0	32890	
5053	0	32832	
5054	0	32830	
5055	0	32890	
5056	0	32875	
5057	0	32892	
5058	0	32828	
5059	0	32828	
5060	0	32844	
5061	0	32772	
5062	0	32718	
5063	0	32744	
5064	0	32804	
5065	0	32796	
5066	0	32775	
5067	0	32807	
5068	0	32746	
5069	0	32754	
5070	0	32690	
5071	0	32749	
5072	0	32756	
5073	0	32866	
5074	0	32796	
5075	0	32919	
5076	0	32923	
5077	0	32892	
5078	0	32888	
5079	0	32854	
5080	0	32891	
5081	0	32790	
5082	0	32814	
5083	0	32848	
5084	0	32818	
5085	0	32797	
5086	0	32769	
5087	0	32743	
5088	0	32831	
5089	0	32897	
5090	0	32735	
5091	0	32748	
5092	0	32801	
5093	0	32830	
5094	0	32919	
5095	0	32896	
5096	0	32869	
5097	0	32886	
5098	0	32800	
5099	0	32811	
5100	0	32869	
5101	0	32816	
5102	0	32701	
5103	0	32706	
5104	0	32721	
5105	0	32657	
5106	0	32672	
5107	0	32745	
5108	0	32715	
5109	0	32711	
5110	0	32772	
5111	0	32764	
5112	0	32795	
5113	0	32821	
5114	0	32826	
5115	0	32938	
5116	0	32925	
5117	0	32827	
5118	0	32835	
5119	0	32792	
5120	0	32812	
5121	0	32851	
5122	0	32784	
5123	0	32756	
5124	0	32815	
5125	0	32850	
5126	0	32820	
5127	0	32903	
5128	0	32893	
5129	0	32770	
5130	0	32827	
5131	0	32771	
5132	0	32834	
5133	0	32814	
5134	0	32844	
5135	0	32850	
5136	0	32812	
5137	0	32775	
5138	0	32723	
5139	0	32726	
5140	0	32772	
5141	0	32809	
5142	0	32752	
5143	0	32788	
5144	0	32772	
5145	0	32845	
5146	0	32903	
5147	0	32899	
5148	0	32870	
5149	0	32884	
5150	0	32871	
5151	0	32873	
5152	0	32820	
5153	0	32856	
5154	0	32834	
5155	0	32864	
5156	0	32807	
5157	0	32865	
5158	0	32791	
5159	0	32809	
5160	0	32892	
5161	0	32884	
5162	0	32775	
5163	0	32665	
5164	0	32632	
5165	0	32640	
5166	0	32719	
5167	0	32752	
5168	0	32807	
5169	0	32801	
5170	0	32740	
5171	0	32725	
5172	0	32740	
5173	0	32839	
5174	0	32887	
5175	0	32896	
5176	0	32958	
5177	0	32936	
5178	0	32888	
5179	0	32764	
5180	0	32750	
5181	0	32806	
5182	0	32803	
5183	0	32664	
5184	0	32726	
5185	0	32754	
5186	0	32803	
5187	0	32868	
5188	0	32846	
5189	0	32836	
5190	0	32851	
5191	0	32843	
5192	0	32806	
5193	0	32924	
5194	0	32903	
5195	0	32890	
5196	0	32804	
5197	0	32751	
5198	0	32782	
5199	0	32824	
5200	0	32856	
5201	0	32836	
5202	0	32756	
5203	0	32834	
5204	0	32807	
5205	0	32874	
5206	0	32875	
5207	0	32811	
5208	0	32831	
5209	0	32799	
5210	0	32775	
5211	0	32858	
5212	0	32916	
5213	0	32870	
5214	0	32809	
5215	0	32775	
5216	0	32798	
5217	0	32775	
5218	0	32812	
5219	0	32878	
5220	0	32902	
5221	0	32854	
5222	0	32897	
5223	0	32966	
5224	0	32897	
5225	0	32815	
5226	0	32839	
5227	0	32796	
5228	0	32764	
5229	0	32711	
5230	0	32720	
5231	0	32797	
5232	0	32785	
5233	0	32791	
5234	0	32831	
5235	0	32768	
5236	0	32758	
5237	0	32674	
5238	0	32775	
5239	0	32756	
5240	0	32818	
5241	0	32770	
5242	0	32743	
5243	0	32766	
5244	0	32784	
5245	0	32812	
5246	0	32851	
5247	0	32871	
5248	0	32903	
5249	0	32932	
5250	0	32816	
5251	0	32801	
5252	0	32739	
5253	0	32775	
5254	0	32711	
5255	0	32749	
5256	0	32791	
5257	0	32804	
5258	0	32822	
5259	0	32753	
5260	0	32775	
5261	0	32794	
5262	0	32838	
5263	0	32839	
5264	0	32887	
5265	0	32902	
5266	0	32858	
5267	0	32868	
5268	0	32870	
5269	0	32817	
5270	0	32723	
5271	0	32669	
5272	0	32775	
5273	0	32724	
5274	0	32756	
5275	0	32710	
5276	0	32731	
5277	0	32788	
5278	0	32868	
5279	0	32762	
5280	0	32784	
5281	0	32775	
5282	0	32802	
5283	0	32677	
5284	0	32699	
5285	0	32763	
5286	0	32786	
5287	0	32794	
5288	0	32845	
5289	0	32887	
5290	0	32791	
5291	0	32910	
5292	0	32868	
5293	0	32973	
5294	0	32915	
5295	0	32966	
5296	0	32910	
5297	0	32766	
5298	0	32876	
5299	0	32843	
5300	0	32847	
5301	0	32879	
5302	0	32842	
5303	0	32822	
5304	0	32775	
5305	0	32772	
5306	0	32803	
5307	0	32766	
5308	0	32744	
5309	0	32731	
5310	0	32866	
5311	0	32775	
5312	0	32864	
5313	0	32684	
5314	0	32715	
5315	0	32720	
5316	0	32738	
5317	0	32748	
5318	0	32715	
5319	0	32749	
5320	0	32742	
5321	0	32882	
5322	0	32836	
5323	0	32857	
5324	0	32903	
5325	0	32871	
5326	0	32902	
5327	0	32809	
5328	0	32762	
5329	0	32846	
5330	0	32896	
5331	0	32923	
5332	0	32933	
5333	0	32931	
5334	0	32871	
5335	0	32858	
5336	0	32873	
5337	0	32775	
5338	0	32733	
5339	0	32799	
5340	0	32790	
5341	0	32788	
5342	0	32856	
5343	0	32855	
5344	0	32679	
5345	0	32700	
5346	0	32572	
5347	0	32581	
5348	0	32574	
5349	0	32619	
5350	0	32647	
5351	0	32820	
5352	0	32856	
5353	0	32863	
5354	0	32877	
5355	0	32996	
5356	0	32920	
5357	0	32930	
5358	0	32912	
5359	0	32867	
5360	0	32916	
5361	0	32864	
5362	0	32837	
5363	0	32850	
5364	0	32892	
5365	0	32890	
5366	0	32943	
5367	0	32864	
5368	0	32808	
5369	0	32790	
5370	0	32760	
5371	0	32919	
5372	0	32786	
5373	0	32783	
5374	0	32711	
5375	0	32750	
5376	0	32743	
5377	0	32751	
5378	0	32647	
5379	0	32750	
5380	0	32684	
5381	0	32741	
5382	0	32716	
5383	0	32790	
5384	0	32820	
5385	0	32770	
5386	0	32764	
5387	0	32824	
5388	0	32867	
5389	0	32763	
5390	0	32766	
5391	0	32809	
5392	0	32704	
5393	0	32767	
5394	0	32791	
5395	0	32770	
5396	0	32867	
5397	0	32839	
5398	0	32812	
5399	0	32709	
5400	0	32671	
5401	0	32717	
5402	0	32714	
5403	0	32711	
5404	0	32678	
5405	0	32771	
5406	0	32835	
5407	0	32807	
5408	0	32791	
5409	0	32808	
5410	0	32844	
5411	0	32884	
5412	0	32849	
5413	0	32832	
5414	0	32854	
5415	0	32812	
5416	0	32892	
5417	0	32853	
5418	0	32869	
5419	0	32873	
5420	0	32788	
5421	0	32867	
5422	0	32831	
5423	0	32823	
5424	0	32775	
5425	0	32755	
5426	0	32847	
5427	0	32764	
5428	0	32808	
5429	0	32722	
5430	0	32745	
5431	0	32900	
5432	0	32914	
5433	0	32807	
5434	0	32763	
5435	0	32807	
5436	0	32900	
5437	0	32797	
5438	0	32834	
5439	0	32812	
5440	0	32774	
5441	0	32823	
5442	0	32875	
5443	0	32775	
5444	0	32793	
5445	0	32743	
5446	0	32738	
5447	0	32807	
5448	0	32845	
5449	0	32807	
5450	0	32748	
5451	0	32771	
5452	0	32850	
5453	0	32814	
5454	0	32857	
5455	0	32876	
5456	0	32833	
5457	0	32876	
5458	0	32911	
5459	0	32951	
5460	0	32866	
5461	0	32818	
5462	0	32795	
5463	0	32800	
5464	0	32790	
5465	0	32784	
5466	0	32736	
5467	0	32712	
5468	0	32884	
5469	0	32941	
5470	0	32918	
5471	0	32824	
5472	0	32736	
5473	0	32735	
5474	0	32683	
5475	0	32775	
5476	0	32746	
5477	0	32807	
5478	0	32866	
5479	0	32832	
5480	0	32820	
5481	0	32930	
5482	0	32848	
5483	0	32846	
5484	0	32839	
5485	0	32859	
5486	0	32880	
5487	0	32922	
5488	0	33006	
5489	0	33050	
5490	0	33032	
5491	0	33042	
5492	0	33079	
5493	0	32931	
5494	0	32963	
5495	0	32941	
5496	0	32844	
5497	0	32903	
5498	0	32807	
5499	0	32711	
5500	0	32606	
5501	0	32525	
5502	0	32434	
5503	0	32418	
5504	0	32416	
5505	0	32452	
5506	0	32514	
5507	0	32577	
5508	0	32615	
5509	0	32686	
5510	0	32593	
5511	0	32536	
5512	0	32588	
5513	0	32631	
5514	0	32672	
5515	0	32655	
5516	0	32654	
5517	0	32621	
5518	0	32693	
5519	0	32692	
5520	0	32708	
5521	0	32767	
5522	0	32764	
5523	0	32952	
5524	0	32932	
5525	0	33004	
5526	0	33033	
5527	0	33020	
5528	0	33055	
5529	0	33021	
5530	0	33034	
5531	0	33082	
5532	0	33114	
5533	0	33044	
5534	0	32967	
5535	0	33027	
5536	0	33010	
5537	0	32944	
5538	0	33041	
5539	0	32976	
5540	0	32960	
5541	0	32950	
5542	0	32798	
5543	0	32919	
5544	0	32772	
5545	0	32758	
5546	0	32689	
5547	0	32768	
5548	0	32765	
5549	0	32861	
