# OpenSignals Text File Format
# {"00:07:80:FC:57:23": {"sensor": ["EMG"], "device name": "00:07:80:FC:57:23", "column": ["nSeq", "DI", "flexor_fingers"], "sync interval": 2, "time": "13:22:0.537", "comments": "", "device connection": "BTH00:07:80:FC:57:23", "channels": [5], "keywords": "", "convertedValues": 0, "digital IO": [0, 1], "mode": 0, "date": "2018-7-9", "firmware version": 773, "device": "biosignalsplux", "position": 0, "sampling rate": 1000, "label": ["flexor_fingers"], "resolution": [16], "forcePlatform values": [0.0, 0.0, 0.0, 0.0, 0.0, 0.0, 0.0, 0.0], "special": [{}]}}
# EndOfHeader
0	0	32676	
1	0	32583	
2	0	32613	
3	0	32786	
4	0	32918	
5	0	32936	
6	0	32807	
7	0	32730	
8	0	32722	
9	0	32692	
10	0	32739	
11	0	32684	
12	0	32696	
13	0	32703	
14	0	32707	
15	0	32800	
16	0	32793	
17	0	32783	
18	0	32782	
19	0	32749	
20	0	32687	
21	0	32716	
22	0	32748	
23	0	32740	
24	0	32800	
25	0	32812	
26	0	32728	
27	0	32716	
28	0	32815	
29	0	32752	
30	0	32773	
31	0	32780	
32	0	32768	
33	0	32764	
34	0	32772	
35	0	32749	
36	0	32769	
37	0	32773	
38	0	32772	
39	0	32775	
40	0	32741	
41	0	32723	
42	0	32762	
43	0	32727	
44	0	32725	
45	0	32786	
46	0	32754	
47	0	32762	
48	0	32709	
49	0	32736	
50	0	32702	
51	0	32738	
52	0	32842	
53	0	32939	
54	0	32707	
55	0	32711	
56	0	32679	
57	0	32677	
58	0	32693	
59	0	32644	
60	0	32668	
61	0	32789	
62	0	32871	
63	0	32785	
64	0	32858	
65	0	32927	
66	0	32795	
67	0	32690	
68	0	32806	
69	0	32800	
70	0	32658	
71	0	32749	
72	0	32737	
73	0	32678	
74	0	32663	
75	0	32758	
76	0	32715	
77	0	32700	
78	0	32695	
79	0	32762	
80	0	32832	
81	0	32829	
82	0	32806	
83	0	32743	
84	0	32746	
85	0	32632	
86	0	32671	
87	0	32717	
88	0	32718	
89	0	32697	
90	0	32775	
91	0	32822	
92	0	32736	
93	0	32782	
94	0	32762	
95	0	32807	
96	0	32736	
97	0	32711	
98	0	32761	
99	0	32724	
100	0	32774	
101	0	32722	
102	0	32775	
103	0	32943	
104	0	32744	
105	0	32711	
106	0	32695	
107	0	32727	
108	0	32736	
109	0	32751	
110	0	32743	
111	0	32794	
112	0	32806	
113	0	32758	
114	0	32688	
115	0	32775	
116	0	32775	
117	0	32703	
118	0	32756	
119	0	32647	
120	0	32596	
121	0	32722	
122	0	32740	
123	0	32788	
124	0	32785	
125	0	32857	
126	0	32845	
127	0	32818	
128	0	32752	
129	0	32628	
130	0	32750	
131	0	32821	
132	0	32790	
133	0	32653	
134	0	32692	
135	0	32746	
136	0	32747	
137	0	32821	
138	0	32771	
139	0	32710	
140	0	32716	
141	0	32756	
142	0	32770	
143	0	32733	
144	0	32785	
145	0	32794	
146	0	32825	
147	0	32735	
148	0	32754	
149	0	32775	
150	0	32738	
151	0	32646	
152	0	32731	
153	0	32759	
154	0	32740	
155	0	32768	
156	0	32746	
157	0	32808	
158	0	32829	
159	0	32760	
160	0	32731	
161	0	32730	
162	0	32713	
163	0	32724	
164	0	32785	
165	0	32752	
166	0	32759	
167	0	32706	
168	0	32760	
169	0	32740	
170	0	32775	
171	0	32827	
172	0	32734	
173	0	32711	
174	0	32866	
175	0	32804	
176	0	32687	
177	0	32684	
178	0	32609	
179	0	32722	
180	0	32741	
181	0	32852	
182	0	32839	
183	0	32775	
184	0	32659	
185	0	32743	
186	0	32711	
187	0	32720	
188	0	32715	
189	0	32738	
190	0	32823	
191	0	32842	
192	0	32824	
193	0	32628	
194	0	32775	
195	0	32883	
196	0	32890	
197	0	32793	
198	0	32711	
199	0	32665	
200	0	32711	
201	0	32812	
202	0	32737	
203	0	32644	
204	0	32736	
205	0	32770	
206	0	32807	
207	0	32759	
208	0	32752	
209	0	32742	
210	0	32711	
211	0	32731	
212	0	32749	
213	0	32764	
214	0	32729	
215	0	32784	
216	0	32747	
217	0	32758	
218	0	32775	
219	0	32739	
220	0	32729	
221	0	32846	
222	0	32798	
223	0	32759	
224	0	32767	
225	0	32711	
226	0	32694	
227	0	32802	
228	0	32867	
229	0	32797	
230	0	32774	
231	0	32729	
232	0	32632	
233	0	32562	
234	0	32583	
235	0	32832	
236	0	32966	
237	0	32818	
238	0	32726	
239	0	32863	
240	0	32804	
241	0	32759	
242	0	32711	
243	0	32719	
244	0	32720	
245	0	32725	
246	0	32745	
247	0	32772	
248	0	32803	
249	0	32796	
250	0	32797	
251	0	32645	
252	0	32772	
253	0	32668	
254	0	32760	
255	0	32794	
256	0	32708	
257	0	32729	
258	0	32831	
259	0	32729	
260	0	32753	
261	0	32829	
262	0	32757	
263	0	32745	
264	0	32745	
265	0	32692	
266	0	32770	
267	0	32726	
268	0	32823	
269	0	32766	
270	0	32756	
271	0	32711	
272	0	32806	
273	0	32775	
274	0	32788	
275	0	32860	
276	0	32819	
277	0	32706	
278	0	32726	
279	0	32694	
280	0	32655	
281	0	32709	
282	0	32766	
283	0	32801	
284	0	32817	
285	0	32765	
286	0	32760	
287	0	32766	
288	0	32677	
289	0	32758	
290	0	32807	
291	0	32748	
292	0	32669	
293	0	32617	
294	0	32775	
295	0	32895	
296	0	32838	
297	0	32689	
298	0	32807	
299	0	32687	
300	0	32810	
301	0	32847	
302	0	32711	
303	0	32458	
304	0	32569	
305	0	32775	
306	0	32706	
307	0	32736	
308	0	32860	
309	0	32813	
310	0	32821	
311	0	32787	
312	0	32749	
313	0	32752	
314	0	32723	
315	0	32812	
316	0	32766	
317	0	32765	
318	0	32760	
319	0	32758	
320	0	32734	
321	0	32736	
322	0	32712	
323	0	32749	
324	0	32769	
325	0	32717	
326	0	32718	
327	0	32707	
328	0	32796	
329	0	32824	
330	0	32770	
331	0	32859	
332	0	32787	
333	0	32755	
334	0	32736	
335	0	32653	
336	0	32688	
337	0	32676	
338	0	32720	
339	0	32767	
340	0	32729	
341	0	32722	
342	0	32694	
343	0	32871	
344	0	32846	
345	0	32667	
346	0	32721	
347	0	32770	
348	0	32716	
349	0	32661	
350	0	32792	
351	0	32819	
352	0	32837	
353	0	32793	
354	0	32749	
355	0	32781	
356	0	32695	
357	0	32694	
358	0	32714	
359	0	32717	
360	0	32791	
361	0	32794	
362	0	32759	
363	0	32716	
364	0	32839	
365	0	32724	
366	0	32636	
367	0	32596	
368	0	32809	
369	0	32967	
370	0	32839	
371	0	32758	
372	0	32726	
373	0	32732	
374	0	32743	
375	0	32740	
376	0	32787	
377	0	32839	
378	0	32693	
379	0	32602	
380	0	32620	
381	0	32717	
382	0	32678	
383	0	32697	
384	0	32716	
385	0	32711	
386	0	32733	
387	0	32863	
388	0	32850	
389	0	32732	
390	0	32756	
391	0	32832	
392	0	32813	
393	0	32700	
394	0	32717	
395	0	32790	
396	0	32718	
397	0	32664	
398	0	32711	
399	0	32754	
400	0	32812	
401	0	32808	
402	0	32796	
403	0	32775	
404	0	32763	
405	0	32767	
406	0	32728	
407	0	32761	
408	0	32775	
409	0	32701	
410	0	32735	
411	0	32774	
412	0	32775	
413	0	32770	
414	0	32668	
415	0	32801	
416	0	32751	
417	0	32741	
418	0	32773	
419	0	32794	
420	0	32711	
421	0	32556	
422	0	32758	
423	0	32893	
424	0	32879	
425	0	32816	
426	0	32846	
427	0	32752	
428	0	32589	
429	0	32669	
430	0	32669	
431	0	32775	
432	0	32757	
433	0	32663	
434	0	32722	
435	0	32865	
436	0	32798	
437	0	32756	
438	0	32624	
439	0	32723	
440	0	32783	
441	0	32832	
442	0	32753	
443	0	32724	
444	0	32816	
445	0	32810	
446	0	32717	
447	0	32681	
448	0	32760	
449	0	32609	
450	0	32685	
451	0	32798	
452	0	32804	
453	0	32764	
454	0	32744	
455	0	32822	
456	0	32813	
457	0	32734	
458	0	32688	
459	0	32722	
460	0	32724	
461	0	32773	
462	0	32759	
463	0	32782	
464	0	32775	
465	0	32757	
466	0	32761	
467	0	32775	
468	0	32758	
469	0	32748	
470	0	32709	
471	0	32708	
472	0	32679	
473	0	32694	
474	0	32728	
475	0	32749	
476	0	32784	
477	0	32775	
478	0	32754	
479	0	32756	
480	0	32734	
481	0	32775	
482	0	32775	
483	0	32709	
484	0	32732	
485	0	32690	
486	0	32799	
487	0	32824	
488	0	32775	
489	0	32826	
490	0	32759	
491	0	32683	
492	0	32737	
493	0	32866	
494	0	32783	
495	0	32720	
496	0	32767	
497	0	32708	
498	0	32545	
499	0	32616	
500	0	32807	
501	0	32855	
502	0	32869	
503	0	32802	
504	0	32668	
505	0	32554	
506	0	32746	
507	0	32924	
508	0	32957	
509	0	32715	
510	0	32580	
511	0	32673	
512	0	32809	
513	0	32775	
514	0	32759	
515	0	32715	
516	0	32717	
517	0	32770	
518	0	32752	
519	0	32690	
520	0	32761	
521	0	32685	
522	0	32818	
523	0	32892	
524	0	32801	
525	0	32701	
526	0	32628	
527	0	32624	
528	0	32862	
529	0	32807	
530	0	32692	
531	0	32741	
532	0	32742	
533	0	32768	
534	0	32745	
535	0	32787	
536	0	32742	
537	0	32744	
538	0	32796	
539	0	32720	
540	0	32732	
541	0	32790	
542	0	32774	
543	0	32735	
544	0	32741	
545	0	32724	
546	0	32740	
547	0	32674	
548	0	32743	
549	0	32771	
550	0	32799	
551	0	32829	
552	0	32862	
553	0	32687	
554	0	32601	
555	0	32685	
556	0	32788	
557	0	32765	
558	0	32665	
559	0	32676	
560	0	32737	
561	0	32743	
562	0	32703	
563	0	32728	
564	0	32728	
565	0	32813	
566	0	32804	
567	0	32807	
568	0	32760	
569	0	32716	
570	0	32847	
571	0	32796	
572	0	32722	
573	0	32669	
574	0	32699	
575	0	32743	
576	0	32815	
577	0	32740	
578	0	32728	
579	0	32703	
580	0	32684	
581	0	32733	
582	0	32636	
583	0	32652	
584	0	32785	
585	0	32973	
586	0	32980	
587	0	32810	
588	0	32784	
589	0	32732	
590	0	32703	
591	0	32742	
592	0	32697	
593	0	32681	
594	0	32690	
595	0	32788	
596	0	32788	
597	0	32705	
598	0	32681	
599	0	32743	
600	0	32831	
601	0	32772	
602	0	32725	
603	0	32733	
604	0	32736	
605	0	32788	
606	0	32800	
607	0	32765	
608	0	32743	
609	0	32709	
610	0	32759	
611	0	32728	
612	0	32673	
613	0	32703	
614	0	32726	
615	0	32636	
616	0	32902	
617	0	32828	
618	0	32760	
619	0	32882	
620	0	32742	
621	0	32818	
622	0	32706	
623	0	32638	
624	0	32739	
625	0	32872	
626	0	32751	
627	0	32775	
628	0	32834	
629	0	32751	
630	0	32759	
631	0	32798	
632	0	32709	
633	0	32735	
634	0	32726	
635	0	32754	
636	0	32738	
637	0	32704	
638	0	32735	
639	0	32822	
640	0	32679	
641	0	32722	
642	0	32765	
643	0	32790	
644	0	32815	
645	0	32784	
646	0	32718	
647	0	32744	
648	0	32726	
649	0	32823	
650	0	32775	
651	0	32743	
652	0	32664	
653	0	32796	
654	0	32730	
655	0	32752	
656	0	32760	
657	0	32813	
658	0	32790	
659	0	32689	
660	0	32694	
661	0	32768	
662	0	32749	
663	0	32743	
664	0	32745	
665	0	32738	
666	0	32706	
667	0	32724	
668	0	32797	
669	0	32759	
670	0	32770	
671	0	32708	
672	0	32722	
673	0	32799	
674	0	32859	
675	0	32807	
676	0	32687	
677	0	32604	
678	0	32799	
679	0	32856	
680	0	32829	
681	0	32694	
682	0	32727	
683	0	32719	
684	0	32820	
685	0	32820	
686	0	32694	
687	0	32647	
688	0	32671	
689	0	32734	
690	0	32734	
691	0	32767	
692	0	32724	
693	0	32790	
694	0	32751	
695	0	32657	
696	0	32775	
697	0	32809	
698	0	32744	
699	0	32756	
700	0	32788	
701	0	32774	
702	0	32800	
703	0	32821	
704	0	32771	
705	0	32698	
706	0	32756	
707	0	32830	
708	0	32763	
709	0	32758	
710	0	32652	
711	0	32727	
712	0	32752	
713	0	32795	
714	0	32736	
715	0	32773	
716	0	32743	
717	0	32793	
718	0	32754	
719	0	32720	
720	0	32711	
721	0	32808	
722	0	32743	
723	0	32792	
724	0	32725	
725	0	32708	
726	0	32783	
727	0	32716	
728	0	32716	
729	0	32711	
730	0	32802	
731	0	32717	
732	0	32711	
733	0	32784	
734	0	32764	
735	0	32765	
736	0	32775	
737	0	32710	
738	0	32798	
739	0	32666	
740	0	32506	
741	0	32737	
742	0	32735	
743	0	32869	
744	0	32810	
745	0	32751	
746	0	32872	
747	0	32834	
748	0	32821	
749	0	32692	
750	0	32668	
751	0	32706	
752	0	32658	
753	0	32647	
754	0	32662	
755	0	32701	
756	0	32825	
757	0	32832	
758	0	32800	
759	0	32760	
760	0	32756	
761	0	32681	
762	0	32700	
763	0	32793	
764	0	32768	
765	0	32775	
766	0	32794	
767	0	32718	
768	0	32658	
769	0	32743	
770	0	32729	
771	0	32809	
772	0	32775	
773	0	32775	
774	0	32716	
775	0	32828	
776	0	32810	
777	0	32775	
778	0	32717	
779	0	32750	
780	0	32812	
781	0	32710	
782	0	32782	
783	0	32733	
784	0	32753	
785	0	32765	
786	0	32728	
787	0	32726	
788	0	32696	
789	0	32758	
790	0	32756	
791	0	32724	
792	0	32752	
793	0	32807	
794	0	32775	
795	0	32737	
796	0	32698	
797	0	32799	
798	0	32869	
799	0	32932	
800	0	32871	
801	0	32728	
802	0	32612	
803	0	32702	
804	0	32595	
805	0	32556	
806	0	32775	
807	0	32866	
808	0	32775	
809	0	32761	
810	0	32786	
811	0	32786	
812	0	32804	
813	0	32650	
814	0	32684	
815	0	32775	
816	0	32740	
817	0	32663	
818	0	32665	
819	0	32648	
820	0	32673	
821	0	32775	
822	0	32834	
823	0	32785	
824	0	32770	
825	0	32716	
826	0	32726	
827	0	32807	
828	0	32802	
829	0	32695	
830	0	32711	
831	0	32768	
832	0	32761	
833	0	32803	
834	0	32791	
835	0	32748	
836	0	32740	
837	0	32711	
838	0	32745	
839	0	32748	
840	0	32748	
841	0	32733	
842	0	32718	
843	0	32765	
844	0	32759	
845	0	32789	
846	0	32767	
847	0	32838	
848	0	32748	
849	0	32705	
850	0	32728	
851	0	32775	
852	0	32734	
853	0	32775	
854	0	32760	
855	0	32775	
856	0	32799	
857	0	32656	
858	0	32813	
859	0	33026	
860	0	32685	
861	0	32544	
862	0	32646	
863	0	32686	
864	0	32615	
865	0	32631	
866	0	32792	
867	0	32886	
868	0	32807	
869	0	32671	
870	0	32720	
871	0	32911	
872	0	32921	
873	0	32816	
874	0	32826	
875	0	32852	
876	0	32832	
877	0	32739	
878	0	32720	
879	0	32708	
880	0	32710	
881	0	32652	
882	0	32642	
883	0	32679	
884	0	32713	
885	0	32618	
886	0	32698	
887	0	32813	
888	0	32812	
889	0	32824	
890	0	32834	
891	0	32775	
892	0	32775	
893	0	32736	
894	0	32741	
895	0	32711	
896	0	32775	
897	0	32863	
898	0	32830	
899	0	32700	
900	0	32701	
901	0	32822	
902	0	32877	
903	0	32758	
904	0	32698	
905	0	32678	
906	0	32842	
907	0	32819	
908	0	32544	
909	0	32610	
910	0	32761	
911	0	32708	
912	0	32695	
913	0	32775	
914	0	32804	
915	0	32799	
916	0	32758	
917	0	32745	
918	0	32686	
919	0	32748	
920	0	32775	
921	0	32764	
922	0	32692	
923	0	32774	
924	0	32788	
925	0	32718	
926	0	32690	
927	0	32794	
928	0	32925	
929	0	32757	
930	0	32676	
931	0	32652	
932	0	32724	
933	0	32758	
934	0	32729	
935	0	32759	
936	0	32711	
937	0	32698	
938	0	32839	
939	0	32880	
940	0	32752	
941	0	32786	
942	0	32775	
943	0	32799	
944	0	32749	
945	0	32788	
946	0	32790	
947	0	32722	
948	0	32698	
949	0	32673	
950	0	32704	
951	0	32732	
952	0	32839	
953	0	32628	
954	0	32634	
955	0	32664	
956	0	32734	
957	0	32820	
958	0	32873	
959	0	32926	
960	0	32873	
961	0	32831	
962	0	32754	
963	0	32647	
964	0	32621	
965	0	32538	
966	0	32588	
967	0	32768	
968	0	32868	
969	0	32775	
970	0	32634	
971	0	32671	
972	0	32663	
973	0	32814	
974	0	32882	
975	0	32876	
976	0	32820	
977	0	32775	
978	0	32716	
979	0	32711	
980	0	32739	
981	0	32791	
982	0	32775	
983	0	32831	
984	0	32788	
985	0	32755	
986	0	32678	
987	0	32704	
988	0	32764	
989	0	32898	
990	0	32836	
991	0	32714	
992	0	32807	
993	0	32903	
994	0	32647	
995	0	32554	
996	0	32618	
997	0	32738	
998	0	32806	
999	0	32755	
1000	0	32635	
1001	0	32583	
1002	0	32645	
1003	0	32749	
1004	0	32746	
1005	0	32802	
1006	0	32888	
1007	0	32820	
1008	0	32743	
1009	0	32647	
1010	0	32749	
1011	0	32775	
1012	0	32828	
1013	0	32775	
1014	0	32672	
1015	0	32773	
1016	0	32717	
1017	0	32796	
1018	0	32811	
1019	0	32738	
1020	0	32589	
1021	0	32666	
1022	0	32886	
1023	0	32874	
1024	0	32630	
1025	0	32701	
1026	0	32850	
1027	0	32839	
1028	0	32877	
1029	0	32823	
1030	0	32626	
1031	0	32692	
1032	0	32775	
1033	0	32754	
1034	0	32659	
1035	0	32624	
1036	0	32572	
1037	0	32556	
1038	0	32822	
1039	0	33042	
1040	0	32927	
1041	0	32823	
1042	0	32802	
1043	0	32823	
1044	0	32710	
1045	0	32570	
1046	0	32686	
1047	0	32797	
1048	0	32910	
1049	0	32911	
1050	0	32788	
1051	0	32699	
1052	0	32637	
1053	0	32679	
1054	0	32654	
1055	0	32594	
1056	0	32743	
1057	0	32756	
1058	0	32736	
1059	0	32765	
1060	0	32813	
1061	0	32730	
1062	0	32766	
1063	0	32873	
1064	0	32933	
1065	0	32727	
1066	0	32804	
1067	0	32975	
1068	0	32860	
1069	0	32622	
1070	0	32449	
1071	0	32550	
1072	0	32590	
1073	0	32676	
1074	0	32791	
1075	0	32801	
1076	0	32863	
1077	0	32768	
1078	0	32657	
1079	0	32525	
1080	0	32868	
1081	0	32923	
1082	0	32892	
1083	0	32831	
1084	0	32839	
1085	0	32851	
1086	0	32876	
1087	0	32758	
1088	0	32718	
1089	0	32667	
1090	0	32600	
1091	0	32744	
1092	0	32782	
1093	0	32605	
1094	0	32693	
1095	0	32542	
1096	0	32408	
1097	0	32912	
1098	0	33254	
1099	0	33153	
1100	0	32796	
1101	0	32592	
1102	0	32553	
1103	0	32855	
1104	0	32946	
1105	0	33151	
1106	0	33319	
1107	0	33041	
1108	0	32639	
1109	0	32321	
1110	0	32454	
1111	0	32434	
1112	0	32052	
1113	0	31916	
1114	0	31851	
1115	0	32048	
1116	0	33071	
1117	0	33895	
1118	0	33927	
1119	0	33600	
1120	0	33517	
1121	0	33468	
1122	0	32948	
1123	0	32876	
1124	0	32728	
1125	0	32329	
1126	0	32172	
1127	0	31996	
1128	0	31948	
1129	0	31555	
1130	0	32130	
1131	0	32820	
1132	0	32860	
1133	0	32828	
1134	0	32999	
1135	0	33076	
1136	0	32830	
1137	0	32743	
1138	0	33407	
1139	0	32918	
1140	0	32733	
1141	0	32496	
1142	0	32573	
1143	0	32754	
1144	0	32798	
1145	0	32917	
1146	0	32788	
1147	0	32813	
1148	0	32732	
1149	0	32896	
1150	0	32808	
1151	0	33231	
1152	0	33542	
1153	0	33642	
1154	0	32677	
1155	0	32244	
1156	0	31982	
1157	0	32191	
1158	0	32268	
1159	0	32312	
1160	0	32501	
1161	0	32665	
1162	0	32692	
1163	0	32936	
1164	0	32998	
1165	0	32925	
1166	0	33028	
1167	0	33431	
1168	0	33669	
1169	0	32924	
1170	0	32296	
1171	0	32086	
1172	0	32638	
1173	0	33250	
1174	0	33751	
1175	0	33819	
1176	0	33778	
1177	0	33389	
1178	0	33578	
1179	0	32634	
1180	0	30995	
1181	0	31162	
1182	0	30966	
1183	0	30667	
1184	0	31364	
1185	0	31698	
1186	0	32620	
1187	0	33276	
1188	0	33814	
1189	0	33877	
1190	0	33296	
1191	0	33250	
1192	0	33670	
1193	0	33830	
1194	0	32900	
1195	0	31490	
1196	0	32040	
1197	0	32043	
1198	0	32361	
1199	0	32498	
1200	0	33014	
1201	0	32262	
1202	0	32024	
1203	0	32256	
1204	0	32173	
1205	0	33386	
1206	0	33996	
1207	0	33549	
1208	0	32893	
1209	0	32592	
1210	0	32498	
1211	0	32487	
1212	0	32548	
1213	0	32771	
1214	0	32769	
1215	0	32766	
1216	0	32856	
1217	0	32999	
1218	0	32960	
1219	0	33123	
1220	0	33116	
1221	0	33002	
1222	0	33009	
1223	0	32754	
1224	0	32595	
1225	0	33264	
1226	0	33829	
1227	0	33862	
1228	0	33429	
1229	0	32772	
1230	0	32339	
1231	0	31988	
1232	0	31757	
1233	0	31774	
1234	0	32564	
1235	0	32711	
1236	0	32728	
1237	0	32903	
1238	0	33164	
1239	0	33298	
1240	0	33223	
1241	0	32308	
1242	0	31794	
1243	0	31647	
1244	0	32256	
1245	0	32837	
1246	0	32847	
1247	0	32864	
1248	0	32911	
1249	0	32926	
1250	0	32889	
1251	0	32878	
1252	0	32862	
1253	0	32901	
1254	0	32901	
1255	0	32948	
1256	0	32886	
1257	0	32862	
1258	0	32948	
1259	0	32834	
1260	0	32743	
1261	0	32662	
1262	0	32704	
1263	0	32770	
1264	0	32741	
1265	0	32726	
1266	0	32596	
1267	0	32503	
1268	0	32454	
1269	0	32832	
1270	0	32980	
1271	0	32844	
1272	0	32519	
1273	0	32668	
1274	0	33202	
1275	0	33707	
1276	0	33016	
1277	0	32971	
1278	0	33981	
1279	0	33439	
1280	0	32600	
1281	0	33037	
1282	0	33671	
1283	0	32544	
1284	0	31890	
1285	0	31965	
1286	0	32433	
1287	0	33299	
1288	0	32710	
1289	0	31238	
1290	0	30407	
1291	0	30725	
1292	0	32059	
1293	0	32789	
1294	0	32865	
1295	0	32722	
1296	0	32790	
1297	0	32888	
1298	0	33036	
1299	0	32937	
1300	0	32703	
1301	0	32775	
1302	0	33061	
1303	0	33270	
1304	0	33563	
1305	0	33662	
1306	0	33499	
1307	0	33497	
1308	0	32909	
1309	0	32900	
1310	0	33008	
1311	0	33976	
1312	0	33722	
1313	0	33210	
1314	0	33169	
1315	0	32290	
1316	0	31046	
1317	0	30108	
1318	0	31046	
1319	0	32039	
1320	0	32647	
1321	0	33242	
1322	0	33255	
1323	0	33064	
1324	0	32810	
1325	0	32516	
1326	0	32513	
1327	0	32626	
1328	0	32752	
1329	0	32896	
1330	0	33001	
1331	0	32919	
1332	0	32865	
1333	0	32884	
1334	0	32853	
1335	0	32843	
1336	0	32845	
1337	0	32714	
1338	0	32713	
1339	0	32508	
1340	0	33020	
1341	0	33837	
1342	0	33613	
1343	0	32736	
1344	0	32451	
1345	0	32597	
1346	0	32525	
1347	0	32383	
1348	0	32416	
1349	0	32498	
1350	0	32804	
1351	0	33217	
1352	0	33332	
1353	0	33326	
1354	0	33055	
1355	0	33068	
1356	0	33293	
1357	0	33264	
1358	0	32583	
1359	0	31331	
1360	0	30718	
1361	0	31168	
1362	0	31516	
1363	0	34512	
1364	0	36790	
1365	0	36916	
1366	0	34759	
1367	0	32119	
1368	0	30048	
1369	0	29103	
1370	0	30407	
1371	0	32473	
1372	0	33256	
1373	0	33153	
1374	0	32948	
1375	0	32464	
1376	0	31879	
1377	0	30881	
1378	0	31296	
1379	0	32642	
1380	0	33125	
1381	0	34008	
1382	0	34965	
1383	0	34118	
1384	0	33493	
1385	0	32391	
1386	0	31220	
1387	0	31736	
1388	0	34848	
1389	0	35553	
1390	0	34618	
1391	0	33386	
1392	0	32594	
1393	0	32487	
1394	0	32560	
1395	0	31407	
1396	0	31050	
1397	0	30444	
1398	0	31168	
1399	0	31596	
1400	0	31342	
1401	0	31312	
1402	0	32192	
1403	0	32855	
1404	0	33085	
1405	0	33104	
1406	0	33312	
1407	0	33511	
1408	0	33445	
1409	0	33158	
1410	0	33132	
1411	0	33509	
1412	0	33645	
1413	0	33362	
1414	0	33766	
1415	0	33192	
1416	0	33042	
1417	0	33788	
1418	0	34871	
1419	0	34624	
1420	0	33840	
1421	0	32933	
1422	0	31351	
1423	0	30264	
1424	0	30489	
1425	0	29714	
1426	0	28752	
1427	0	29330	
1428	0	31655	
1429	0	34914	
1430	0	36101	
1431	0	35047	
1432	0	34723	
1433	0	35768	
1434	0	36154	
1435	0	36071	
1436	0	34627	
1437	0	31508	
1438	0	31495	
1439	0	31771	
1440	0	32211	
1441	0	34020	
1442	0	33635	
1443	0	33090	
1444	0	30385	
1445	0	29079	
1446	0	29665	
1447	0	28844	
1448	0	30565	
1449	0	31918	
1450	0	33006	
1451	0	32739	
1452	0	32374	
1453	0	33671	
1454	0	33302	
1455	0	33647	
1456	0	34143	
1457	0	35372	
1458	0	35795	
1459	0	33479	
1460	0	34204	
1461	0	33612	
1462	0	32263	
1463	0	34047	
1464	0	32607	
1465	0	31653	
1466	0	31546	
1467	0	31966	
1468	0	30743	
1469	0	29683	
1470	0	30204	
1471	0	31989	
1472	0	33270	
1473	0	34263	
1474	0	32993	
1475	0	31330	
1476	0	32360	
1477	0	33896	
1478	0	31022	
1479	0	29562	
1480	0	32135	
1481	0	34781	
1482	0	35815	
1483	0	37152	
1484	0	36397	
1485	0	35036	
1486	0	32839	
1487	0	33775	
1488	0	36781	
1489	0	37511	
1490	0	35072	
1491	0	30869	
1492	0	29863	
1493	0	27277	
1494	0	25619	
1495	0	24582	
1496	0	27468	
1497	0	33188	
1498	0	36224	
1499	0	35785	
1500	0	34741	
1501	0	32923	
1502	0	33272	
1503	0	32425	
1504	0	32487	
1505	0	32358	
1506	0	30052	
1507	0	27672	
1508	0	31651	
1509	0	36930	
1510	0	40084	
1511	0	41292	
1512	0	41935	
1513	0	40680	
1514	0	34142	
1515	0	24360	
1516	0	18401	
1517	0	24302	
1518	0	28013	
1519	0	29654	
1520	0	29205	
1521	0	28589	
1522	0	32120	
1523	0	37786	
1524	0	41431	
1525	0	40684	
1526	0	39047	
1527	0	37433	
1528	0	34554	
1529	0	28043	
1530	0	25964	
1531	0	29305	
1532	0	32730	
1533	0	34429	
1534	0	36897	
1535	0	37319	
1536	0	36172	
1537	0	32583	
1538	0	31134	
1539	0	30342	
1540	0	29938	
1541	0	30429	
1542	0	32615	
1543	0	29380	
1544	0	28380	
1545	0	28968	
1546	0	30998	
1547	0	33390	
1548	0	36672	
1549	0	37636	
1550	0	33744	
1551	0	31111	
1552	0	29545	
1553	0	28836	
1554	0	30441	
1555	0	30994	
1556	0	31920	
1557	0	35335	
1558	0	36276	
1559	0	36626	
1560	0	35794	
1561	0	31892	
1562	0	28018	
1563	0	29706	
1564	0	34146	
1565	0	34204	
1566	0	32785	
1567	0	33245	
1568	0	34664	
1569	0	35481	
1570	0	35248	
1571	0	35459	
1572	0	34290	
1573	0	32528	
1574	0	31688	
1575	0	30176	
1576	0	29585	
1577	0	30760	
1578	0	33452	
1579	0	35200	
1580	0	35384	
1581	0	34084	
1582	0	32810	
1583	0	32583	
1584	0	33284	
1585	0	34120	
1586	0	33841	
1587	0	32397	
1588	0	30636	
1589	0	28807	
1590	0	29052	
1591	0	31602	
1592	0	33823	
1593	0	33747	
1594	0	33255	
1595	0	33049	
1596	0	33093	
1597	0	33362	
1598	0	33171	
1599	0	33538	
1600	0	32901	
1601	0	35916	
1602	0	39675	
1603	0	40071	
1604	0	37984	
1605	0	34252	
1606	0	26215	
1607	0	18880	
1608	0	20189	
1609	0	26826	
1610	0	32548	
1611	0	34596	
1612	0	34612	
1613	0	34281	
1614	0	34266	
1615	0	34044	
1616	0	33909	
1617	0	33897	
1618	0	33707	
1619	0	33456	
1620	0	33259	
1621	0	33111	
1622	0	33348	
1623	0	33799	
1624	0	33204	
1625	0	33305	
1626	0	33845	
1627	0	34483	
1628	0	34089	
1629	0	32084	
1630	0	31677	
1631	0	32091	
1632	0	32797	
1633	0	33687	
1634	0	33747	
1635	0	32020	
1636	0	33557	
1637	0	32774	
1638	0	30759	
1639	0	30642	
1640	0	33287	
1641	0	33633	
1642	0	31156	
1643	0	30193	
1644	0	31847	
1645	0	33216	
1646	0	31236	
1647	0	31862	
1648	0	33799	
1649	0	34153	
1650	0	33382	
1651	0	31470	
1652	0	30390	
1653	0	31565	
1654	0	33668	
1655	0	36120	
1656	0	35551	
1657	0	33780	
1658	0	32512	
1659	0	32900	
1660	0	35206	
1661	0	35716	
1662	0	35173	
1663	0	33657	
1664	0	29696	
1665	0	25492	
1666	0	26388	
1667	0	30321	
1668	0	32923	
1669	0	35232	
1670	0	34838	
1671	0	33718	
1672	0	32820	
1673	0	32352	
1674	0	32715	
1675	0	32742	
1676	0	32919	
1677	0	33432	
1678	0	32135	
1679	0	31291	
1680	0	32180	
1681	0	33202	
1682	0	34045	
1683	0	34823	
1684	0	35107	
1685	0	35207	
1686	0	33353	
1687	0	32111	
1688	0	32610	
1689	0	33883	
1690	0	34080	
1691	0	34593	
1692	0	33344	
1693	0	30543	
1694	0	29352	
1695	0	30002	
1696	0	32879	
1697	0	35765	
1698	0	37532	
1699	0	34928	
1700	0	30774	
1701	0	27517	
1702	0	28004	
1703	0	28178	
1704	0	29102	
1705	0	33479	
1706	0	35881	
1707	0	34779	
1708	0	33424	
1709	0	33341	
1710	0	33574	
1711	0	34330	
1712	0	33700	
1713	0	31836	
1714	0	29998	
1715	0	29796	
1716	0	31266	
1717	0	33722	
1718	0	37524	
1719	0	39326	
1720	0	38173	
1721	0	35219	
1722	0	32824	
1723	0	30304	
1724	0	26541	
1725	0	29720	
1726	0	37447	
1727	0	38827	
1728	0	34575	
1729	0	30402	
1730	0	27228	
1731	0	27039	
1732	0	30037	
1733	0	33415	
1734	0	30254	
1735	0	27858	
1736	0	29689	
1737	0	33058	
1738	0	33905	
1739	0	33677	
1740	0	33687	
1741	0	33840	
1742	0	34397	
1743	0	34812	
1744	0	34716	
1745	0	33689	
1746	0	33061	
1747	0	33119	
1748	0	33421	
1749	0	33065	
1750	0	32274	
1751	0	32108	
1752	0	32570	
1753	0	33170	
1754	0	33437	
1755	0	33413	
1756	0	33100	
1757	0	32468	
1758	0	32469	
1759	0	32479	
1760	0	33351	
1761	0	35114	
1762	0	35088	
1763	0	33772	
1764	0	31575	
1765	0	29124	
1766	0	28852	
1767	0	31541	
1768	0	32309	
1769	0	32982	
1770	0	33240	
1771	0	33559	
1772	0	33369	
1773	0	32812	
1774	0	32443	
1775	0	33490	
1776	0	33799	
1777	0	34450	
1778	0	34008	
1779	0	33221	
1780	0	33262	
1781	0	33826	
1782	0	30900	
1783	0	30082	
1784	0	33356	
1785	0	33926	
1786	0	32346	
1787	0	31815	
1788	0	32101	
1789	0	33656	
1790	0	34150	
1791	0	33695	
1792	0	31196	
1793	0	28511	
1794	0	27892	
1795	0	30040	
1796	0	33759	
1797	0	36366	
1798	0	36359	
1799	0	37026	
1800	0	37223	
1801	0	35100	
1802	0	32828	
1803	0	30560	
1804	0	27553	
1805	0	26998	
1806	0	30361	
1807	0	33516	
1808	0	33314	
1809	0	33844	
1810	0	33778	
1811	0	32541	
1812	0	31941	
1813	0	32356	
1814	0	32751	
1815	0	33328	
1816	0	33319	
1817	0	33142	
1818	0	32958	
1819	0	33012	
1820	0	32864	
1821	0	32434	
1822	0	32120	
1823	0	33174	
1824	0	34413	
1825	0	36132	
1826	0	36295	
1827	0	34106	
1828	0	32142	
1829	0	32690	
1830	0	32630	
1831	0	31149	
1832	0	30932	
1833	0	31383	
1834	0	31474	
1835	0	31302	
1836	0	31142	
1837	0	31545	
1838	0	32194	
1839	0	32660	
1840	0	33044	
1841	0	33514	
1842	0	33664	
1843	0	32965	
1844	0	32275	
1845	0	33338	
1846	0	35524	
1847	0	37230	
1848	0	36928	
1849	0	32144	
1850	0	25516	
1851	0	24534	
1852	0	27900	
1853	0	31723	
1854	0	34226	
1855	0	37658	
1856	0	37716	
1857	0	36205	
1858	0	34408	
1859	0	33696	
1860	0	33629	
1861	0	35110	
1862	0	33116	
1863	0	31225	
1864	0	29533	
1865	0	29023	
1866	0	29554	
1867	0	30748	
1868	0	31860	
1869	0	32621	
1870	0	32944	
1871	0	33412	
1872	0	33500	
1873	0	33581	
1874	0	33556	
1875	0	33409	
1876	0	33320	
1877	0	33282	
1878	0	33863	
1879	0	33671	
1880	0	32469	
1881	0	32130	
1882	0	33177	
1883	0	32717	
1884	0	33274	
1885	0	33676	
1886	0	33712	
1887	0	32232	
1888	0	31197	
1889	0	31533	
1890	0	31981	
1891	0	32728	
1892	0	33109	
1893	0	33926	
1894	0	33447	
1895	0	32407	
1896	0	32243	
1897	0	32071	
1898	0	31924	
1899	0	31935	
1900	0	32312	
1901	0	33018	
1902	0	33192	
1903	0	33120	
1904	0	33280	
1905	0	33031	
1906	0	33074	
1907	0	33511	
1908	0	33991	
1909	0	34148	
1910	0	33877	
1911	0	33426	
1912	0	31575	
1913	0	30109	
1914	0	28852	
1915	0	30233	
1916	0	33280	
1917	0	35918	
1918	0	35919	
1919	0	37148	
1920	0	37029	
1921	0	35206	
1922	0	31155	
1923	0	32485	
1924	0	32023	
1925	0	27194	
1926	0	25145	
1927	0	27743	
1928	0	30751	
1929	0	32629	
1930	0	33745	
1931	0	33143	
1932	0	33887	
1933	0	34967	
1934	0	35284	
1935	0	36216	
1936	0	35371	
1937	0	33203	
1938	0	30889	
1939	0	30142	
1940	0	30126	
1941	0	30917	
1942	0	32537	
1943	0	34031	
1944	0	32966	
1945	0	31686	
1946	0	31949	
1947	0	33151	
1948	0	34343	
1949	0	35398	
1950	0	35048	
1951	0	34174	
1952	0	32994	
1953	0	31968	
1954	0	31508	
1955	0	33106	
1956	0	32001	
1957	0	32920	
1958	0	34284	
1959	0	34437	
1960	0	33335	
1961	0	33439	
1962	0	34129	
1963	0	34054	
1964	0	34154	
1965	0	33287	
1966	0	31688	
1967	0	28930	
1968	0	27590	
1969	0	28144	
1970	0	30632	
1971	0	32900	
1972	0	33580	
1973	0	33853	
1974	0	33716	
1975	0	32935	
1976	0	32988	
1977	0	33543	
1978	0	34087	
1979	0	34106	
1980	0	33831	
1981	0	33424	
1982	0	32852	
1983	0	32034	
1984	0	31681	
1985	0	32175	
1986	0	31868	
1987	0	32228	
1988	0	33250	
1989	0	34080	
1990	0	33829	
1991	0	33999	
1992	0	33810	
1993	0	31947	
1994	0	32845	
1995	0	32004	
1996	0	31399	
1997	0	32138	
1998	0	31967	
1999	0	32641	
2000	0	33356	
2001	0	32809	
2002	0	32413	
2003	0	32476	
2004	0	34179	
2005	0	36032	
2006	0	37158	
2007	0	37180	
2008	0	34842	
2009	0	31213	
2010	0	25762	
2011	0	23501	
2012	0	28591	
2013	0	32519	
2014	0	33389	
2015	0	33647	
2016	0	33847	
2017	0	34027	
2018	0	33688	
2019	0	33529	
2020	0	33851	
2021	0	33613	
2022	0	33612	
2023	0	33863	
2024	0	36096	
2025	0	33580	
2026	0	28978	
2027	0	28597	
2028	0	30885	
2029	0	33031	
2030	0	33059	
2031	0	32992	
2032	0	33191	
2033	0	32958	
2034	0	32751	
2035	0	33655	
2036	0	33799	
2037	0	32513	
2038	0	34441	
2039	0	36167	
2040	0	33673	
2041	0	32408	
2042	0	31976	
2043	0	32222	
2044	0	30943	
2045	0	31285	
2046	0	31115	
2047	0	31508	
2048	0	32353	
2049	0	31808	
2050	0	31939	
2051	0	32476	
2052	0	34252	
2053	0	34630	
2054	0	34578	
2055	0	32471	
2056	0	32527	
2057	0	32928	
2058	0	33876	
2059	0	34608	
2060	0	33772	
2061	0	33262	
2062	0	33125	
2063	0	33282	
2064	0	34861	
2065	0	39044	
2066	0	37279	
2067	0	34055	
2068	0	30231	
2069	0	26460	
2070	0	22058	
2071	0	25218	
2072	0	28444	
2073	0	30166	
2074	0	31641	
2075	0	32991	
2076	0	33743	
2077	0	35346	
2078	0	36154	
2079	0	35554	
2080	0	34085	
2081	0	32999	
2082	0	32314	
2083	0	33987	
2084	0	35088	
2085	0	35718	
2086	0	36036	
2087	0	35679	
2088	0	34192	
2089	0	31584	
2090	0	30906	
2091	0	28950	
2092	0	30752	
2093	0	34276	
2094	0	33587	
2095	0	33108	
2096	0	33344	
2097	0	31015	
2098	0	30692	
2099	0	31888	
2100	0	33829	
2101	0	36296	
2102	0	36615	
2103	0	33638	
2104	0	31657	
2105	0	31920	
2106	0	34540	
2107	0	35376	
2108	0	31764	
2109	0	27211	
2110	0	24908	
2111	0	26221	
2112	0	26826	
2113	0	29887	
2114	0	33720	
2115	0	38183	
2116	0	41071	
2117	0	40103	
2118	0	35932	
2119	0	34183	
2120	0	32595	
2121	0	29273	
2122	0	25126	
2123	0	26612	
2124	0	35604	
2125	0	39788	
2126	0	40470	
2127	0	38765	
2128	0	34051	
2129	0	30718	
2130	0	27101	
2131	0	25741	
2132	0	24924	
2133	0	23504	
2134	0	28681	
2135	0	38006	
2136	0	39892	
2137	0	42181	
2138	0	41897	
2139	0	41261	
2140	0	38062	
2141	0	32297	
2142	0	28380	
2143	0	25768	
2144	0	27367	
2145	0	29778	
2146	0	31686	
2147	0	31312	
2148	0	29678	
2149	0	21222	
2150	0	23474	
2151	0	36839	
2152	0	45588	
2153	0	48392	
2154	0	45512	
2155	0	35868	
2156	0	24499	
2157	0	22434	
2158	0	26444	
2159	0	25434	
2160	0	25597	
2161	0	26230	
2162	0	32772	
2163	0	38553	
2164	0	37970	
2165	0	35510	
2166	0	35094	
2167	0	37150	
2168	0	37346	
2169	0	35525	
2170	0	31632	
2171	0	25402	
2172	0	22634	
2173	0	17954	
2174	0	17559	
2175	0	28209	
2176	0	38316	
2177	0	38053	
2178	0	43789	
2179	0	47584	
2180	0	44012	
2181	0	41832	
2182	0	42292	
2183	0	45191	
2184	0	39902	
2185	0	37767	
2186	0	36896	
2187	0	32758	
2188	0	28631	
2189	0	22057	
2190	0	20144	
2191	0	22808	
2192	0	29575	
2193	0	30296	
2194	0	31322	
2195	0	23430	
2196	0	17445	
2197	0	19436	
2198	0	30187	
2199	0	35348	
2200	0	39314	
2201	0	40612	
2202	0	39426	
2203	0	35269	
2204	0	34168	
2205	0	31975	
2206	0	27336	
2207	0	29133	
2208	0	30635	
2209	0	30893	
2210	0	36544	
2211	0	37535	
2212	0	34600	
2213	0	33263	
2214	0	34791	
2215	0	31266	
2216	0	36544	
2217	0	49437	
2218	0	57426	
2219	0	55853	
2220	0	52905	
2221	0	42396	
2222	0	28346	
2223	0	15647	
2224	0	14664	
2225	0	13974	
2226	0	8888	
2227	0	9430	
2228	0	16104	
2229	0	23148	
2230	0	26786	
2231	0	30135	
2232	0	35246	
2233	0	39661	
2234	0	41874	
2235	0	39842	
2236	0	37776	
2237	0	34454	
2238	0	31636	
2239	0	35652	
2240	0	38271	
2241	0	40684	
2242	0	43288	
2243	0	38588	
2244	0	31674	
2245	0	29799	
2246	0	30974	
2247	0	34852	
2248	0	32941	
2249	0	31160	
2250	0	31362	
2251	0	30900	
2252	0	32799	
2253	0	37380	
2254	0	40610	
2255	0	37008	
2256	0	38069	
2257	0	40412	
2258	0	29887	
2259	0	19137	
2260	0	15289	
2261	0	22312	
2262	0	23388	
2263	0	26343	
2264	0	42113	
2265	0	44679	
2266	0	32456	
2267	0	26716	
2268	0	33370	
2269	0	43020	
2270	0	38978	
2271	0	31634	
2272	0	30049	
2273	0	32913	
2274	0	31060	
2275	0	25530	
2276	0	31906	
2277	0	37868	
2278	0	35484	
2279	0	30224	
2280	0	33110	
2281	0	38273	
2282	0	35240	
2283	0	31210	
2284	0	26722	
2285	0	22608	
2286	0	28500	
2287	0	40967	
2288	0	47751	
2289	0	42419	
2290	0	28748	
2291	0	17318	
2292	0	25812	
2293	0	38539	
2294	0	40518	
2295	0	35992	
2296	0	40964	
2297	0	45716	
2298	0	38940	
2299	0	22520	
2300	0	10245	
2301	0	13049	
2302	0	24827	
2303	0	34916	
2304	0	34490	
2305	0	32925	
2306	0	35783	
2307	0	35031	
2308	0	33496	
2309	0	31950	
2310	0	31083	
2311	0	32482	
2312	0	31008	
2313	0	32628	
2314	0	34908	
2315	0	37677	
2316	0	39092	
2317	0	37150	
2318	0	33196	
2319	0	35079	
2320	0	37709	
2321	0	40917	
2322	0	37810	
2323	0	37491	
2324	0	41110	
2325	0	34266	
2326	0	26136	
2327	0	28274	
2328	0	32404	
2329	0	29204	
2330	0	22561	
2331	0	21147	
2332	0	21532	
2333	0	28284	
2334	0	36280	
2335	0	39656	
2336	0	41436	
2337	0	40828	
2338	0	36770	
2339	0	31992	
2340	0	26332	
2341	0	21228	
2342	0	17746	
2343	0	18845	
2344	0	50288	
2345	0	60772	
2346	0	53434	
2347	0	44638	
2348	0	37800	
2349	0	27334	
2350	0	28199	
2351	0	28697	
2352	0	17707	
2353	0	17065	
2354	0	14948	
2355	0	17837	
2356	0	20544	
2357	0	25508	
2358	0	33009	
2359	0	37500	
2360	0	39056	
2361	0	36120	
2362	0	33485	
2363	0	35973	
2364	0	40317	
2365	0	41640	
2366	0	42368	
2367	0	42336	
2368	0	39072	
2369	0	35868	
2370	0	31588	
2371	0	33977	
2372	0	43684	
2373	0	50555	
2374	0	47880	
2375	0	32012	
2376	0	13750	
2377	0	6631	
2378	0	10871	
2379	0	25541	
2380	0	31602	
2381	0	36322	
2382	0	38664	
2383	0	43280	
2384	0	36824	
2385	0	35860	
2386	0	30548	
2387	0	22218	
2388	0	29105	
2389	0	34868	
2390	0	39784	
2391	0	41398	
2392	0	30964	
2393	0	20936	
2394	0	29417	
2395	0	42608	
2396	0	34773	
2397	0	34279	
2398	0	32836	
2399	0	25622	
2400	0	20602	
2401	0	31529	
2402	0	40914	
2403	0	42415	
2404	0	37945	
2405	0	24305	
2406	0	20740	
2407	0	29635	
2408	0	37805	
2409	0	37689	
2410	0	33012	
2411	0	32804	
2412	0	34320	
2413	0	32976	
2414	0	30868	
2415	0	25262	
2416	0	27113	
2417	0	33449	
2418	0	41664	
2419	0	47782	
2420	0	38662	
2421	0	24754	
2422	0	11409	
2423	0	24269	
2424	0	35527	
2425	0	36572	
2426	0	41562	
2427	0	46384	
2428	0	53412	
2429	0	42816	
2430	0	33860	
2431	0	34036	
2432	0	26370	
2433	0	24507	
2434	0	23382	
2435	0	21741	
2436	0	20752	
2437	0	24009	
2438	0	30328	
2439	0	34170	
2440	0	34290	
2441	0	34361	
2442	0	32772	
2443	0	34860	
2444	0	42592	
2445	0	40984	
2446	0	24057	
2447	0	21060	
2448	0	32464	
2449	0	41844	
2450	0	38983	
2451	0	28464	
2452	0	28614	
2453	0	34838	
2454	0	36119	
2455	0	39286	
2456	0	35783	
2457	0	38540	
2458	0	43458	
2459	0	45761	
2460	0	40976	
2461	0	31354	
2462	0	16295	
2463	0	14340	
2464	0	22313	
2465	0	22488	
2466	0	29439	
2467	0	42274	
2468	0	45792	
2469	0	37927	
2470	0	32295	
2471	0	26932	
2472	0	14297	
2473	0	22798	
2474	0	29024	
2475	0	26594	
2476	0	29588	
2477	0	37846	
2478	0	46488	
2479	0	56677	
2480	0	59334	
2481	0	42836	
2482	0	20844	
2483	0	19830	
2484	0	29730	
2485	0	33921	
2486	0	20390	
2487	0	11372	
2488	0	20262	
2489	0	30194	
2490	0	41590	
2491	0	51962	
2492	0	54932	
2493	0	50748	
2494	0	34930	
2495	0	14589	
2496	0	14166	
2497	0	22879	
2498	0	32788	
2499	0	44786	
2500	0	46743	
2501	0	42985	
2502	0	34206	
2503	0	8957	
2504	0	4065	
2505	0	7390	
2506	0	15910	
2507	0	47652	
2508	0	53292	
2509	0	49886	
2510	0	40645	
2511	0	39282	
2512	0	38103	
2513	0	37668	
2514	0	40037	
2515	0	32907	
2516	0	24817	
2517	0	28441	
2518	0	34279	
2519	0	31456	
2520	0	35654	
2521	0	48388	
2522	0	45328	
2523	0	26708	
2524	0	3608	
2525	0	3888	
2526	0	28012	
2527	0	31897	
2528	0	29812	
2529	0	36427	
2530	0	44793	
2531	0	45748	
2532	0	39840	
2533	0	30434	
2534	0	23500	
2535	0	16304	
2536	0	19476	
2537	0	40440	
2538	0	51268	
2539	0	56180	
2540	0	53228	
2541	0	32748	
2542	0	13076	
2543	0	12015	
2544	0	26397	
2545	0	39708	
2546	0	44002	
2547	0	49612	
2548	0	44320	
2549	0	28924	
2550	0	15950	
2551	0	29753	
2552	0	35369	
2553	0	30800	
2554	0	27686	
2555	0	31328	
2556	0	32360	
2557	0	33296	
2558	0	26996	
2559	0	22384	
2560	0	20436	
2561	0	14442	
2562	0	20358	
2563	0	44064	
2564	0	52680	
2565	0	40128	
2566	0	34820	
2567	0	37438	
2568	0	37082	
2569	0	38568	
2570	0	46101	
2571	0	46818	
2572	0	23992	
2573	0	21622	
2574	0	38056	
2575	0	43972	
2576	0	44162	
2577	0	35568	
2578	0	29543	
2579	0	20178	
2580	0	9918	
2581	0	18446	
2582	0	22368	
2583	0	28368	
2584	0	30802	
2585	0	30100	
2586	0	26895	
2587	0	24133	
2588	0	34646	
2589	0	44088	
2590	0	51917	
2591	0	51892	
2592	0	42032	
2593	0	26293	
2594	0	33433	
2595	0	41133	
2596	0	31828	
2597	0	22736	
2598	0	34680	
2599	0	43263	
2600	0	32710	
2601	0	24920	
2602	0	15445	
2603	0	16715	
2604	0	33879	
2605	0	44324	
2606	0	36588	
2607	0	27116	
2608	0	25599	
2609	0	25436	
2610	0	34660	
2611	0	39709	
2612	0	44968	
2613	0	39772	
2614	0	38841	
2615	0	33173	
2616	0	31801	
2617	0	38361	
2618	0	37313	
2619	0	29468	
2620	0	27483	
2621	0	24696	
2622	0	26947	
2623	0	23637	
2624	0	26362	
2625	0	34413	
2626	0	42592	
2627	0	48785	
2628	0	49588	
2629	0	36588	
2630	0	8956	
2631	0	11771	
2632	0	37699	
2633	0	43897	
2634	0	43489	
2635	0	47228	
2636	0	47623	
2637	0	32718	
2638	0	20239	
2639	0	13982	
2640	0	15031	
2641	0	26210	
2642	0	39876	
2643	0	54092	
2644	0	56778	
2645	0	50045	
2646	0	29253	
2647	0	1212	
2648	0	1952	
2649	0	5974	
2650	0	33625	
2651	0	43448	
2652	0	38418	
2653	0	36416	
2654	0	35354	
2655	0	31350	
2656	0	28468	
2657	0	36322	
2658	0	49008	
2659	0	40254	
2660	0	28056	
2661	0	20229	
2662	0	19207	
2663	0	32998	
2664	0	43856	
2665	0	47566	
2666	0	43687	
2667	0	38698	
2668	0	44608	
2669	0	43194	
2670	0	39648	
2671	0	36489	
2672	0	35648	
2673	0	30832	
2674	0	3074	
2675	0	1105	
2676	0	16041	
2677	0	22599	
2678	0	26128	
2679	0	26424	
2680	0	39212	
2681	0	48202	
2682	0	39661	
2683	0	31919	
2684	0	31917	
2685	0	38176	
2686	0	39762	
2687	0	33543	
2688	0	30136	
2689	0	28388	
2690	0	31698	
2691	0	38133	
2692	0	44964	
2693	0	42280	
2694	0	31204	
2695	0	26057	
2696	0	28632	
2697	0	37620	
2698	0	53828	
2699	0	48720	
2700	0	39014	
2701	0	25772	
2702	0	15965	
2703	0	3790	
2704	0	26554	
2705	0	44944	
2706	0	35184	
2707	0	22560	
2708	0	25348	
2709	0	30846	
2710	0	30116	
2711	0	25310	
2712	0	20611	
2713	0	31820	
2714	0	36140	
2715	0	38300	
2716	0	47396	
2717	0	48342	
2718	0	41922	
2719	0	28632	
2720	0	27260	
2721	0	30460	
2722	0	30906	
2723	0	40434	
2724	0	45744	
2725	0	49460	
2726	0	42284	
2727	0	17140	
2728	0	6530	
2729	0	22308	
2730	0	35620	
2731	0	40265	
2732	0	37848	
2733	0	25335	
2734	0	25092	
2735	0	38560	
2736	0	43247	
2737	0	39734	
2738	0	40500	
2739	0	38572	
2740	0	29189	
2741	0	24240	
2742	0	26692	
2743	0	19081	
2744	0	7032	
2745	0	8345	
2746	0	24854	
2747	0	42522	
2748	0	56184	
2749	0	61996	
2750	0	60596	
2751	0	50408	
2752	0	34593	
2753	0	27025	
2754	0	16455	
2755	0	3269	
2756	0	10552	
2757	0	29542	
2758	0	37892	
2759	0	37968	
2760	0	36408	
2761	0	39828	
2762	0	47364	
2763	0	44825	
2764	0	32263	
2765	0	35130	
2766	0	32308	
2767	0	27142	
2768	0	23559	
2769	0	12190	
2770	0	23649	
2771	0	47960	
2772	0	53712	
2773	0	46813	
2774	0	28263	
2775	0	5717	
2776	0	5335	
2777	0	33821	
2778	0	43988	
2779	0	39394	
2780	0	26798	
2781	0	27296	
2782	0	31224	
2783	0	48682	
2784	0	55864	
2785	0	49212	
2786	0	28096	
2787	0	12742	
2788	0	22919	
2789	0	31636	
2790	0	40997	
2791	0	47948	
2792	0	42278	
2793	0	22746	
2794	0	21314	
2795	0	28839	
2796	0	29741	
2797	0	25800	
2798	0	21806	
2799	0	26896	
2800	0	31997	
2801	0	34360	
2802	0	41386	
2803	0	49089	
2804	0	55164	
2805	0	48146	
2806	0	30753	
2807	0	15272	
2808	0	15553	
2809	0	25869	
2810	0	40039	
2811	0	45857	
2812	0	35785	
2813	0	10142	
2814	0	20012	
2815	0	43688	
2816	0	54952	
2817	0	37648	
2818	0	21964	
2819	0	19097	
2820	0	23636	
2821	0	31996	
2822	0	38498	
2823	0	41213	
2824	0	30333	
2825	0	26114	
2826	0	31174	
2827	0	26728	
2828	0	28376	
2829	0	35040	
2830	0	35448	
2831	0	29150	
2832	0	28560	
2833	0	38219	
2834	0	46309	
2835	0	43510	
2836	0	27511	
2837	0	24206	
2838	0	42746	
2839	0	42347	
2840	0	36224	
2841	0	35682	
2842	0	40580	
2843	0	42300	
2844	0	41709	
2845	0	35892	
2846	0	27103	
2847	0	9342	
2848	0	8417	
2849	0	25929	
2850	0	26617	
2851	0	23962	
2852	0	29420	
2853	0	40896	
2854	0	41506	
2855	0	34710	
2856	0	33637	
2857	0	30615	
2858	0	35378	
2859	0	41630	
2860	0	33257	
2861	0	34432	
2862	0	37913	
2863	0	31824	
2864	0	30125	
2865	0	24804	
2866	0	15789	
2867	0	23214	
2868	0	34093	
2869	0	37156	
2870	0	38337	
2871	0	43650	
2872	0	48374	
2873	0	44890	
2874	0	43770	
2875	0	36185	
2876	0	20617	
2877	0	7252	
2878	0	15152	
2879	0	35172	
2880	0	41724	
2881	0	45656	
2882	0	46498	
2883	0	40025	
2884	0	31004	
2885	0	20936	
2886	0	20156	
2887	0	20479	
2888	0	24822	
2889	0	29974	
2890	0	38558	
2891	0	38151	
2892	0	34936	
2893	0	33636	
2894	0	44792	
2895	0	51644	
2896	0	51291	
2897	0	45356	
2898	0	32561	
2899	0	12448	
2900	0	19116	
2901	0	37246	
2902	0	19906	
2903	0	13414	
2904	0	31110	
2905	0	38057	
2906	0	34716	
2907	0	40519	
2908	0	43845	
2909	0	33316	
2910	0	29568	
2911	0	22354	
2912	0	18498	
2913	0	18591	
2914	0	24628	
2915	0	31881	
2916	0	35551	
2917	0	38742	
2918	0	41060	
2919	0	40610	
2920	0	41220	
2921	0	39738	
2922	0	53784	
2923	0	53932	
2924	0	23780	
2925	0	7879	
2926	0	24477	
2927	0	43010	
2928	0	40588	
2929	0	37913	
2930	0	35172	
2931	0	22564	
2932	0	15802	
2933	0	20432	
2934	0	24709	
2935	0	23252	
2936	0	24720	
2937	0	33684	
2938	0	35524	
2939	0	39302	
2940	0	42565	
2941	0	44946	
2942	0	38268	
2943	0	21274	
2944	0	26134	
2945	0	35960	
2946	0	40847	
2947	0	45474	
2948	0	45888	
2949	0	37624	
2950	0	28576	
2951	0	23346	
2952	0	26996	
2953	0	35088	
2954	0	37677	
2955	0	44800	
2956	0	41390	
2957	0	29524	
2958	0	27980	
2959	0	12006	
2960	0	4455	
2961	0	13212	
2962	0	45962	
2963	0	46074	
2964	0	45940	
2965	0	35873	
2966	0	32274	
2967	0	43358	
2968	0	44073	
2969	0	43708	
2970	0	34388	
2971	0	23660	
2972	0	17952	
2973	0	9740	
2974	0	17764	
2975	0	36030	
2976	0	32752	
2977	0	27252	
2978	0	28250	
2979	0	26972	
2980	0	29170	
2981	0	40329	
2982	0	54700	
2983	0	55000	
2984	0	36334	
2985	0	26157	
2986	0	33725	
2987	0	38852	
2988	0	40890	
2989	0	29944	
2990	0	26166	
2991	0	36160	
2992	0	43314	
2993	0	40656	
2994	0	24533	
2995	0	5031	
2996	0	9604	
2997	0	27364	
2998	0	39720	
2999	0	36680	
3000	0	34575	
3001	0	38406	
3002	0	43628	
3003	0	39778	
3004	0	35380	
3005	0	32937	
3006	0	25640	
3007	0	14892	
3008	0	16225	
3009	0	31297	
3010	0	47172	
3011	0	52429	
3012	0	46130	
3013	0	32932	
3014	0	26420	
3015	0	21280	
3016	0	25479	
3017	0	45556	
3018	0	57476	
3019	0	46778	
3020	0	24420	
3021	0	21214	
3022	0	27400	
3023	0	30907	
3024	0	33441	
3025	0	32292	
3026	0	29225	
3027	0	20202	
3028	0	19755	
3029	0	22886	
3030	0	29377	
3031	0	38655	
3032	0	41420	
3033	0	43062	
3034	0	46125	
3035	0	44268	
3036	0	35584	
3037	0	22324	
3038	0	12433	
3039	0	14400	
3040	0	30080	
3041	0	41202	
3042	0	40558	
3043	0	42364	
3044	0	39000	
3045	0	34934	
3046	0	33216	
3047	0	33927	
3048	0	29304	
3049	0	26980	
3050	0	29791	
3051	0	35856	
3052	0	40348	
3053	0	32437	
3054	0	18408	
3055	0	30504	
3056	0	45968	
3057	0	35200	
3058	0	21808	
3059	0	28984	
3060	0	38692	
3061	0	53428	
3062	0	57888	
3063	0	49104	
3064	0	17695	
3065	0	6120	
3066	0	3416	
3067	0	12454	
3068	0	21405	
3069	0	31840	
3070	0	40477	
3071	0	41268	
3072	0	43902	
3073	0	42738	
3074	0	46216	
3075	0	44032	
3076	0	36397	
3077	0	29442	
3078	0	19183	
3079	0	28672	
3080	0	25610	
3081	0	20915	
3082	0	21918	
3083	0	26584	
3084	0	33012	
3085	0	41572	
3086	0	53740	
3087	0	56396	
3088	0	49976	
3089	0	46128	
3090	0	42770	
3091	0	29183	
3092	0	20800	
3093	0	24680	
3094	0	34573	
3095	0	30490	
3096	0	21245	
3097	0	18513	
3098	0	24774	
3099	0	35845	
3100	0	47176	
3101	0	44026	
3102	0	22765	
3103	0	7681	
3104	0	14476	
3105	0	21792	
3106	0	30029	
3107	0	36278	
3108	0	38328	
3109	0	36222	
3110	0	34477	
3111	0	34017	
3112	0	33582	
3113	0	32500	
3114	0	27488	
3115	0	32376	
3116	0	52224	
3117	0	59256	
3118	0	55204	
3119	0	47749	
3120	0	17988	
3121	0	406	
3122	0	3310	
3123	0	24428	
3124	0	36969	
3125	0	40966	
3126	0	44267	
3127	0	44057	
3128	0	44994	
3129	0	41184	
3130	0	38221	
3131	0	32545	
3132	0	31376	
3133	0	36536	
3134	0	32912	
3135	0	32232	
3136	0	29399	
3137	0	25052	
3138	0	23024	
3139	0	19756	
3140	0	27041	
3141	0	31372	
3142	0	34006	
3143	0	30053	
3144	0	19526	
3145	0	17892	
3146	0	32064	
3147	0	42932	
3148	0	34857	
3149	0	32396	
3150	0	40006	
3151	0	41796	
3152	0	36900	
3153	0	39553	
3154	0	36553	
3155	0	36518	
3156	0	34740	
3157	0	33113	
3158	0	31090	
3159	0	32468	
3160	0	37216	
3161	0	38008	
3162	0	41268	
3163	0	53564	
3164	0	38392	
3165	0	17497	
3166	0	14045	
3167	0	7349	
3168	0	16295	
3169	0	34956	
3170	0	39618	
3171	0	33321	
3172	0	32919	
3173	0	34119	
3174	0	37906	
3175	0	43782	
3176	0	39160	
3177	0	33009	
3178	0	28096	
3179	0	28242	
3180	0	26308	
3181	0	25760	
3182	0	29916	
3183	0	33946	
3184	0	36308	
3185	0	34183	
3186	0	33132	
3187	0	28968	
3188	0	29252	
3189	0	33148	
3190	0	37182	
3191	0	44530	
3192	0	46610	
3193	0	41508	
3194	0	40930	
3195	0	36950	
3196	0	43908	
3197	0	45804	
3198	0	40252	
3199	0	19480	
3200	0	29	
3201	0	1759	
3202	0	15026	
3203	0	38656	
3204	0	35265	
3205	0	24276	
3206	0	13147	
3207	0	20222	
3208	0	35424	
3209	0	40944	
3210	0	46360	
3211	0	49646	
3212	0	44652	
3213	0	39055	
3214	0	41171	
3215	0	42567	
3216	0	42570	
3217	0	45850	
3218	0	46045	
3219	0	35732	
3220	0	23284	
3221	0	20872	
3222	0	21477	
3223	0	23388	
3224	0	22407	
3225	0	23693	
3226	0	24220	
3227	0	27835	
3228	0	38974	
3229	0	45029	
3230	0	44077	
3231	0	38156	
3232	0	33849	
3233	0	27488	
3234	0	27792	
3235	0	29726	
3236	0	22119	
3237	0	25448	
3238	0	31131	
3239	0	28418	
3240	0	34560	
3241	0	32934	
3242	0	37156	
3243	0	45650	
3244	0	47567	
3245	0	50014	
3246	0	35326	
3247	0	16752	
3248	0	15978	
3249	0	24384	
3250	0	31465	
3251	0	38832	
3252	0	36477	
3253	0	21736	
3254	0	15756	
3255	0	16903	
3256	0	33088	
3257	0	52389	
3258	0	55202	
3259	0	51079	
3260	0	38848	
3261	0	28108	
3262	0	18781	
3263	0	23008	
3264	0	38471	
3265	0	49380	
3266	0	51783	
3267	0	40774	
3268	0	40004	
3269	0	28130	
3270	0	14730	
3271	0	15066	
3272	0	29852	
3273	0	23027	
3274	0	20716	
3275	0	24048	
3276	0	29234	
3277	0	25463	
3278	0	22673	
3279	0	26886	
3280	0	36224	
3281	0	47556	
3282	0	50892	
3283	0	42032	
3284	0	26906	
3285	0	26887	
3286	0	30761	
3287	0	32498	
3288	0	38468	
3289	0	48064	
3290	0	52298	
3291	0	53063	
3292	0	46722	
3293	0	20628	
3294	0	551	
3295	0	2576	
3296	0	23383	
3297	0	32734	
3298	0	34366	
3299	0	34953	
3300	0	37208	
3301	0	47647	
3302	0	51122	
3303	0	45680	
3304	0	38036	
3305	0	33956	
3306	0	28461	
3307	0	30435	
3308	0	33471	
3309	0	32681	
3310	0	27588	
3311	0	32359	
3312	0	26189	
3313	0	26173	
3314	0	26288	
3315	0	17512	
3316	0	19899	
3317	0	33612	
3318	0	34734	
3319	0	35932	
3320	0	35632	
3321	0	28871	
3322	0	30752	
3323	0	35389	
3324	0	34428	
3325	0	34729	
3326	0	35614	
3327	0	32236	
3328	0	34676	
3329	0	30772	
3330	0	25660	
3331	0	35804	
3332	0	45897	
3333	0	43884	
3334	0	26409	
3335	0	26218	
3336	0	35935	
3337	0	37849	
3338	0	32650	
3339	0	30268	
3340	0	32356	
3341	0	34886	
3342	0	34860	
3343	0	36375	
3344	0	34474	
3345	0	29766	
3346	0	26141	
3347	0	30983	
3348	0	34601	
3349	0	40361	
3350	0	38182	
3351	0	36480	
3352	0	36871	
3353	0	30928	
3354	0	29223	
3355	0	35858	
3356	0	38658	
3357	0	36101	
3358	0	27543	
3359	0	29748	
3360	0	31126	
3361	0	29051	
3362	0	25868	
3363	0	27908	
3364	0	25828	
3365	0	22178	
3366	0	24948	
3367	0	31303	
3368	0	34904	
3369	0	42060	
3370	0	48274	
3371	0	40263	
3372	0	23159	
3373	0	9682	
3374	0	7709	
3375	0	31816	
3376	0	48168	
3377	0	45044	
3378	0	53596	
3379	0	50426	
3380	0	41904	
3381	0	41808	
3382	0	36192	
3383	0	13553	
3384	0	4514	
3385	0	24717	
3386	0	42013	
3387	0	51079	
3388	0	41320	
3389	0	12893	
3390	0	13240	
3391	0	15988	
3392	0	32342	
3393	0	40691	
3394	0	42826	
3395	0	46336	
3396	0	51754	
3397	0	51244	
3398	0	41651	
3399	0	15744	
3400	0	7392	
3401	0	26832	
3402	0	39418	
3403	0	37641	
3404	0	34558	
3405	0	28665	
3406	0	25420	
3407	0	25389	
3408	0	29114	
3409	0	27274	
3410	0	27076	
3411	0	22672	
3412	0	28660	
3413	0	41856	
3414	0	47432	
3415	0	58450	
3416	0	59074	
3417	0	43976	
3418	0	23038	
3419	0	13098	
3420	0	11314	
3421	0	20632	
3422	0	40648	
3423	0	49645	
3424	0	44951	
3425	0	25911	
3426	0	17084	
3427	0	21160	
3428	0	26441	
3429	0	33433	
3430	0	31792	
3431	0	36162	
3432	0	44512	
3433	0	45085	
3434	0	40548	
3435	0	35658	
3436	0	34018	
3437	0	26822	
3438	0	16565	
3439	0	21122	
3440	0	34708	
3441	0	45014	
3442	0	45522	
3443	0	33453	
3444	0	18427	
3445	0	12775	
3446	0	21232	
3447	0	31967	
3448	0	39891	
3449	0	43257	
3450	0	40201	
3451	0	28580	
3452	0	28073	
3453	0	37936	
3454	0	44480	
3455	0	57762	
3456	0	47488	
3457	0	19202	
3458	0	17140	
3459	0	32178	
3460	0	35794	
3461	0	34009	
3462	0	26184	
3463	0	22825	
3464	0	28922	
3465	0	33678	
3466	0	39884	
3467	0	51030	
3468	0	52032	
3469	0	31175	
3470	0	5547	
3471	0	2983	
3472	0	6630	
3473	0	30350	
3474	0	44164	
3475	0	44704	
3476	0	42200	
3477	0	39680	
3478	0	35006	
3479	0	36066	
3480	0	39144	
3481	0	38944	
3482	0	35937	
3483	0	30116	
3484	0	29557	
3485	0	29941	
3486	0	39968	
3487	0	45541	
3488	0	49090	
3489	0	47076	
3490	0	27416	
3491	0	1088	
3492	0	9775	
3493	0	25723	
3494	0	33804	
3495	0	29003	
3496	0	21721	
3497	0	27222	
3498	0	36487	
3499	0	41970	
3500	0	43512	
3501	0	38512	
3502	0	31740	
3503	0	30328	
3504	0	28840	
3505	0	28508	
3506	0	23295	
3507	0	32388	
3508	0	48312	
3509	0	53373	
3510	0	44930	
3511	0	37668	
3512	0	16004	
3513	0	15210	
3514	0	38158	
3515	0	37464	
3516	0	28709	
3517	0	29908	
3518	0	31353	
3519	0	30070	
3520	0	30765	
3521	0	41232	
3522	0	40748	
3523	0	30512	
3524	0	28576	
3525	0	29694	
3526	0	30360	
3527	0	33168	
3528	0	25082	
3529	0	28871	
3530	0	46096	
3531	0	48020	
3532	0	47943	
3533	0	30166	
3534	0	11585	
3535	0	14306	
3536	0	29639	
3537	0	30252	
3538	0	34134	
3539	0	33881	
3540	0	33234	
3541	0	37272	
3542	0	42324	
3543	0	44844	
3544	0	42295	
3545	0	40438	
3546	0	32385	
3547	0	10534	
3548	0	4085	
3549	0	24720	
3550	0	50182	
3551	0	53383	
3552	0	42544	
3553	0	31190	
3554	0	24332	
3555	0	20429	
3556	0	21396	
3557	0	33221	
3558	0	33732	
3559	0	29713	
3560	0	30554	
3561	0	34885	
3562	0	35888	
3563	0	39890	
3564	0	40444	
3565	0	31504	
3566	0	35908	
3567	0	38468	
3568	0	38792	
3569	0	49592	
3570	0	55498	
3571	0	42833	
3572	0	20568	
3573	0	12483	
3574	0	12920	
3575	0	22196	
3576	0	22988	
3577	0	25015	
3578	0	29324	
3579	0	34777	
3580	0	32096	
3581	0	33378	
3582	0	33216	
3583	0	36236	
3584	0	38193	
3585	0	33650	
3586	0	28466	
3587	0	27712	
3588	0	31928	
3589	0	36032	
3590	0	39652	
3591	0	38281	
3592	0	38940	
3593	0	36596	
3594	0	38768	
3595	0	42541	
3596	0	40967	
3597	0	33616	
3598	0	20420	
3599	0	14850	
3600	0	14079	
3601	0	22264	
3602	0	40269	
3603	0	54278	
3604	0	53436	
3605	0	45552	
3606	0	29580	
3607	0	7112	
3608	0	25789	
3609	0	46436	
3610	0	54236	
3611	0	35424	
3612	0	12410	
3613	0	16436	
3614	0	14957	
3615	0	30487	
3616	0	41292	
3617	0	47999	
3618	0	48487	
3619	0	34957	
3620	0	17622	
3621	0	9916	
3622	0	22966	
3623	0	30394	
3624	0	30722	
3625	0	33410	
3626	0	36156	
3627	0	34832	
3628	0	36566	
3629	0	35664	
3630	0	40484	
3631	0	44072	
3632	0	40066	
3633	0	38880	
3634	0	37447	
3635	0	38567	
3636	0	29178	
3637	0	21870	
3638	0	25640	
3639	0	38238	
3640	0	33810	
3641	0	30650	
3642	0	28968	
3643	0	24159	
3644	0	26567	
3645	0	32951	
3646	0	28921	
3647	0	27467	
3648	0	36561	
3649	0	37012	
3650	0	37605	
3651	0	32364	
3652	0	32860	
3653	0	40098	
3654	0	42741	
3655	0	36224	
3656	0	27078	
3657	0	26516	
3658	0	35658	
3659	0	43448	
3660	0	39384	
3661	0	33587	
3662	0	22110	
3663	0	16350	
3664	0	15031	
3665	0	24785	
3666	0	31397	
3667	0	36461	
3668	0	50564	
3669	0	44007	
3670	0	26556	
3671	0	14161	
3672	0	37142	
3673	0	55088	
3674	0	55676	
3675	0	46619	
3676	0	26343	
3677	0	19858	
3678	0	25748	
3679	0	26912	
3680	0	27437	
3681	0	30476	
3682	0	32470	
3683	0	27276	
3684	0	21332	
3685	0	24812	
3686	0	30384	
3687	0	34747	
3688	0	40596	
3689	0	41876	
3690	0	41185	
3691	0	35196	
3692	0	29824	
3693	0	32876	
3694	0	29974	
3695	0	17292	
3696	0	19077	
3697	0	38322	
3698	0	47904	
3699	0	49650	
3700	0	57085	
3701	0	56419	
3702	0	37712	
3703	0	32582	
3704	0	16823	
3705	0	224	
3706	0	2683	
3707	0	31730	
3708	0	37895	
3709	0	39622	
3710	0	41728	
3711	0	32978	
3712	0	22960	
3713	0	25057	
3714	0	25156	
3715	0	29232	
3716	0	31374	
3717	0	38694	
3718	0	37255	
3719	0	36520	
3720	0	35910	
3721	0	31874	
3722	0	30776	
3723	0	32442	
3724	0	32511	
3725	0	34856	
3726	0	41967	
3727	0	49096	
3728	0	48207	
3729	0	28484	
3730	0	19108	
3731	0	22502	
3732	0	41622	
3733	0	43652	
3734	0	35096	
3735	0	29392	
3736	0	29458	
3737	0	31324	
3738	0	42224	
3739	0	49684	
3740	0	32980	
3741	0	17491	
3742	0	3834	
3743	0	4780	
3744	0	8332	
3745	0	28338	
3746	0	39478	
3747	0	43932	
3748	0	45434	
3749	0	44132	
3750	0	43195	
3751	0	41943	
3752	0	40688	
3753	0	27252	
3754	0	33738	
3755	0	45110	
3756	0	49191	
3757	0	43273	
3758	0	27276	
3759	0	3149	
3760	0	2997	
3761	0	21130	
3762	0	36828	
3763	0	46966	
3764	0	49255	
3765	0	42668	
3766	0	31800	
3767	0	27778	
3768	0	26324	
3769	0	25460	
3770	0	29232	
3771	0	27392	
3772	0	28177	
3773	0	35200	
3774	0	36936	
3775	0	32276	
3776	0	31568	
3777	0	33385	
3778	0	35162	
3779	0	35885	
3780	0	36754	
3781	0	39430	
3782	0	39581	
3783	0	44901	
3784	0	48961	
3785	0	46978	
3786	0	33232	
3787	0	20854	
3788	0	4160	
3789	0	2973	
3790	0	24363	
3791	0	40148	
3792	0	45788	
3793	0	34753	
3794	0	18592	
3795	0	24248	
3796	0	37772	
3797	0	39591	
3798	0	40349	
3799	0	38653	
3800	0	30930	
3801	0	32576	
3802	0	47689	
3803	0	53046	
3804	0	39520	
3805	0	23936	
3806	0	17352	
3807	0	21788	
3808	0	26218	
3809	0	25617	
3810	0	30243	
3811	0	31634	
3812	0	32377	
3813	0	41792	
3814	0	46388	
3815	0	37092	
3816	0	28548	
3817	0	21097	
3818	0	22062	
3819	0	35689	
3820	0	42582	
3821	0	37434	
3822	0	30876	
3823	0	28860	
3824	0	23432	
3825	0	33045	
3826	0	44532	
3827	0	46224	
3828	0	36077	
3829	0	23285	
3830	0	30054	
3831	0	37383	
3832	0	22940	
3833	0	13076	
3834	0	17204	
3835	0	28444	
3836	0	32720	
3837	0	25266	
3838	0	31477	
3839	0	42868	
3840	0	50371	
3841	0	51952	
3842	0	46521	
3843	0	36656	
3844	0	31784	
3845	0	36700	
3846	0	32226	
3847	0	27044	
3848	0	25712	
3849	0	27060	
3850	0	27668	
3851	0	34642	
3852	0	40455	
3853	0	43552	
3854	0	47664	
3855	0	32445	
3856	0	15393	
3857	0	14939	
3858	0	18852	
3859	0	24864	
3860	0	30658	
3861	0	38438	
3862	0	44519	
3863	0	44272	
3864	0	30684	
3865	0	27268	
3866	0	33896	
3867	0	28070	
3868	0	28164	
3869	0	38350	
3870	0	42488	
3871	0	38338	
3872	0	36960	
3873	0	32808	
3874	0	34860	
3875	0	34356	
3876	0	28342	
3877	0	23721	
3878	0	26495	
3879	0	28054	
3880	0	34664	
3881	0	38134	
3882	0	34344	
3883	0	32187	
3884	0	26273	
3885	0	22756	
3886	0	27340	
3887	0	30567	
3888	0	29552	
3889	0	28804	
3890	0	42444	
3891	0	51015	
3892	0	47495	
3893	0	49671	
3894	0	45445	
3895	0	32621	
3896	0	24638	
3897	0	21060	
3898	0	16724	
3899	0	18165	
3900	0	25588	
3901	0	30904	
3902	0	34326	
3903	0	37838	
3904	0	38230	
3905	0	37163	
3906	0	34816	
3907	0	27134	
3908	0	25592	
3909	0	30685	
3910	0	35202	
3911	0	41221	
3912	0	40352	
3913	0	40327	
3914	0	34631	
3915	0	32036	
3916	0	30560	
3917	0	30182	
3918	0	31581	
3919	0	35301	
3920	0	39544	
3921	0	38857	
3922	0	34592	
3923	0	37444	
3924	0	33656	
3925	0	20550	
3926	0	21184	
3927	0	25756	
3928	0	21217	
3929	0	16884	
3930	0	20404	
3931	0	28384	
3932	0	39968	
3933	0	48556	
3934	0	46471	
3935	0	36826	
3936	0	32410	
3937	0	32892	
3938	0	35927	
3939	0	38176	
3940	0	31352	
3941	0	30073	
3942	0	32550	
3943	0	30402	
3944	0	24624	
3945	0	26856	
3946	0	42298	
3947	0	49114	
3948	0	51706	
3949	0	44090	
3950	0	30150	
3951	0	23110	
3952	0	25418	
3953	0	24130	
3954	0	29216	
3955	0	34492	
3956	0	26616	
3957	0	24054	
3958	0	24217	
3959	0	20161	
3960	0	25552	
3961	0	32030	
3962	0	37498	
3963	0	41984	
3964	0	43868	
3965	0	42696	
3966	0	35409	
3967	0	32191	
3968	0	32186	
3969	0	33604	
3970	0	34311	
3971	0	34110	
3972	0	33335	
3973	0	33572	
3974	0	34247	
3975	0	30983	
3976	0	34535	
3977	0	37165	
3978	0	35613	
3979	0	28914	
3980	0	27990	
3981	0	27844	
3982	0	28793	
3983	0	30634	
3984	0	33260	
3985	0	32796	
3986	0	34549	
3987	0	36912	
3988	0	35206	
3989	0	29566	
3990	0	26375	
3991	0	27434	
3992	0	30156	
3993	0	34718	
3994	0	37289	
3995	0	36429	
3996	0	38109	
3997	0	38983	
3998	0	35278	
3999	0	31414	
4000	0	19762	
4001	0	20574	
4002	0	33602	
4003	0	40820	
4004	0	47832	
4005	0	48637	
4006	0	44615	
4007	0	35796	
4008	0	23869	
4009	0	20101	
4010	0	23272	
4011	0	27789	
4012	0	27096	
4013	0	37170	
4014	0	40454	
4015	0	36070	
4016	0	24302	
4017	0	14698	
4018	0	18288	
4019	0	34804	
4020	0	44231	
4021	0	43103	
4022	0	37070	
4023	0	31180	
4024	0	26670	
4025	0	24654	
4026	0	24745	
4027	0	27558	
4028	0	31971	
4029	0	34328	
4030	0	34728	
4031	0	35044	
4032	0	35629	
4033	0	36405	
4034	0	37351	
4035	0	37672	
4036	0	37665	
4037	0	37408	
4038	0	35222	
4039	0	30756	
4040	0	29847	
4041	0	33144	
4042	0	33415	
4043	0	32801	
4044	0	33744	
4045	0	34272	
4046	0	33364	
4047	0	32099	
4048	0	32293	
4049	0	32903	
4050	0	32828	
4051	0	32473	
4052	0	32588	
4053	0	32619	
4054	0	32805	
4055	0	32720	
4056	0	32817	
4057	0	32418	
4058	0	32376	
4059	0	32786	
4060	0	33030	
4061	0	32997	
4062	0	32979	
4063	0	32858	
4064	0	32551	
4065	0	32470	
4066	0	32228	
4067	0	32167	
4068	0	32371	
4069	0	32511	
4070	0	32573	
4071	0	32851	
4072	0	33466	
4073	0	33565	
4074	0	34132	
4075	0	37072	
4076	0	36991	
4077	0	35579	
4078	0	34112	
4079	0	29345	
4080	0	24088	
4081	0	26789	
4082	0	31916	
4083	0	30079	
4084	0	26112	
4085	0	27304	
4086	0	31792	
4087	0	35742	
4088	0	37430	
4089	0	36792	
4090	0	35024	
4091	0	32775	
4092	0	32989	
4093	0	37097	
4094	0	42180	
4095	0	45224	
4096	0	42790	
4097	0	36208	
4098	0	18151	
4099	0	16208	
4100	0	17542	
4101	0	15047	
4102	0	26948	
4103	0	37984	
4104	0	42028	
4105	0	40643	
4106	0	37103	
4107	0	33602	
4108	0	31307	
4109	0	30980	
4110	0	33405	
4111	0	34356	
4112	0	34405	
4113	0	34455	
4114	0	34297	
4115	0	34221	
4116	0	34626	
4117	0	34236	
4118	0	33924	
4119	0	33572	
4120	0	31170	
4121	0	30942	
4122	0	31687	
4123	0	32210	
4124	0	32987	
4125	0	33230	
4126	0	33044	
4127	0	32056	
4128	0	31335	
4129	0	32503	
4130	0	33110	
4131	0	33340	
4132	0	33766	
4133	0	33658	
4134	0	33103	
4135	0	32728	
4136	0	32167	
4137	0	32999	
4138	0	33452	
4139	0	33505	
4140	0	31931	
4141	0	31967	
4142	0	33069	
4143	0	32844	
4144	0	32986	
4145	0	32971	
4146	0	32823	
4147	0	32668	
4148	0	32366	
4149	0	32286	
4150	0	32156	
4151	0	32154	
4152	0	32430	
4153	0	32623	
4154	0	32704	
4155	0	32791	
4156	0	32688	
4157	0	32822	
4158	0	32815	
4159	0	33050	
4160	0	33072	
4161	0	33039	
4162	0	33083	
4163	0	33118	
4164	0	32613	
4165	0	32399	
4166	0	32284	
4167	0	32199	
4168	0	32471	
4169	0	32612	
4170	0	32583	
4171	0	32614	
4172	0	32700	
4173	0	32686	
4174	0	32687	
4175	0	32807	
4176	0	32921	
4177	0	32939	
4178	0	32865	
4179	0	32758	
4180	0	32812	
4181	0	32982	
4182	0	32722	
4183	0	32641	
4184	0	32902	
4185	0	33088	
4186	0	33165	
4187	0	33127	
4188	0	32619	
4189	0	32380	
4190	0	32360	
4191	0	32498	
4192	0	32710	
4193	0	32898	
4194	0	32774	
4195	0	32592	
4196	0	32581	
4197	0	32615	
4198	0	32756	
4199	0	32969	
4200	0	32947	
4201	0	33274	
4202	0	33796	
4203	0	34370	
4204	0	34695	
4205	0	33795	
4206	0	31972	
4207	0	30193	
4208	0	29242	
4209	0	29981	
4210	0	31329	
4211	0	32856	
4212	0	33722	
4213	0	34186	
4214	0	33508	
4215	0	32832	
4216	0	32735	
4217	0	34332	
4218	0	36075	
4219	0	35837	
4220	0	34892	
4221	0	32413	
4222	0	28814	
4223	0	26631	
4224	0	28822	
4225	0	32500	
4226	0	32785	
4227	0	32471	
4228	0	33278	
4229	0	34052	
4230	0	33830	
4231	0	33509	
4232	0	33332	
4233	0	33159	
4234	0	33023	
4235	0	33065	
4236	0	33103	
4237	0	33024	
4238	0	33028	
4239	0	33057	
4240	0	33005	
4241	0	32874	
4242	0	32869	
4243	0	32849	
4244	0	32807	
4245	0	32775	
4246	0	32833	
4247	0	32806	
4248	0	32727	
4249	0	32708	
4250	0	32652	
4251	0	32650	
4252	0	32681	
4253	0	32730	
4254	0	32657	
4255	0	32640	
4256	0	32676	
4257	0	32744	
4258	0	32761	
4259	0	32802	
4260	0	32898	
4261	0	32920	
4262	0	32758	
4263	0	32809	
4264	0	32848	
4265	0	32536	
4266	0	32308	
4267	0	32494	
4268	0	32767	
4269	0	32618	
4270	0	32511	
4271	0	32714	
4272	0	32780	
4273	0	32739	
4274	0	32728	
4275	0	32775	
4276	0	32654	
4277	0	32862	
4278	0	32919	
4279	0	32902	
4280	0	32845	
4281	0	32826	
4282	0	32838	
4283	0	32860	
4284	0	32823	
4285	0	32827	
4286	0	32788	
4287	0	32758	
4288	0	32701	
4289	0	32608	
4290	0	32741	
4291	0	32728	
4292	0	32691	
4293	0	32671	
4294	0	32736	
4295	0	32689	
4296	0	32687	
4297	0	32799	
4298	0	32860	
4299	0	32774	
4300	0	32716	
4301	0	32632	
4302	0	32372	
4303	0	32527	
4304	0	32768	
4305	0	32836	
4306	0	32763	
4307	0	32746	
4308	0	32763	
4309	0	32758	
4310	0	32582	
4311	0	32632	
4312	0	32956	
4313	0	32895	
4314	0	32868	
4315	0	32946	
4316	0	32950	
4317	0	32798	
4318	0	32807	
4319	0	32759	
4320	0	32641	
4321	0	32429	
4322	0	32477	
4323	0	32609	
4324	0	32773	
4325	0	32720	
4326	0	32746	
4327	0	32790	
4328	0	32692	
4329	0	32723	
4330	0	32700	
4331	0	32669	
4332	0	32775	
4333	0	32818	
4334	0	32965	
4335	0	32918	
4336	0	32790	
4337	0	32814	
4338	0	32880	
4339	0	32851	
4340	0	32844	
4341	0	32871	
4342	0	32889	
4343	0	32771	
4344	0	32811	
4345	0	32835	
4346	0	32966	
4347	0	32857	
4348	0	32735	
4349	0	32735	
4350	0	32760	
4351	0	32775	
4352	0	32741	
4353	0	32724	
4354	0	32678	
4355	0	32721	
4356	0	32711	
4357	0	32786	
4358	0	32752	
4359	0	32764	
4360	0	32802	
4361	0	32885	
4362	0	32758	
4363	0	32698	
4364	0	32879	
4365	0	32869	
4366	0	32839	
4367	0	32653	
4368	0	32454	
4369	0	32452	
4370	0	32494	
4371	0	32599	
4372	0	32754	
4373	0	32873	
4374	0	32817	
4375	0	32806	
4376	0	32744	
4377	0	32734	
4378	0	32742	
4379	0	32748	
4380	0	32788	
4381	0	32709	
4382	0	32741	
4383	0	32696	
4384	0	32695	
4385	0	32660	
4386	0	32770	
4387	0	32734	
4388	0	32828	
4389	0	32775	
4390	0	32768	
4391	0	32702	
4392	0	32658	
4393	0	32708	
4394	0	32692	
4395	0	32691	
4396	0	32680	
4397	0	32720	
4398	0	32742	
4399	0	32757	
4400	0	32724	
4401	0	32762	
4402	0	32837	
4403	0	32828	
4404	0	32804	
4405	0	32773	
4406	0	32743	
4407	0	32764	
4408	0	32796	
4409	0	32880	
4410	0	32851	
4411	0	32706	
4412	0	32646	
4413	0	32703	
4414	0	32758	
4415	0	32731	
4416	0	32754	
4417	0	32727	
4418	0	32715	
4419	0	32760	
4420	0	32730	
4421	0	32739	
4422	0	32745	
4423	0	32745	
4424	0	32775	
4425	0	32901	
4426	0	32798	
4427	0	32734	
4428	0	32699	
4429	0	32711	
4430	0	32724	
4431	0	32711	
4432	0	32725	
4433	0	32709	
4434	0	32657	
4435	0	32676	
4436	0	32823	
4437	0	32875	
4438	0	32630	
4439	0	32716	
4440	0	32760	
4441	0	32791	
4442	0	32797	
4443	0	32791	
4444	0	32740	
4445	0	32813	
4446	0	32755	
4447	0	32736	
4448	0	32706	
4449	0	32758	
4450	0	32826	
4451	0	32760	
4452	0	32758	
4453	0	32751	
4454	0	32701	
4455	0	32743	
4456	0	32692	
4457	0	32683	
4458	0	32688	
4459	0	32794	
4460	0	32797	
4461	0	32788	
4462	0	32826	
4463	0	32800	
4464	0	32760	
4465	0	32756	
4466	0	32725	
4467	0	32734	
4468	0	32699	
4469	0	32690	
4470	0	32687	
4471	0	32684	
4472	0	32797	
4473	0	32742	
4474	0	32678	
4475	0	32676	
4476	0	32737	
4477	0	32711	
4478	0	32768	
4479	0	32972	
4480	0	33098	
4481	0	32899	
4482	0	32796	
4483	0	32745	
4484	0	32684	
4485	0	32667	
4486	0	32731	
4487	0	32728	
4488	0	32735	
4489	0	32801	
4490	0	32692	
4491	0	32647	
4492	0	32786	
4493	0	32775	
4494	0	32716	
4495	0	32715	
4496	0	32720	
4497	0	32799	
4498	0	32787	
4499	0	32790	
4500	0	32728	
4501	0	32765	
4502	0	32696	
4503	0	32709	
4504	0	32740	
4505	0	32755	
4506	0	32775	
4507	0	32814	
4508	0	32815	
4509	0	32711	
4510	0	32695	
4511	0	32679	
4512	0	32691	
4513	0	32738	
4514	0	32796	
4515	0	32815	
4516	0	32761	
4517	0	32771	
4518	0	32747	
4519	0	32738	
4520	0	32738	
4521	0	32792	
4522	0	32756	
4523	0	32706	
4524	0	32828	
4525	0	32863	
4526	0	32867	
4527	0	32808	
4528	0	32844	
4529	0	32775	
4530	0	32775	
4531	0	32738	
4532	0	32705	
4533	0	32824	
4534	0	32796	
4535	0	32614	
4536	0	32546	
4537	0	32588	
4538	0	32724	
4539	0	32728	
4540	0	32756	
4541	0	32705	
4542	0	32711	
4543	0	32805	
4544	0	32823	
4545	0	32838	
4546	0	32694	
4547	0	32589	
4548	0	32622	
4549	0	32716	
4550	0	32825	
4551	0	32909	
4552	0	32836	
4553	0	32758	
4554	0	32768	
4555	0	32711	
4556	0	32736	
4557	0	32733	
4558	0	32765	
4559	0	32725	
4560	0	32749	
4561	0	32728	
4562	0	32769	
4563	0	32775	
4564	0	32753	
4565	0	32696	
4566	0	32669	
4567	0	32758	
4568	0	32751	
4569	0	32729	
4570	0	32720	
4571	0	32759	
4572	0	32814	
4573	0	32704	
4574	0	32745	
4575	0	32823	
4576	0	32774	
4577	0	32787	
4578	0	32748	
4579	0	32699	
4580	0	32788	
4581	0	32880	
4582	0	32784	
4583	0	32743	
4584	0	32727	
4585	0	32738	
4586	0	32699	
4587	0	32719	
4588	0	32747	
4589	0	32730	
4590	0	32767	
4591	0	32682	
4592	0	32741	
4593	0	32792	
4594	0	32844	
4595	0	32771	
4596	0	32772	
4597	0	32754	
4598	0	32772	
4599	0	32782	
4600	0	32676	
4601	0	32673	
4602	0	32656	
4603	0	32733	
4604	0	32711	
4605	0	32709	
4606	0	32716	
4607	0	32726	
4608	0	32796	
4609	0	32799	
4610	0	32759	
4611	0	32693	
4612	0	32694	
4613	0	32699	
4614	0	32729	
4615	0	32775	
4616	0	32805	
4617	0	32791	
4618	0	32744	
4619	0	32726	
4620	0	32696	
4621	0	32775	
4622	0	32754	
4623	0	32752	
4624	0	32792	
4625	0	32725	
4626	0	32767	
4627	0	32760	
4628	0	32728	
4629	0	32701	
4630	0	32712	
4631	0	32720	
4632	0	32775	
4633	0	32876	
4634	0	32793	
4635	0	32839	
4636	0	32925	
4637	0	32784	
4638	0	32799	
4639	0	32758	
4640	0	32684	
4641	0	32681	
4642	0	32652	
4643	0	32647	
4644	0	32594	
4645	0	32668	
4646	0	32699	
4647	0	32864	
4648	0	32745	
4649	0	32727	
4650	0	32711	
4651	0	32732	
4652	0	32775	
4653	0	32810	
4654	0	32724	
4655	0	32737	
4656	0	32771	
4657	0	32788	
4658	0	32746	
4659	0	32763	
4660	0	32745	
4661	0	32799	
4662	0	32750	
4663	0	32736	
4664	0	32729	
4665	0	32788	
4666	0	32743	
4667	0	32711	
4668	0	32719	
4669	0	32724	
4670	0	32758	
4671	0	32767	
4672	0	32784	
4673	0	32736	
4674	0	32760	
4675	0	32787	
4676	0	32798	
4677	0	32775	
4678	0	32764	
4679	0	32699	
4680	0	32760	
4681	0	32662	
4682	0	32680	
4683	0	32673	
4684	0	32634	
4685	0	32710	
4686	0	32932	
4687	0	32886	
4688	0	32782	
4689	0	32686	
4690	0	32737	
4691	0	32722	
4692	0	32738	
4693	0	32788	
4694	0	32758	
4695	0	32761	
4696	0	32795	
4697	0	32740	
4698	0	32711	
4699	0	32706	
4700	0	32732	
4701	0	32743	
4702	0	32697	
4703	0	32745	
4704	0	32770	
4705	0	32736	
4706	0	32775	
4707	0	32786	
4708	0	32790	
4709	0	32856	
4710	0	32752	
4711	0	32782	
4712	0	32666	
4713	0	32710	
4714	0	32762	
4715	0	32740	
4716	0	32765	
4717	0	32806	
4718	0	32672	
4719	0	32722	
4720	0	32809	
4721	0	32775	
4722	0	32747	
4723	0	32743	
4724	0	32711	
4725	0	32753	
4726	0	32771	
4727	0	32739	
4728	0	32743	
4729	0	32747	
4730	0	32775	
4731	0	32702	
4732	0	32719	
4733	0	32695	
4734	0	32738	
4735	0	32679	
4736	0	32828	
4737	0	32736	
4738	0	32759	
4739	0	32770	
4740	0	32749	
4741	0	32726	
4742	0	32831	
4743	0	32935	
4744	0	32836	
4745	0	32852	
4746	0	32753	
4747	0	32729	
4748	0	32671	
4749	0	32711	
4750	0	32716	
4751	0	32626	
4752	0	32657	
4753	0	32766	
4754	0	32741	
4755	0	32743	
4756	0	32792	
4757	0	32733	
4758	0	32735	
4759	0	32839	
4760	0	32828	
4761	0	32749	
4762	0	32813	
4763	0	32775	
4764	0	32640	
4765	0	32687	
4766	0	32766	
4767	0	32834	
4768	0	32799	
4769	0	32769	
4770	0	32728	
4771	0	32757	
4772	0	32770	
4773	0	32705	
4774	0	32775	
4775	0	32769	
4776	0	32701	
4777	0	32717	
4778	0	32740	
4779	0	32722	
4780	0	32738	
4781	0	32743	
4782	0	32728	
4783	0	32852	
4784	0	32838	
4785	0	32789	
4786	0	32770	
4787	0	32726	
4788	0	32646	
4789	0	32613	
4790	0	32678	
4791	0	32757	
4792	0	32807	
4793	0	32716	
4794	0	32667	
4795	0	32726	
4796	0	32775	
4797	0	32804	
4798	0	32767	
4799	0	32831	
4800	0	32805	
4801	0	32782	
4802	0	32738	
4803	0	32666	
4804	0	32694	
4805	0	32772	
4806	0	32825	
4807	0	32772	
4808	0	32718	
4809	0	32728	
4810	0	32775	
4811	0	32765	
4812	0	32730	
4813	0	32703	
4814	0	32728	
4815	0	32766	
4816	0	32756	
4817	0	32775	
4818	0	32775	
4819	0	32728	
4820	0	32646	
4821	0	32636	
4822	0	32676	
4823	0	32767	
4824	0	32746	
4825	0	32741	
4826	0	32769	
4827	0	32767	
4828	0	32763	
4829	0	32792	
4830	0	32787	
4831	0	32789	
4832	0	32773	
4833	0	32758	
4834	0	32839	
4835	0	32766	
4836	0	32722	
4837	0	32706	
4838	0	32699	
4839	0	32786	
4840	0	32793	
4841	0	32738	
4842	0	32766	
4843	0	32809	
4844	0	32749	
4845	0	32823	
4846	0	32670	
4847	0	32647	
4848	0	32576	
4849	0	32574	
4850	0	32716	
4851	0	32967	
4852	0	32903	
4853	0	32792	
4854	0	32845	
4855	0	32871	
4856	0	32774	
4857	0	32760	
4858	0	32722	
4859	0	32773	
4860	0	32740	
4861	0	32720	
4862	0	32752	
4863	0	32727	
4864	0	32759	
4865	0	32730	
4866	0	32755	
4867	0	32780	
4868	0	32767	
4869	0	32711	
4870	0	32806	
4871	0	32792	
4872	0	32774	
4873	0	32773	
4874	0	32751	
4875	0	32791	
4876	0	32775	
4877	0	32765	
4878	0	32759	
4879	0	32794	
4880	0	32692	
4881	0	32662	
4882	0	32702	
4883	0	32737	
4884	0	32684	
4885	0	32696	
4886	0	32815	
4887	0	32797	
4888	0	32773	
4889	0	32663	
4890	0	32647	
4891	0	32662	
4892	0	32748	
4893	0	32786	
4894	0	32760	
4895	0	32795	
4896	0	32813	
4897	0	32794	
4898	0	32842	
4899	0	32791	
4900	0	32679	
4901	0	32699	
4902	0	32684	
4903	0	32688	
4904	0	32820	
4905	0	32830	
4906	0	32771	
4907	0	32836	
4908	0	32799	
4909	0	32698	
4910	0	32711	
4911	0	32723	
4912	0	32752	
4913	0	32745	
4914	0	32748	
4915	0	32798	
4916	0	32813	
4917	0	32751	
4918	0	32711	
4919	0	32680	
4920	0	32722	
4921	0	32726	
4922	0	32775	
4923	0	32734	
4924	0	32711	
4925	0	32724	
4926	0	32710	
4927	0	32807	
4928	0	32816	
4929	0	32678	
4930	0	32804	
4931	0	32790	
4932	0	32754	
4933	0	32818	
4934	0	32758	
4935	0	32701	
4936	0	32698	
4937	0	32707	
4938	0	32717	
4939	0	32807	
4940	0	32728	
4941	0	32771	
4942	0	32666	
4943	0	32736	
4944	0	32748	
4945	0	32839	
4946	0	32814	
4947	0	32752	
4948	0	32725	
4949	0	32760	
